4.392803512085996509e-02 -1.153113626043778650e+00 4.103880740069280608e-01
2.471229694670229460e-02 -1.193429881821780114e+00 3.949715468861350054e-01
-2.513019869690769070e-03 -1.183582665242866261e+00 3.799151223998631366e-01
1.182729580717178930e-02 -1.377017760005537550e+00 2.236240643411668561e-01
-1.836998600333439313e-02 -1.561019207336225234e+00 1.658865775173296309e-01
3.446708001719978043e-03 -1.670717066482223956e+00 6.484699839355662077e-02
-1.011237367618544880e-04 -1.846011443204478963e+00 -4.942196956693842985e-02
1.999416680523991019e-02 -2.056099486310302815e+00 -1.748271677337030483e-01
-6.979674562029858365e-03 -2.298242503230073730e+00 -3.060418033587594122e-01
-7.179547685373321997e-03 -2.535419710479771105e+00 -3.772510272172635570e-01
2.735521649518513065e-03 -2.780697070560173234e+00 -4.914561652617881471e-01
3.463438627374748613e-03 -3.016231090581514618e+00 -5.962947485210320364e-01
6.783016202990266308e-04 -3.219232930126704861e+00 -6.803430213297149143e-01
1.193325474150741528e-03 -3.385961053135204679e+00 -7.597338241313568163e-01
-3.792342892469324767e-03 -3.524341942948100659e+00 -8.085196711617156362e-01
6.131728873122521684e-03 -3.659287528646473220e+00 -8.442611888351488902e-01
1.146981588469142554e-02 -3.743469454035211808e+00 -8.951327823501206149e-01
6.231893096348750660e-03 -3.791092448190185316e+00 -9.185354171161442816e-01
2.987459312322249261e-03 -3.857893094079078988e+00 -9.272882663010009185e-01
1.771179833012270777e-02 -3.898388829679134915e+00 -9.594567847655693926e-01
1.018072737929953675e-02 -3.942573122922826023e+00 -1.012592630337683541e+00
-7.387375854748690074e-03 -3.981875207119466520e+00 -1.025538382869915166e+00
2.244166265160663087e-04 -3.940773887516471063e+00 -1.089813661676760859e+00
-5.474442242724641972e-03 -3.942735585354611327e+00 -1.394841773669522889e+00
-3.329253961741973633e-02 -4.116503988774759648e+00 -2.217945138309381115e+00
7.742895310412833965e-03 -1.020256697903509568e+01 -4.915403974924555719e+00
