-1.781704505045036413e-01 -2.497715126799419649e-01 1.048729849781314949e-01
6.629725417237863905e-02 -5.312556488522792719e-01 1.292119893264291886e-01
-3.270140398561927064e-02 -1.028638148063251601e+00 -5.306531685132270110e-02
-6.627111583394706962e-02 -1.472358026648533436e+00 1.186378005177310749e-02
-1.353377573364289432e-03 -1.809647645509008917e+00 1.564795410540043286e-01
2.364781483833822140e-02 -1.995686514235800013e+00 5.276970356600269463e-04
-2.144843028746867830e-02 -2.152602342973351846e+00 -1.740663782045689945e-01
-1.257809294302747460e-02 -2.307435195130064898e+00 -1.796795070661864613e-01
2.789234438916421421e-02 -2.418691943407278888e+00 -2.585962603098620471e-01
1.749811057580497042e-02 -2.497486313333562080e+00 -4.015065383156413148e-01
2.944585800189192248e-03 -2.596132649483145816e+00 -4.680554801258358100e-01
-1.995640747278870641e-02 -2.655907101886894051e+00 -4.823260538975172040e-01
-2.275343625043113605e-03 -2.779384061895441960e+00 -4.631706498350149914e-01
-4.491336704863790885e-03 -2.886078960686902839e+00 -3.752718973104720024e-01
7.291519431545934182e-03 -2.708878612897397620e+00 -5.426719184263613105e-01
-7.678504198415536663e-03 -2.382271537330508338e+00 -8.944518250028429263e-01
-4.109659762354223034e-03 -2.448150235026983701e+00 -9.113305286433487362e-01
-8.293933323078483966e-03 -2.831073992001569728e+00 -8.583584235407668572e-01
-1.264759179542895851e-02 -2.912279691669054316e+00 -1.141669300785825403e+00
2.733516147258985285e-02 -2.475408893251727083e+00 -9.975893849763340926e-01
4.381850119936725463e-02 -2.354046711759274935e+00 1.333067251431968858e-01
1.484333726537730991e-01 -2.773487197877112287e+00 1.038339536543802843e+00
4.005522739316335068e-01 -2.955920577743994304e+00 1.325755136248633059e+00
7.267666312014553487e-01 -2.954181762128379241e+00 1.609767196047444227e+00
8.832477534634241012e-01 -3.039699384566750151e+00 1.731620572813554970e+00
9.470389911079273304e-01 -3.291668427044418532e+00 1.733405760603729640e+00
