-4.132441276724696522e-02 -1.034645188229524670e+00 3.648117935857111971e-01
2.488527437785958973e-02 -1.104907656969611240e+00 5.327150509895167696e-01
2.415593582093489289e-02 -1.325365896853833547e+00 3.302031309117968161e-01
-1.782334278331032529e-02 -1.373872756634875847e+00 3.264989014150431745e-01
-1.470899001925674021e-02 -1.494694008030776455e+00 2.686312385255905100e-01
-1.090931940157946478e-02 -1.679053870607967403e+00 1.676970915814956220e-01
1.680874427272782690e-02 -1.836671952586126144e+00 7.183834583584054745e-02
6.773086092773883404e-02 -2.054513277796703008e+00 3.758345101811041977e-02
2.273299632849983265e-01 -2.293645020153119773e+00 -6.190124648854299257e-03
4.278109558718572458e-01 -2.524148111555627683e+00 -1.542881507468472913e-01
6.227666192199491357e-01 -2.786757142459047820e+00 -3.281459150248075551e-01
7.736321395505306731e-01 -3.007252110596120076e+00 -5.059812527766296419e-01
8.726452291609229084e-01 -3.193166671093000897e+00 -6.510716703535940342e-01
9.321244517052384992e-01 -3.388154386823631903e+00 -7.571604935558462479e-01
9.642813800414801184e-01 -3.541873675478330874e+00 -8.400774191845402639e-01
9.817529362636739920e-01 -3.652746313491610941e+00 -8.866228203616390857e-01
9.908004948120828770e-01 -3.736819417381296304e+00 -9.189661617780094938e-01
9.952853088690772898e-01 -3.800818550444809762e+00 -9.409003014141604782e-01
9.970916215353767820e-01 -3.852519486609874200e+00 -9.516163589586315030e-01
9.975388178605850698e-01 -3.918686912424525381e+00 -9.604567857011412357e-01
9.972512518512161028e-01 -3.931579210023469884e+00 -9.808572487556095343e-01
9.965736987961738569e-01 -3.938460191158160928e+00 -9.972656755941720075e-01
9.953308315401292461e-01 -3.951614457154047244e+00 -1.018889194157927669e+00
9.936428786008048020e-01 -3.992970233739035812e+00 -1.001346561366748267e+00
9.911963879741325645e-01 -4.010958236481172001e+00 -9.737238382551819393e-01
9.876702698861145047e-01 -3.920566900914659758e+00 -9.648559409273002041e-01
