1.276865914850928707e-01 -3.718716231357754864e-01 4.129549984541303620e-01
1.400439628361299649e-01 -3.836687143293396884e-01 8.594936715839550032e-03
5.485787133641117919e-03 -8.157957270613775957e-01 -9.423005404404276308e-02
8.287673075364299091e-02 -1.329437175412790273e+00 2.337916471175024435e-01
1.211698328032712046e-01 -1.682888520845702063e+00 2.098428802262719550e-01
1.066089987953497964e-01 -1.966436592652524684e+00 8.740328128482040271e-02
1.059857171179086066e-01 -2.056378786625884914e+00 5.971698281262460828e-02
1.681625235143584529e-01 -2.119870885826456774e+00 -4.368827397675445479e-02
1.753078426834776549e-01 -2.221801881811954704e+00 -1.755653991217682175e-01
1.945190566700280010e-01 -2.338467390029965287e+00 -2.350378898839127761e-01
2.397570951335232792e-01 -2.467086436872783395e+00 -3.055716109810532877e-01
2.805897425857353245e-01 -2.632866051490781789e+00 -4.036294885327472159e-01
3.431159476636289618e-01 -2.896163875712618019e+00 -4.252950957126595544e-01
3.981638538463627697e-01 -3.011949240952517037e+00 -3.967514802158299547e-01
4.267833908167752988e-01 -2.916187721898907625e+00 -5.806599362499662575e-01
4.361061467818102555e-01 -2.760286295786228639e+00 -9.011224828091572991e-01
4.073308652779190631e-01 -2.706395684162484105e+00 -1.111695178322348543e+00
3.649290451650063494e-01 -2.979283534141554668e+00 -9.896448688450906195e-01
3.702822595973137565e-01 -3.274017704553285668e+00 -1.070825494018486257e+00
5.491742318880106222e-01 -2.696166812945162583e+00 -5.179393054658917306e-01
7.944807390465614683e-01 -2.181719932081580549e+00 1.247832042175315514e+00
9.159053194430036848e-01 -2.560279705175511289e+00 1.732904288565067841e+00
9.597837464278025088e-01 -2.817584876640400360e+00 8.501855394545753120e-01
9.805437531484508806e-01 -2.794486269260474387e+00 7.624231597766972790e-01
9.911617322936574492e-01 -2.847103607466429320e+00 1.115655999996093328e+00
9.958002851608596107e-01 -2.990950542997938388e+00 1.250331186904539704e+00
