-1.188666512399836117e+00 -1.614418121184990618e-02 -1.381757231738652170e+00 2.246734198578402009e-01 3.978124724494086495e-02 6.476397367761962953e-02 6.608388159010145091e-02
-9.887155598124067746e-01 -3.393401701018559091e-01 -1.584497021065879752e+00 6.404728227509269844e-01 -7.731536196337805179e-03 1.026323894686307497e-01 8.532065153121948242e-02
-7.887646072249772100e-01 -7.110745447173050238e-03 -1.434958928923018018e+00 1.595314209474001099e-01 8.139853097178453498e-03 1.626430061329100507e-01 1.191850673932970672e-01
-5.888136546375477565e-01 -2.074624067237633707e-01 -1.645257543337226513e+00 -2.996518662669192621e-03 -9.572957441260252290e-03 2.577426831910115679e-01 9.882141822992369928e-02
-3.888627020501183029e-01 5.468949084476260047e-02 -1.841227750564771171e+00 2.178946043632184748e-01 1.368229452487641773e-02 4.084484929171515732e-01 1.188566629865528135e-01
-1.889117494626889049e-01 1.384256732414059776e-01 -2.140063493075770040e+00 1.687592957140928579e-02 8.723423926144804191e-03 6.472741313190084611e-01 1.207779210321135860e-01
1.103920312474056600e-02 3.722460020098242728e-01 -2.539102809723549736e+00 -1.455085284993315187e-01 7.978031378879211002e-03 1.025744514522565209e+00 1.207180604888768993e-01
2.109901557121700300e-01 5.681798272257693183e-01 -2.864072509735044569e+00 -3.879666783731287594e-01 -5.339909886670434445e-03 1.625511909349859341e+00 1.056327076329999087e-01
4.109411082995995113e-01 7.814843240074076380e-01 -3.102448495536353157e+00 -6.496061324128346026e-01 -7.006799195373362640e-03 2.575971823420458495e+00 8.445466341445534431e-02
6.108920608870288538e-01 8.881204618365776682e-01 -3.421641091966734827e+00 -9.217249256627335630e-01 1.369123128925556036e-02 4.082179156540360232e+00 5.807907381010605358e-02
8.108430134744583073e-01 9.512657818364582685e-01 -3.615831931391722875e+00 -9.493305414882040605e-01 -1.253015761086736547e-02 6.469087322533415119e+00 3.614299033529325134e-02
1.010793966061887872e+00 9.804975026869995336e-01 -3.751625387308047177e+00 -1.188405050189423884e+00 1.362586056026907251e-02 1.025165461430399283e+01 2.423151622489851803e-02
1.210744918649317325e+00 9.914741907784602182e-01 -3.801177829211499049e+00 -1.605656772678767163e+00 -2.928783496220906720e-03 1.624594275685593558e+01 1.209981242815653425e-02
1.410695871236746557e+00 9.966593226958547769e-01 -3.864916515244893880e+00 -1.032408094460489201e+00 -4.714248397133567227e-03 2.574517636311907509e+01 5.524276242111668227e-03
1.610646823824176233e+00 9.986712238344372938e-01 -4.444545869514583636e+00 -1.701167188462911151e+00 -3.469149912557294418e-03 4.079874685563520842e+01 4.676454078217255617e-03
