-1.087691998831055384e+00 -1.409338302841585122e-01 -1.386631014518236560e+00 6.113306489227648965e-01 2.015139927735199940e-02 8.171616960822593312e-02 8.044111406480944360e-02
-8.257872369262934109e-01 -4.560885111904267042e-02 -1.565176229621249249e+00 1.680181458237736680e-01 7.025808584494668517e-03 1.493525916316219004e-01 1.151591233216999605e-01
-5.638824750215315484e-01 -1.772233791293535976e-01 -1.684960197028371631e+00 2.560869322470739340e-02 1.103109078026279742e-02 2.729716374865001627e-01 9.851164736990201953e-02
-3.019777131167696860e-01 4.726822144430242734e-02 -1.927524813696790185e+00 1.851034992459126838e-01 7.378469960073407406e-03 4.989100895942188418e-01 1.187715508964624356e-01
-4.007295121200771942e-02 3.221389568226503686e-01 -2.427641230250473736e+00 -9.521040244074630010e-02 1.405891702719236011e-02 9.118576559486750721e-01 1.231534428701191453e-01
2.218318106927542055e-01 5.798770686493294191e-01 -2.855022857646937418e+00 -4.069557958547406762e-01 -9.424926732008459193e-03 1.666601662412735996e+00 1.058864313962091241e-01
4.837365725975161235e-01 8.101484340157064645e-01 -3.232771939124280625e+00 -7.338027349504954167e-01 3.119952452249366917e-03 3.046046806798136330e+00 7.538401001658519285e-02
7.456413345022779859e-01 9.321080682422706598e-01 -3.527406144804190902e+00 -9.033973951650309253e-01 -6.533291090780229786e-03 5.567257826787955111e+00 4.369859268416220049e-02
1.007546096407039737e+00 9.782678391642595228e-01 -3.718337802306720619e+00 -1.181817069958831956e+00 7.355530553729222078e-03 1.017527361718764034e+01 2.535543562490728473e-02
1.269450858311801600e+00 9.923367995100171868e-01 -3.808847001882970762e+00 -1.413667511645154029e+00 -1.380667618825925968e-03 1.859734116973173812e+01 1.050558918756796037e-02
1.531355620216563906e+00 9.979675316883628300e-01 -4.183969741225739725e+00 -1.405210092353399443e+00 -6.280899713825247553e-03 3.399034872135383978e+01 4.608701394256933294e-03
