-1.334896435250783275e+00 5.457220338822650341e-01 -3.119124156856959429e-01 8.487755262371796672e-01 -1.398992091417312622e-01 4.624912969994000866e-02 6.928136944770812988e-02
-1.227053297995881254e+00 -7.739055209357004195e-02 -1.604315474648812412e+00 4.573323143069398244e-01 -5.945230275392532696e-03 5.928525633689527702e-02 4.692417085170746266e-02
-1.119210160740979454e+00 4.923175638686005939e-02 -1.658013247379781729e+00 1.348431917756709231e+00 6.320472301975373075e-02 7.599584341877764493e-02 8.694743341015230553e-02
-1.011367023486077432e+00 -2.750421995234120232e-01 -1.816463839975579919e+00 5.365684854862741160e-01 -3.206595935319599133e-02 9.741660193070904306e-02 9.167161113337465861e-02
-9.035238862311754104e-01 6.882510716541045959e-02 -1.187925174458264177e+00 2.369636656892028514e-01 1.070623506199229816e-02 1.248751761255058879e-01 1.134977427395907207e-01
-7.956807489762734997e-01 -3.285807499716271174e-01 -1.443145709265198029e+00 -1.451610245242445640e-01 -7.648659141167349872e-03 1.600734300244608110e-01 1.031204202900762174e-01
-6.878376117213715890e-01 1.117122318499674805e-02 -1.777506452713551788e+00 -1.388200421440157206e-01 -1.086809069423352175e-02 2.051929278085104502e-01 1.056034201282565893e-01
-5.799944744664694563e-01 -2.280872251625218894e-01 -1.683288229579522621e+00 1.392413004036904128e-02 -1.212497197446368814e-03 2.630301457037227397e-01 9.625052270435151269e-02
-4.721513372115674345e-01 -1.101881777651214644e-01 -1.544914496125334491e+00 5.871332028860766217e-01 4.006038091878975221e-02 3.371697957031253301e-01 1.063362222857179851e-01
-3.643081999566656348e-01 1.005374035183117520e-01 -1.752847095741154382e+00 9.270497559520200770e-02 9.368109357529791695e-03 4.322070036129634918e-01 1.288367229959239135e-01
-2.564650627017636686e-01 1.818920680190128092e-02 -2.164159698442937430e+00 4.214001390122118951e-04 1.527003285992970666e-02 5.540321118697547620e-01 1.113464610388853748e-01
-1.486219254468617024e-01 2.398466563832682974e-01 -2.232333440100284783e+00 2.465770447702846369e-01 -1.652339409137594311e-03 7.101957590158167744e-01 1.288636890864463536e-01
-4.077878819195976390e-02 3.299366544440288651e-01 -2.301625637042192363e+00 -2.604114269107720703e-01 2.065797031022984995e-02 9.103768632144273454e-01 1.258518785286883157e-01
6.706434906294217457e-02 4.182008550418637727e-01 -2.720872813946603408e+00 -3.231827421909655995e-01 -1.050618024376349761e-02 1.166982515109164842e+00 1.132304907491213514e-01
1.749074863178441963e-01 5.085065487914204319e-01 -2.932830758408363270e+00 -2.448601758417272012e-01 -8.652453395453367155e-03 1.495916960984702504e+00 1.071898395364934836e-01
2.827506235727462180e-01 7.053486624541751571e-01 -2.811476296262589436e+00 -4.999907937642573685e-01 2.745134646114484166e-03 1.917567337289862506e+00 1.002652429503194664e-01
3.905937608276482398e-01 7.576636705144558226e-01 -3.176643362230764822e+00 -6.463277431476439627e-01 -9.352021507273053716e-03 2.458067251687866772e+00 8.362044399799381522e-02
4.984368980825502615e-01 8.519315305259906879e-01 -3.267381893099918333e+00 -7.778019062176023679e-01 1.125796158426309312e-02 3.150916526540215035e+00 7.273549310468638285e-02
6.062800353374522278e-01 8.931728014974974483e-01 -3.501916606288542066e+00 -1.007081456029353062e+00 1.037536590102856524e-02 4.039057495439500656e+00 5.682654782271279875e-02
7.141231725923540274e-01 9.311186857194361233e-01 -3.524414327704334937e+00 -9.806301491647237967e-01 -9.656606901676283855e-03 5.177536540258389053e+00 4.410956146520212534e-02
8.219663098472559382e-01 9.606537529316181434e-01 -3.440999145374159074e+00 -8.448628149625059258e-01 -1.076406537344629273e-02 6.636915828996856170e+00 3.491747333628920924e-02
9.298094471021578489e-01 9.752336809165653708e-01 -3.853477323605307259e+00 -1.062308787824748135e+00 4.518273486394316051e-03 8.507646711652322224e+00 2.899395276422369813e-02
1.037652584357059871e+00 9.842086237651220815e-01 -3.860678675005227767e+00 -1.338156095260840006e+00 1.361908550150910287e-02 1.090567583425696974e+01 2.060237962600083156e-02
1.145495721611961892e+00 9.903690599145553719e-01 -3.741087379740173358e+00 -1.533223391506677302e+00 -2.200041617546881923e-03 1.397963143427210042e+01 1.491713857317304194e-02
1.253338858866864136e+00 9.931305296742465316e-01 -3.848469629733869635e+00 -1.710695720659697328e+00 7.199692826733810041e-04 1.792003521911064112e+01 9.621042742507869214e-03
1.361181996121765936e+00 9.963546099318101312e-01 -3.770035679441004373e+00 -1.520560092053320433e+00 -1.722234994807141832e-03 2.297111077384323963e+01 6.378402735324616331e-03
1.469025133376667736e+00 9.978122168364299549e-01 -3.779084742237060368e+00 -5.194257587339470295e-01 -1.143967958144199645e-02 2.944592037528176576e+01 4.521246677563513575e-03
1.576868270631569535e+00 9.986120679059281580e-01 -4.083509013094526630e+00 -1.010727564901536590e+00 -2.347112749703228474e-04 3.774576838202969498e+01 4.928093403577804565e-03
1.684711407886471557e+00 9.989995402471721908e-01 -4.837082798887185398e+00 -4.024258927434210875e+00 -2.255448855851825782e-03 4.838507380960749771e+01 2.736895021639372191e-03
