-1.374552735740848242e+00 -1.530970381209190379e+00 1.496161811731874902e+00 4.162136766572476887e+00 -1.230536157434636985e-01 4.221310171896706931e-02 2.919195456938310229e-02
-1.292219990557789133e+00 6.759249109405107703e-01 -1.600502625863551298e+00 1.070321488859427239e+00 -1.589925885200500488e-01 5.102464706940635503e-02 9.062443176905313202e-02
-1.209887245374729803e+00 -5.793171328363388994e-02 -1.054630936044142153e+00 2.541598353689904499e-01 3.513427575429280136e-02 6.167551074285726465e-02 4.380343688858879397e-02
-1.127554500191670472e+00 1.306186216534851452e-01 -1.879398311192756577e+00 5.948850362581918905e-01 1.122801502545674596e-01 7.454963128344785361e-02 9.979221224784851074e-02
-1.045221755008611364e+00 -3.074312744527614161e-01 -2.129009108202172484e+00 1.886861584257341351e-01 1.170988436098451842e-04 9.011109040781901947e-02 5.488646030426025391e-02
-9.628890098255522556e-01 -2.308358426325007873e-01 -1.553193111229180357e+00 2.092793953964497966e+00 -5.577042608550100700e-02 1.089208420577260084e-01 1.071930798617276304e-01
-8.805562646424931472e-01 1.566261880318869926e-01 -8.248455034252403228e-01 -1.788265635891430338e-01 2.544187462848165535e-02 1.316569334681435277e-01 1.213601672131082304e-01
-7.982235194594338168e-01 -5.223563609957644349e-01 -1.353833752999209494e+00 1.429533314345438066e-02 -3.359491438479036973e-02 1.591389471727433225e-01 1.001659663947852968e-01
-7.158907742763745974e-01 1.568682909363282585e-01 -2.041290080887737890e+00 -5.900781017681835383e-01 3.013648425831514169e-02 1.923575450234606410e-01 1.220197453218347938e-01
-6.335580290933154890e-01 -4.854495517805874627e-01 -1.671637185752304688e+00 -2.284224183611074654e-01 -3.105286382279305937e-02 2.325101792164560588e-01 8.008564643140109185e-02
-5.512252839102562696e-01 -5.216366977972786145e-02 -1.683046438104936149e+00 4.664133957420683596e-01 1.574171270642961765e-02 2.810442576228296963e-01 1.118965830121721461e-01
-4.688925387271970502e-01 -1.772921973926930850e-01 -1.660331444387208366e+00 4.964051081829540246e-01 5.225513721334523048e-02 3.397093194325712107e-01 9.557776615537445786e-02
-3.865597935441379418e-01 1.270508801237993923e-01 -1.328906097280460941e+00 4.840609126711249988e-01 -7.509355401170664940e-03 4.106201019207956771e-01 1.350696004670241812e-01
-3.042270483610787224e-01 7.276170406044724093e-02 -2.181986622710283541e+00 -4.690525771337053507e-01 8.014918102766030710e-04 4.963327717446144316e-01 1.148325485556132980e-01
-2.218943031780194752e-01 7.496585472520189697e-03 -2.350693003931204839e+00 2.924282139295336647e-01 1.250438146953341233e-02 5.999370687293071880e-01 1.130630879462519722e-01
-1.395615579949603946e-01 2.429562807557650306e-01 -2.088761969142962194e+00 3.278548046066733779e-01 6.080522491601095432e-03 7.251676837102158935e-01 1.282973951129822154e-01
-5.722881281190112662e-02 3.398594046161077520e-01 -2.217645385223281806e+00 -2.386493309474228830e-01 2.827476706740032764e-02 8.765388853391766766e-01 1.280286643537170699e-01
2.510393237115809625e-02 3.759018197403017902e-01 -2.524082442098836587e+00 -4.118247295041117528e-01 1.521757404150911840e-02 1.059507248834704818e+00 1.171980888393849979e-01
1.074366775542173053e-01 4.073933860981966415e-01 -3.018872600904554560e+00 -2.314195908892754949e-01 -3.389676411946614815e-02 1.280668352664026122e+00 1.095201156559061917e-01
1.897694227372765385e-01 5.610903658543729966e-01 -2.795371365780878303e+00 -1.815389980118143898e-01 -6.145353812897931360e-03 1.547994533608959333e+00 1.073528823032174062e-01
2.721021679203355914e-01 7.006080391458584522e-01 -2.906959145186177818e+00 -4.635053435643951003e-01 1.665432283741969050e-03 1.871122270725672276e+00 1.022352552496581107e-01
3.544349131033948108e-01 7.327378999738796139e-01 -2.977204398087461179e+00 -6.664186806078790104e-01 7.683785316440885915e-03 2.261699557713046538e+00 9.005138040826395074e-02
4.367676582864540302e-01 8.231628812015935326e-01 -3.189484313846215002e+00 -7.166867919599271275e-01 -2.121863414331809708e-02 2.733805785645180286e+00 7.940804917378113670e-02
5.191004034695131386e-01 8.533235259959963681e-01 -3.297626262994800772e+00 -8.595724349887901017e-01 1.910655649178090096e-02 3.304459271851388102e+00 6.862412066264665655e-02
6.014331486525723580e-01 8.949480359558320552e-01 -3.635602727111654442e+00 -1.004560606598577710e+00 1.319597317622258140e-02 3.994230730164179732e+00 5.732216835021972795e-02
6.837658938356316884e-01 9.246643962426112084e-01 -3.680306389512463916e+00 -1.104284538032833440e+00 -4.969529789953930701e-03 4.827984796692443403e+00 4.688785093050476527e-02
7.660986390186907968e-01 9.449057841529340251e-01 -3.161065589028944967e+00 -7.882682110084671123e-01 -1.112800688292849699e-02 5.835776341377064469e+00 3.771247673983597892e-02
8.484313842017499052e-01 9.644748779622446255e-01 -3.474292247936662026e+00 -7.002018280737732914e-01 -1.148519324297881013e-02 7.053933875249061458e+00 3.477440886761076072e-02
9.307641293848092356e-01 9.756540007581817608e-01 -4.096096182886080683e+00 -1.142300123692270519e+00 6.714300030753725390e-03 8.526369107669555802e+00 2.891918023427327358e-02
1.013096874567868344e+00 9.832158149223740873e-01 -3.825180323880853717e+00 -1.406803401814294086e+00 1.325291372524014903e-02 1.030615986000504236e+01 2.255082039778676800e-02
1.095429619750927452e+00 9.884067268393946781e-01 -3.806143303110020693e+00 -1.544780296183537738e+00 1.013604024561440102e-02 1.245746339604697184e+01 1.696422429588752279e-02
1.177762364933986783e+00 9.909295074089700117e-01 -3.740861705086312217e+00 -1.495844190075847457e+00 -9.484463745785742458e-03 1.505782914022976193e+01 1.255423752302975947e-02
1.260095110117045891e+00 9.931659727593118436e-01 -3.809331477581650027e+00 -1.459389117735776065e+00 2.408142371844220180e-03 1.820099415169074675e+01 9.620997213548230370e-03
1.342427855300105000e+00 9.961404856267179753e-01 -3.930543344300557074e+00 -2.301000751759647134e+00 7.246557649198945078e-04 2.200026212442638140e+01 7.219037809572019862e-03
1.424760600483164330e+00 9.969092311786766913e-01 -3.488301081775866841e+00 -9.345936798903028420e-01 -4.902837840655377942e-03 2.659258771854003456e+01 4.020912956645470056e-03
1.507093345666223438e+00 9.985296922800599440e-01 -3.772302792514925507e+00 5.355213313500464256e-01 -1.599078218476111118e-02 3.214351345310091546e+01 5.065052950081704725e-03
1.589426090849282547e+00 9.984676501144714722e-01 -4.492766966890096469e+00 -1.332097089377998644e+00 2.843177744320460418e-03 3.885313712397161368e+01 4.926137778223776791e-03
1.671758836032341877e+00 9.989488337816171404e-01 -3.975899268317380386e+00 -3.596056870504281022e+00 -1.666630125221084044e-03 4.696332485795863221e+01 3.056564532658632809e-03
1.754091581215401208e+00 9.990661737405297504e-01 -7.765310058579553143e+00 -8.996361078944932643e+00 -3.138806890038882825e-04 5.676642981689559520e+01 1.259969656958299499e-03
