#           logr                   beta                      gamma                  kappa                  VR_average                  r                  sigmarad2 
-1.410614651442327672e+00 -2.510714883806934861e-01 -2.800752724994580056e+00 8.696925453700183883e-01 1.129980163371309236e-02 3.884949238138359767e-02 5.700794179388816996e-02
-1.351690142063505906e+00 2.189786612765057816e-01 -2.619747835927954238e+00 -6.220468851264550070e-01 3.188624748816856758e-02 4.449486136317903906e-02 6.309248239566117578e-02
-1.292765632684684141e+00 -2.208556110526116445e-01 -3.029601941168638679e-01 7.111309499747413554e-01 4.431154177739070332e-02 5.096058059891731690e-02 4.815348753562340850e-02
-1.233841123305862597e+00 -7.224534248769143296e-02 -6.821260772631299041e-02 1.901742019770158443e+00 -1.924546509981155465e-02 5.836585833544889745e-02 7.652153968811035989e-02
-1.174916613927040832e+00 -2.843840241994377571e-02 -9.711882340092994337e-01 6.093453042559098254e-01 2.195133660968981090e-02 6.684722542792351230e-02 8.067633812887625711e-02
-1.115992104548219288e+00 2.263830039349603584e-01 -2.005649150524325464e+00 3.893040140444990055e-02 4.908513331758803527e-02 7.656105255454827285e-02 9.028060194374858127e-02
-1.057067595169397523e+00 -1.680424110798099946e-01 -1.356429198692668203e+00 1.130662323665219682e-01 -1.102985151662122434e-03 8.768643321749283737e-02 8.153312478289508058e-02
-9.981430857905757570e-01 -4.115851130881331699e-02 -8.812379116342278218e-01 6.738482648061483449e-01 2.109294713929641893e-02 1.004284856837310558e-01 9.309346398641896170e-02
-9.392185764117539915e-01 -5.067269733649593100e-02 -1.272261111264116007e+00 5.298986981284561359e-01 1.654117577003710177e-02 1.150221347435912145e-01 9.789182923056863328e-02
-8.802940670329324480e-01 1.145640444213738007e-01 -1.408987391651502108e+00 2.893381778775386617e-02 1.681570965069028450e-02 1.317364430111690743e-01 1.074897944058343241e-01
-8.213695576541106824e-01 -1.165959228233748313e-02 -1.296347940362546636e+00 -2.427117185962524362e-02 1.447946214910798488e-02 1.508795716226433714e-01 9.866344282779787589e-02
-7.624450482752889169e-01 -1.411226613957095033e-02 -1.721248591279012974e+00 3.365316531339972994e-01 -3.182075041181900692e-03 1.728044617927197713e-01 1.067841754240148183e-01
-7.035205388964672624e-01 1.046768741882370124e-01 -1.405369595898960489e+00 -8.213135752562260306e-02 1.044899079857803011e-02 1.979153419798685976e-01 1.080976346643959668e-01
-6.445960295176456079e-01 -2.311846649190929526e-03 -1.227179874897710077e+00 2.252189235352396457e-01 -1.457823204823496289e-02 2.266751806327409469e-01 1.044306060863850055e-01
-5.856715201388238423e-01 1.133649465556533231e-01 -1.721871034807643808e+00 1.952172796846198266e-01 -1.105902318296761271e-02 2.596142219237967952e-01 1.149100517404490485e-01
-5.267470107600021878e-01 3.128435880290514337e-02 -1.573998163040474241e+00 8.837138526254637028e-02 1.404208573610973843e-02 2.973397618431773970e-01 1.101118256774129833e-01
-4.678225013811804778e-01 3.019551539272768981e-02 -2.033620146818639896e+00 1.409633926516430935e-01 -1.502381655691657943e-02 3.405473448943341919e-01 1.176989263531753316e-01
-4.088979920023588788e-01 3.334187567028401578e-02 -1.863689662480428444e+00 -3.578245903383166504e-01 -5.398792415470272249e-03 3.900335878245125842e-01 1.144053570635907013e-01
-3.499734826235372243e-01 -1.901778851407742721e-03 -1.742295163587930684e+00 1.157657880527968863e-01 2.217600844507899502e-03 4.467108668207760425e-01 1.068078626414150634e-01
-2.910489732447154032e-01 1.234762543254918077e-01 -2.026129724857248959e+00 1.594804352843603723e-01 3.110228703182710015e-03 5.116241389589061273e-01 1.180563210780600780e-01
-2.321244638658938042e-01 1.014809309457967990e-01 -2.213596393789293071e+00 -1.284351381818479299e-01 7.429709861909787301e-04 5.859702080416635539e-01 1.115315755208333426e-01
-1.731999544870721219e-01 7.888114893054520849e-02 -2.245296360764046817e+00 4.842172759147155003e-02 -1.905591111714961816e-02 6.711197900300193142e-01 1.140127157106723271e-01
-1.142754451082503564e-01 1.488414530724820883e-01 -2.289357112745110001e+00 -1.861848478241938665e-01 3.008455349033988934e-03 7.686427848869629154e-01 1.130067253305389596e-01
-5.535093572942868800e-02 1.771835159338398524e-01 -2.394890209652780211e+00 -8.737906112846487161e-02 -5.714420610778114286e-03 8.803372207700188579e-01 1.083955838107505398e-01
3.573573649392941358e-03 2.602677316112236294e-01 -2.498287622979514566e+00 -1.070843648598295839e-01 1.757695040883966225e-03 1.008262404215570562e+00 1.103587451576335254e-01
6.249808302821469735e-02 2.684857982309258873e-01 -2.557068165730010723e+00 -3.618922406278446968e-01 -5.099630675859899258e-03 1.154776887503816907e+00 1.052911335989932806e-01
1.214225924070364004e-01 3.158534660194781685e-01 -2.796900605214196034e+00 -3.130389253438962127e-01 5.383238845562379922e-03 1.322581953207384586e+00 1.000364123869087324e-01
1.803471017858580550e-01 3.932548302696657894e-01 -2.971169446901483990e+00 -1.544411803882526912e-01 1.243008636846775102e-02 1.514771417646751717e+00 9.671647761895404982e-02
2.392716111646797927e-01 4.648484798576633104e-01 -2.802182416187425584e+00 -4.559103691253530988e-01 -8.411630849557833606e-03 1.734888671477102129e+00 9.593064547124355301e-02
2.981961205435014750e-01 4.950181030133169457e-01 -2.829828987676575203e+00 -5.498121358698960792e-01 -1.790423867445866844e-03 1.986992009061980813e+00 8.546176968268420771e-02
3.571206299223231295e-01 5.559281171033711999e-01 -3.053642532342854654e+00 -5.241560937771935214e-01 4.662254888261282461e-03 2.275729451109206991e+00 8.263471734761218546e-02
4.160451393011448395e-01 6.309939105393211900e-01 -3.086819354681960448e+00 -6.313393108719271840e-01 8.354397644892957997e-03 2.606424440071446913e+00 7.413112659952968142e-02
4.749696486799664941e-01 6.917209467775264908e-01 -3.323600851550638779e+00 -6.024688206094789278e-01 7.215431925705668601e-04 2.985173988274651524e+00 6.962413740978193322e-02
5.338941580587880376e-01 7.476384799348947396e-01 -3.392400286403664200e+00 -8.228091486453618097e-01 2.287059823618980449e-03 3.418961088328082099e+00 6.295065321455513285e-02
5.928186674376098031e-01 7.909594387723775100e-01 -3.398336749722165262e+00 -8.577673870258881728e-01 -6.507089536155498226e-03 3.915783458322857236e+00 5.569196952826079017e-02
6.517431768164315686e-01 8.310314194119021725e-01 -3.541638582493324527e+00 -6.593109590455500379e-01 -5.071701231187024025e-03 4.484800995489870878e+00 4.987847836906806470e-02
7.106676861952531121e-01 8.708829952639866034e-01 -3.420792571917863789e+00 -7.458605445241957010e-01 2.357116716124657649e-03 5.136504656915215961e+00 4.656862631444879524e-02
7.695921955740748777e-01 9.027329998970683445e-01 -3.453942784463639892e+00 -1.128583558645066098e+00 -6.178679266109377878e-03 5.882909880961139315e+00 4.073936569142706798e-02
8.285167049528966432e-01 9.178355950196688262e-01 -3.624789297446104008e+00 -1.178239249775958619e+00 -1.696275546479899653e-03 6.737778115496695364e+00 3.428395862353987578e-02
8.874412143317181867e-01 9.351908034345055576e-01 -3.639821401547683521e+00 -9.783135426647968647e-01 8.084252770716690876e-04 7.716870537246643735e+00 2.959101917053078012e-02
9.463657237105399522e-01 9.517776630764923640e-01 -3.821232472852154061e+00 -9.634387933650081504e-01 -3.989865467130020854e-03 8.838238640073624808e+00 2.629042890246519742e-02
1.005290233089361829e+00 9.628090029419622553e-01 -3.609918582537971155e+00 -1.381927595277764764e+00 1.419902670783169040e-03 1.012255704975989978e+01 2.278345623430180766e-02
1.064214742468183372e+00 9.697945801209747474e-01 -3.736074526266095042e+00 -1.337125832017431959e+00 8.252263668194489239e-04 1.159350470138360301e+01 1.806919730488379741e-02
1.123139251847005138e+00 9.784910857348937396e-01 -4.096778650981373282e+00 -1.358780828301269450e+00 -4.658313776483598637e-03 1.327820140704386986e+01 1.585041507764583038e-02
1.182063761225826903e+00 9.812535764744794164e-01 -3.662132173770906274e+00 -1.577235080442482174e+00 -4.001375786829059963e-03 1.520770786291917531e+01 1.249706051507725423e-02
1.240988270604648447e+00 9.863928760607750812e-01 -3.683382292308859718e+00 -1.482481315551697376e+00 1.545359490584227811e-03 1.741759831427216199e+01 1.033153932444987391e-02
1.299912779983470212e+00 9.899224761835604403e-01 -3.864409687687509809e+00 -1.477778869590462785e+00 -1.328694703912890272e-03 1.994861643660631856e+01 8.357933367502417069e-03
1.358837289362291978e+00 9.922375155593065044e-01 -3.862334993454539234e+00 -1.597447251765288012e+00 2.174664716251560864e-03 2.284742652543305397e+01 6.918472887605483200e-03
