-1.334896435250783275e+00 4.352932498074456591e-01 -1.412403934369770298e+00 8.733942705837341447e-02 1.026238203048706124e-02 4.624912969994000866e-02 5.437969565391540666e-02
-1.227053297995881254e+00 -8.575286487086275500e-03 -1.293925813634151822e+00 4.406233814103728275e-01 -5.071891909060270709e-02 5.928525633689527702e-02 6.691272362418795860e-02
-1.119210160740979454e+00 -3.130690096632919861e-01 -2.514408829407216217e+00 -4.961674093708755562e-01 -1.376949386163191409e-02 7.599584341877764493e-02 6.768200072375210596e-02
-1.011367023486077432e+00 -9.243273688873545613e-01 -6.942221198904163781e-01 8.834314525154827180e-01 -2.233900489478275742e-02 9.741660193070904306e-02 5.229885824795427185e-02
-9.035238862311754104e-01 1.515574038387211830e-01 -6.047164003481663164e-01 1.266996215245831836e+00 -2.053909871115613267e-02 1.248751761255058879e-01 1.049584061352174663e-01
-7.956807489762734997e-01 -2.576365339660691145e-01 -1.635057249544241031e+00 -2.805820267147032254e-01 7.227729725581343934e-04 1.600734300244608110e-01 9.812188917590726478e-02
-6.878376117213715890e-01 -1.367774204571894359e-01 -1.763662200393762314e+00 2.854425273056632184e-01 3.380806391475764394e-02 2.051929278085104502e-01 9.130604576518516757e-02
-5.799944744664694563e-01 1.856010891873239865e-01 -1.782335105251505070e+00 3.724601568509928740e-01 2.631042157000268097e-02 2.630301457037227397e-01 1.130659761484603398e-01
-4.721513372115674345e-01 -9.894961532968560292e-02 -1.790313509522182933e+00 6.721407853199573568e-02 -2.997938259874926084e-02 3.371697957031253301e-01 1.098586046546074085e-01
-3.643081999566656348e-01 2.486989288728258529e-03 -1.823054834873262475e+00 1.301260422358620494e-01 4.084773002330129889e-03 4.322070036129634918e-01 1.169039244820450629e-01
-2.564650627017636686e-01 4.830203895566886896e-02 -1.966238967140095717e+00 -8.355771160191501068e-02 1.557027959377966023e-02 5.540321118697547620e-01 1.171926783624096385e-01
-1.486219254468617024e-01 1.767917460209272873e-01 -2.359207132967987786e+00 -1.335221950199445562e-01 -1.055547221777296783e-02 7.101957590158167744e-01 1.121519526075535900e-01
-4.077878819195976390e-02 1.556402188162631095e-01 -2.303704783002626044e+00 -1.098739451389469657e-01 1.413832554200879568e-02 9.103768632144273454e-01 1.096734676231332362e-01
6.706434906294217457e-02 2.987991028408470973e-01 -2.498545397944786028e+00 -2.373254209382937852e-01 -4.483276955264977812e-03 1.166982515109164842e+00 1.061960925509464471e-01
1.749074863178441963e-01 3.664644537916833533e-01 -3.118978318761633339e+00 -2.621149894488656318e-01 -2.567960349571167360e-03 1.495916960984702504e+00 9.747960017277643163e-02
2.827506235727462180e-01 5.470372143653456920e-01 -3.062461629099316074e+00 -4.918518306656092243e-01 -3.013252694423912588e-03 1.917567337289862506e+00 9.323391728049248983e-02
3.905937608276482398e-01 5.721126001631288149e-01 -2.870048645126144216e+00 -5.581952363331099676e-01 1.001441527652349034e-02 2.458067251687866772e+00 7.635334187101894265e-02
4.984368980825502615e-01 7.508953655980661335e-01 -3.113469294413020005e+00 -6.268232729009772797e-01 -3.882125080683176011e-03 3.150916526540215035e+00 7.066085380647366132e-02
6.062800353374522278e-01 7.959934582440151285e-01 -3.411368614695140078e+00 -1.071305989871236708e+00 6.696023402786806245e-03 4.039057495439500656e+00 5.592820406305116371e-02
7.141231725923540274e-01 8.417435741768156676e-01 -3.516063592649422809e+00 -1.036637523017211349e+00 1.059409028876839333e-02 5.177536540258389053e+00 4.150619126000935910e-02
8.219663098472559382e-01 9.123312059834741694e-01 -3.699095916666958583e+00 -8.512700998490294602e-01 -8.276758906997252856e-04 6.636915828996856170e+00 3.342276599919685037e-02
9.298094471021578489e-01 9.463254393316969937e-01 -4.069199277883856603e+00 -1.244645925927774011e+00 2.547857621136833534e-03 8.507646711652322224e+00 2.719603594611672698e-02
1.037652584357059871e+00 9.641294393560081444e-01 -3.723616492929410438e+00 -1.270717277362300113e+00 1.012885684058779760e-02 1.090567583425696974e+01 1.801313672746930952e-02
1.145495721611961892e+00 9.797268591308190278e-01 -3.499631068103887355e+00 -1.039335240686403816e+00 8.942305439650409180e-03 1.397963143427210042e+01 1.446869397404217973e-02
1.253338858866864136e+00 9.883445706511910789e-01 -3.729877184107183830e+00 -1.518567650829077298e+00 4.471810852609029927e-03 1.792003521911064112e+01 1.075026077952811500e-02
1.361181996121765936e+00 9.904671860866739452e-01 -3.845395511360616414e+00 -1.611393334607736705e+00 -2.092845773927255477e-03 2.297111077384323963e+01 6.806049945849727313e-03
1.469025133376667736e+00 9.952942705009913960e-01 -4.300237882635673969e+00 -1.032552507202057601e+00 2.161960175007949635e-03 2.944592037528176576e+01 4.829070818277052431e-03
1.576868270631569535e+00 9.966537080902365675e-01 -4.041116981146040565e+00 -9.809844656444817179e-01 -9.632936311424325493e-03 3.774576838202969498e+01 4.075564102295341738e-03
1.684711407886471557e+00 9.972286374905655615e-01 -4.854338208661410192e+00 -3.835783523553412344e+00 -2.288418946806917553e-03 4.838507380960749771e+01 2.966734551891838170e-03
