-1.188666512399836117e+00 2.272074563340306108e-01 -1.366568137529317051e+00 4.734800718691687949e-01 -4.669553202551764842e-02 6.476397367761962953e-02 8.727565327206174284e-02
-9.887155598124067746e-01 -1.188600898369807091e-01 -1.301518604060496243e+00 7.639028402311179300e-02 -1.616452654747113724e-03 1.026323894686307497e-01 8.285701438172222988e-02
-7.887646072249772100e-01 -2.488949048703310574e-01 -1.380059025711878329e+00 2.803797961893719215e-01 -1.994099231124613362e-04 1.626430061329100507e-01 9.363575753449014660e-02
-5.888136546375477565e-01 1.529323008720629984e-01 -1.781937596888231168e+00 2.287688322906453464e-01 2.050353730579031544e-02 2.577426831910115679e-01 1.072639275191357572e-01
-3.888627020501183029e-01 -4.147991308573706348e-02 -1.895245842390414381e+00 6.880325516970260680e-02 -1.017339919149762989e-02 4.084484929171515732e-01 1.155917450701131333e-01
-1.889117494626889049e-01 1.027502152773529520e-01 -2.119327731241068324e+00 -7.763875438953142527e-02 1.987555764329621520e-03 6.472741313190084611e-01 1.142794779138155969e-01
1.103920312474056600e-02 2.164693651486626624e-01 -2.535794717255120290e+00 -1.494965558845735565e-01 3.530459809042607220e-04 1.025744514522565209e+00 1.076165176019435871e-01
2.109901557121700300e-01 4.376650887352304675e-01 -2.830243856770930044e+00 -3.786977489041603029e-01 2.969065541195763883e-03 1.625511909349859341e+00 9.958279009946842397e-02
4.109411082995995113e-01 6.028691142195523600e-01 -3.105830440367407075e+00 -6.384003761239126495e-01 1.101644433659615310e-03 2.575971823420458495e+00 7.593412330682329514e-02
6.108920608870288538e-01 7.944536463780588198e-01 -3.339604628115820262e+00 -8.068215461534978816e-01 4.689641974189064956e-03 4.082179156540360232e+00 5.532058492883459855e-02
8.108430134744583073e-01 8.958360374186568054e-01 -3.685209921217353468e+00 -9.848657709807667748e-01 3.371878242305129548e-03 6.469087322533415119e+00 3.612330763975310499e-02
1.010793966061887872e+00 9.541524007483880299e-01 -3.783108944898171622e+00 -1.111178982896521283e+00 6.494344734564060605e-03 1.025165461430399283e+01 2.233762857390613268e-02
1.210744918649317325e+00 9.838917474146775533e-01 -3.646993912101998081e+00 -1.411928868524227498e+00 7.131700804739287726e-03 1.624594275685593558e+01 1.298449063541913355e-02
1.410695871236746557e+00 9.918005081128946632e-01 -4.031987035659327034e+00 -1.315474299470888564e+00 -1.271467676478854787e-03 2.574517636311907509e+01 6.087010078008662367e-03
1.610646823824176233e+00 9.967986070323727743e-01 -4.706533351511679619e+00 -1.764710700626171747e+00 -1.753493212163448334e-03 4.079874685563520842e+01 3.866911555329958453e-03
