-1.087691998831055384e+00 -5.528144540395563133e-01 -1.471019824730338765e+00 2.760784940824063671e-01 -9.274923576498931080e-03 8.171616960822593312e-02 5.648864890044590081e-02
-8.257872369262934109e-01 -1.549064090308256425e-01 -1.214475629306342563e+00 5.548619817923473585e-01 -5.826479287316955677e-03 1.493525916316219004e-01 9.806995101386520308e-02
-5.638824750215315484e-01 7.187453546558952855e-02 -1.771974992378821279e+00 1.337414046496479270e-01 1.201521845862169730e-02 2.729716374865001627e-01 1.103070265466226940e-01
-3.019777131167696860e-01 3.566162537533501542e-03 -2.040611467520538014e+00 1.075684486484392022e-02 1.788815092791825895e-03 4.989100895942188418e-01 1.152367442673631198e-01
-4.007295121200771942e-02 2.204847688744712153e-01 -2.394621402764012252e+00 -1.526517970213687736e-01 -5.287054043163925141e-04 9.118576559486750721e-01 1.117474741888915685e-01
2.218318106927542055e-01 4.055694816161771188e-01 -2.808614421821273854e+00 -3.806558907337987963e-01 -8.309650687532050845e-04 1.666601662412735996e+00 9.585847481668993697e-02
4.837365725975161235e-01 6.734358665455042470e-01 -3.193277299701651195e+00 -6.794819805421455916e-01 4.268751112549235872e-03 3.046046806798136330e+00 7.060680092044821499e-02
7.456413345022779859e-01 8.552148690071363912e-01 -3.564137451230890097e+00 -9.196033580143422315e-01 5.730908747620575526e-03 5.567257826787955111e+00 4.223878158332598776e-02
1.007546096407039737e+00 9.515768305610997624e-01 -3.700163973627845326e+00 -1.110880225770825680e+00 4.468761695610297575e-03 1.017527361718764034e+01 2.328893011742895827e-02
1.269450858311801600e+00 9.854005791079468723e-01 -3.855308757574768652e+00 -1.311543709558636861e+00 4.916338451573106297e-03 1.859734116973173812e+01 1.106169653720543052e-02
1.531355620216563906e+00 9.955932509849730883e-01 -4.286779929909648956e+00 -1.335702707844343085e+00 -1.958590654226449995e-03 3.399034872135383978e+01 4.787959318894606520e-03
