-1.374552735740848242e+00 -1.878090515629969648e+00 -1.342085694721191880e+00 -3.378804387702427081e-01 7.977133393287659524e-02 4.221310171896706931e-02 1.682447344064712594e-02
-1.292219990557789133e+00 3.463134073612804675e-01 4.860447471501946892e-01 3.227753080866536006e+00 -6.092156469821929932e-02 5.102464706940635503e-02 6.834232807159423828e-02
-1.209887245374729803e+00 -1.564494341954945078e-01 -3.818013377289716459e+00 1.313289830018496307e+00 -3.390224277973175049e-02 6.167551074285726465e-02 5.720592662692070007e-02
-1.127554500191670472e+00 2.750880674424246441e-01 -2.112576439949031659e+00 -9.594772742608855820e-01 1.165624956289927107e-02 7.454963128344785361e-02 1.124458114306131906e-01
-1.045221755008611364e+00 -1.251788891486579125e+00 -3.538561808388887009e-01 -4.185882675042080781e-01 1.497223702344027511e-02 9.011109040781901947e-02 3.976016965779391454e-02
-9.628890098255522556e-01 -1.082602360159046206e-01 -1.024818032070474311e-01 1.790593373220241036e+00 -3.009883242268716202e-02 1.089208420577260084e-01 9.594365089170393823e-02
-8.805562646424931472e-01 -1.763038038009498987e-01 -8.417599389137194743e-01 3.853928761382766077e-01 -2.870515361428260803e-02 1.316569334681435277e-01 7.839658856391906738e-02
-7.982235194594338168e-01 -9.960473717916418224e-02 -2.030149896542188248e+00 5.224399670672776885e-01 -1.224259449088055222e-02 1.591389471727433225e-01 1.110394104667331849e-01
-7.158907742763745974e-01 -1.568577599886502583e-01 -1.804395113139729334e+00 -6.504667530603766012e-01 4.975238571996273840e-02 1.923575450234606410e-01 9.557075085847273332e-02
-6.335580290933154890e-01 -1.564403845138129245e-01 -1.646940563391277479e+00 5.857299449331323515e-01 1.696617294240880883e-02 2.325101792164560588e-01 8.676962499265317152e-02
-5.512252839102562696e-01 2.745520583415537175e-01 -1.527573516999790604e+00 6.433626856537904004e-01 2.593516991808523728e-02 2.810442576228296963e-01 1.193368325825610171e-01
-4.688925387271970502e-01 -1.109872888351253195e-01 -2.073211011810401683e+00 -1.095841752765705779e-01 -4.449863636747319884e-02 3.397093194325712107e-01 1.107407224939224583e-01
-3.865597935441379418e-01 -1.230107126972184162e-01 -1.762159689108298233e+00 1.873317602129312420e-01 -4.779329497693321147e-03 4.106201019207956771e-01 1.144800405897852397e-01
-3.042270483610787224e-01 1.170280145016847628e-01 -1.834694957563521189e+00 4.003533216094790764e-02 1.558661460876465017e-02 4.963327717446144316e-01 1.188924916585286512e-01
-2.218943031780194752e-01 1.102740455774597894e-02 -2.193183435355063438e+00 -1.549499863972911562e-01 1.930005295694051321e-03 5.999370687293071880e-01 1.162310637069385311e-01
-1.395615579949603946e-01 2.221737412921389598e-01 -2.288779945112046743e+00 -2.658558217858991157e-01 -6.002981481153783381e-04 7.251676837102158935e-01 1.121087507768110808e-01
-5.722881281190112662e-02 1.201122243512420251e-01 -2.429725665896702580e+00 1.196481954169287404e-01 2.605702601322511421e-03 8.765388853391766766e-01 1.050860173577894685e-01
2.510393237115809625e-02 3.151090473267110781e-01 -2.177594557211385506e+00 -1.347565812606181523e-01 6.942508244278407410e-03 1.059507248834704818e+00 1.173117307153078576e-01
1.074366775542173053e-01 2.815829512703508231e-01 -2.722118517614481981e+00 -5.273682435628271881e-01 -1.844457930504681681e-02 1.280668352664026122e+00 9.985163362319288138e-02
1.897694227372765385e-01 3.898177583941251356e-01 -3.238678592978176951e+00 -1.095603283666817807e-01 1.650956267766561306e-02 1.547994533608959333e+00 9.605104443011223958e-02
2.721021679203355914e-01 5.503190596362642628e-01 -3.135282715653562313e+00 -5.391095746026521862e-01 -5.732475627552379533e-04 1.871122270725672276e+00 9.578871987082741846e-02
3.544349131033948108e-01 5.287635832615367182e-01 -2.873378818313649052e+00 -7.158404241898721487e-01 -7.946389253770209590e-03 2.261699557713046538e+00 7.829415641627213152e-02
4.367676582864540302e-01 6.657113108037755467e-01 -2.912239916408310592e+00 -3.694607947522396407e-01 1.405662556454874944e-02 2.733805785645180286e+00 7.301971858667541393e-02
5.191004034695131386e-01 7.739637361699505114e-01 -3.310645067971737632e+00 -8.025866894935763662e-01 -5.984561629390543376e-03 3.304459271851388102e+00 6.805999395851647371e-02
6.014331486525723580e-01 7.741815106392848644e-01 -3.370051992962478593e+00 -1.029838456407915714e+00 7.487409528468319010e-03 3.994230730164179732e+00 5.386191920230262720e-02
6.837658938356316884e-01 8.384470525480377523e-01 -3.299721336852336595e+00 -9.583925041307872483e-01 2.437211078492484972e-02 4.827984796692443403e+00 4.605884591821339524e-02
7.660986390186907968e-01 8.840063425111709394e-01 -3.654169034227682911e+00 -9.340664122103896627e-01 -1.159983639113247068e-02 5.835776341377064469e+00 3.745136510857327572e-02
8.484313842017499052e-01 9.279055566030441904e-01 -3.948137443161530147e+00 -7.729952716020813686e-01 8.245063975533060974e-03 7.053933875249061458e+00 3.232247051708200813e-02
9.307641293848092356e-01 9.476413361478107644e-01 -4.229723203983529523e+00 -1.546404204085059186e+00 -1.930132508277893066e-03 8.526369107669555802e+00 2.793714404106140137e-02
1.013096874567868344e+00 9.557487185528097395e-01 -3.621806925348975970e+00 -1.355703786595243265e+00 1.141835070670919189e-02 1.030615986000504236e+01 1.798312410395196126e-02
1.095429619750927452e+00 9.742378750679050459e-01 -3.260406697153448885e+00 -7.558168617779676968e-01 1.121881451060178191e-02 1.245746339604697184e+01 1.670876604766242599e-02
1.177762364933986783e+00 9.821744152346870704e-01 -3.872811695958907396e+00 -1.270538244550028395e+00 4.553344887746891591e-03 1.505782914022976193e+01 1.350231349748065232e-02
1.260095110117045891e+00 9.897577573755375058e-01 -3.505860772996530095e+00 -1.814873180274205078e+00 4.090601926321511816e-03 1.820099415169074675e+01 1.032120906389676768e-02
1.342427855300105000e+00 9.890162351853267753e-01 -3.734568047280830694e+00 -1.702332038200438324e+00 -1.011045480316335554e-04 2.200026212442638140e+01 6.785177371718667007e-03
1.424760600483164330e+00 9.946819759129996719e-01 -4.583615456201133753e+00 -9.220413356073569044e-01 -4.102798043817713729e-03 2.659258771854003456e+01 5.412715932597285222e-03
1.507093345666223438e+00 9.966882141196883316e-01 -4.386055741068131120e+00 -8.317169810330876656e-01 5.924796935209294090e-03 3.214351345310091546e+01 4.783357234345269118e-03
1.589426090849282547e+00 9.963988133492175381e-01 -3.722363700218205285e+00 -1.004435279092504407e+00 -1.049765799103713655e-02 3.885313712397161368e+01 3.948754653698060592e-03
1.671758836032341877e+00 9.971369454296572510e-01 -4.220139340270979034e+00 -3.037243198407065137e+00 1.767255063797976578e-04 4.696332485795863221e+01 3.268413447044991264e-03
1.754091581215401208e+00 9.977308403632716427e-01 -7.355465269909312376e+00 -9.500529889247252058e+00 -6.346786251434913782e-03 5.676642981689559520e+01 1.248334606106464746e-03
