-1.374552735740848242e+00 3.860211683172826147e-01 -2.411473449642754563e+00 5.994386424767147226e+00 -3.490950844504616540e-02 4.221310171896706931e-02 6.518609957261518872e-02
-1.292219990557789133e+00 8.712828226827965539e-01 -2.112576439949042317e+00 -1.012760443929024978e+00 -7.275252992456610057e-02 5.102464706940635503e-02 1.663298715244640180e-01
-1.209887245374729803e+00 -2.394760386451725953e+00 -1.600502625863543749e+00 -4.151168694607202170e+00 -6.797757148742675226e-02 6.167551074285726465e-02 4.440054496129353795e-02
-1.127554500191670472e+00 -2.099595291990977497e+00 -1.578431913615251148e+00 2.085459622631776533e+00 -3.083961539798312640e-02 7.454963128344785361e-02 3.446799516677856445e-02
-1.045221755008611364e+00 5.748366805094362597e-02 -7.432364903936719003e-01 3.118347177353560262e+00 -1.350044012069702253e-02 9.011109040781901947e-02 9.790199279785156972e-02
-9.628890098255522556e-01 1.210115960753017639e-01 -7.186257234249144865e-01 4.681944466154473738e-02 2.951011425111351957e-04 1.089208420577260084e-01 1.124346547010468267e-01
-8.805562646424931472e-01 2.662476231426402773e-02 -1.679237867446599308e+00 -3.776129349366749155e-01 -2.382391074608112072e-02 1.316569334681435277e-01 9.965545555640911712e-02
-7.982235194594338168e-01 5.043678612942736894e-02 -1.854600219764777513e+00 -1.684270611256886152e-01 2.049811384571132225e-02 1.591389471727433225e-01 9.743620744392053612e-02
-7.158907742763745974e-01 -6.970911059793971631e-03 -1.445314648008739766e+00 -4.550527251721557531e-02 -1.241820849729387971e-02 1.923575450234606410e-01 9.349038627710234972e-02
-6.335580290933154890e-01 -3.568403942312543542e-01 -1.794330690283015617e+00 5.755363723023333433e-01 3.190462787946065498e-02 2.325101792164560588e-01 9.576950073242188055e-02
-5.512252839102562696e-01 -1.444689065934863237e-01 -1.670521283589445627e+00 1.386413777468246400e-01 -3.633864947727748207e-02 2.810442576228296963e-01 1.162888118198939641e-01
-4.688925387271970502e-01 -3.821236470759681314e-01 -2.203579033360292705e+00 7.834672847252239780e-01 -2.392422550856465255e-02 3.397093194325712107e-01 1.009384598394837129e-01
-3.865597935441379418e-01 2.364727423749518609e-01 -1.873226464251710466e+00 2.494731461925777660e-01 -3.097819272803250829e-03 4.106201019207956771e-01 1.565121141060319410e-01
-3.042270483610787224e-01 -7.438232590861115767e-02 -1.468522897144618033e+00 -7.940378248067693212e-01 2.470199345755498543e-02 4.963327717446144316e-01 1.109522954858962462e-01
-2.218943031780194752e-01 -5.861814460217384948e-03 -2.380219742900308244e+00 1.468366955848542654e-01 1.692286867769960193e-02 5.999370687293071880e-01 1.158236721502921007e-01
-1.395615579949603946e-01 1.775093266648111179e-01 -2.337174600565091964e+00 -2.663225697622365051e-01 -6.324897546992289468e-03 7.251676837102158935e-01 1.173046500502304967e-01
-5.722881281190112662e-02 1.313649375150882648e-01 -2.136355125941180155e+00 -4.833328906400442132e-02 3.836532112632557497e-03 8.765388853391766766e-01 1.046991590539522593e-01
2.510393237115809625e-02 3.189063128036249140e-01 -2.296784305497348910e+00 2.722964721175240022e-01 -1.078195715579160358e-02 1.059507248834704818e+00 1.151745180176700772e-01
1.074366775542173053e-01 4.415943698454236621e-01 -2.911914215593501609e+00 -2.224712531111515124e-01 1.912668953954645840e-02 1.280668352664026122e+00 1.160863150537541494e-01
1.897694227372765385e-01 4.999037069856742121e-01 -2.885609360152634917e+00 -2.077133054504084753e-01 7.785246454735705694e-03 1.547994533608959333e+00 1.058578491210937500e-01
2.721021679203355914e-01 6.805748614031468247e-01 -3.024174639669023001e+00 -6.790390057813768809e-01 -1.390757318270408396e-02 1.871122270725672276e+00 1.072945869575112482e-01
3.544349131033948108e-01 6.970612607787478598e-01 -3.142598766731962812e+00 -9.925181072182656106e-01 -2.967282253153183651e-03 2.261699557713046538e+00 8.182928842656753132e-02
4.367676582864540302e-01 7.734622799752479683e-01 -2.947105279192267613e+00 -3.401093508335165660e-01 -4.395896932093529795e-03 2.733805785645180286e+00 7.364518058108089626e-02
5.191004034695131386e-01 8.518443603585146295e-01 -3.160779866338469635e+00 -8.869722005036587698e-01 -1.229930568385768572e-02 3.304459271851388102e+00 7.192907934790258861e-02
6.014331486525723580e-01 8.616050167568456430e-01 -3.345388067285285594e+00 -1.152231164131104935e+00 4.529869148486467649e-03 3.994230730164179732e+00 5.261270356268937104e-02
6.837658938356316884e-01 9.051068345093332690e-01 -3.601115761480077726e+00 -9.396090126956435640e-01 -7.046330880825035260e-03 4.827984796692443403e+00 4.646990578277399725e-02
7.660986390186907968e-01 9.279909281368728946e-01 -3.733538340791467736e+00 -8.553086586951164083e-01 2.098550090926359565e-03 5.835776341377064469e+00 3.684422622717081069e-02
8.484313842017499052e-01 9.575088135437814785e-01 -3.721153907394784799e+00 -7.351883790680445729e-01 5.736628199011329678e-03 7.053933875249061458e+00 3.359943482933974712e-02
9.307641293848092356e-01 9.717344179976272756e-01 -3.610115495370172845e+00 -1.145546428756697654e+00 5.588580822122508202e-03 8.526369107669555802e+00 2.788106027441712362e-02
1.013096874567868344e+00 9.804881701915101333e-01 -3.698612036984367357e+00 -1.179472887746794818e+00 9.793665628791262123e-03 1.030615986000504236e+01 2.176206022399277545e-02
1.095429619750927452e+00 9.841406493164656100e-01 -4.133384111513826120e+00 -1.533758340606903525e+00 6.005934793121961435e-03 1.245746339604697184e+01 1.782751472628846603e-02
1.177762364933986783e+00 9.872186409192487133e-01 -3.937620357509596047e+00 -1.288274782038588473e+00 3.581070463070694853e-04 1.505782914022976193e+01 1.216586347649858957e-02
1.260095110117045891e+00 9.930632253185529557e-01 -3.388118680866488930e+00 -1.337977398711103882e+00 1.399633773537569195e-02 1.820099415169074675e+01 1.093846559524536133e-02
1.342427855300105000e+00 9.942972736513085996e-01 -3.623459971296291382e+00 -1.775021863531519584e+00 8.117654106833717409e-03 2.200026212442638140e+01 7.325280073917273330e-03
1.424760600483164330e+00 9.967889210606795114e-01 -4.176048172250206747e+00 -1.254480697680824042e+00 -6.425731322344611571e-03 2.659258771854003456e+01 5.580480046132031864e-03
1.507093345666223438e+00 9.973464296674586782e-01 -3.818013377289721344e+00 -4.067875142128815624e-01 1.454038018325589689e-03 3.214351345310091546e+01 4.552548224071286710e-03
1.589426090849282547e+00 9.977712895149338790e-01 -3.717207423458392057e+00 -7.443260451519175813e-01 2.734054625034332536e-03 3.885313712397161368e+01 4.782860279083252057e-03
1.671758836032341877e+00 9.977176898557956752e-01 -3.914199777066750041e+00 -3.865819352311901547e+00 -8.383530157583730935e-03 4.696332485795863221e+01 3.433125990408437966e-03
1.754091581215401208e+00 9.966442545457158131e-01 -7.244787434100013357e+00 -1.051181326646892700e+01 -7.754648235482229039e-04 5.676642981689559520e+01 1.104385395285109378e-03
