-1.188666512399836117e+00 -6.540252051200530214e-01 -1.653692556870487662e+00 2.094573410131609914e-01 -7.180403300694056246e-02 6.476397367761962953e-02 5.778557232448032488e-02
-9.887155598124067746e-01 -7.883349437449727048e-03 -1.245776816084041450e+00 6.187982170799770643e-01 -5.690642765590123511e-03 1.026323894686307497e-01 1.000126615747228970e-01
-7.887646072249772100e-01 3.803364046755719485e-02 -1.476764228273200974e+00 3.204855781563454437e-02 8.512610612913619262e-04 1.626430061329100507e-01 1.021593226942905108e-01
-5.888136546375477565e-01 -2.107477152435206502e-01 -1.796370702103522676e+00 2.077111800110164885e-01 -9.703679238596270989e-03 2.577426831910115679e-01 1.030080733760710687e-01
-3.888627020501183029e-01 -2.779366668302762911e-02 -1.879573684812881451e+00 1.352724939532638226e-01 2.341034325101701719e-03 4.084484929171515732e-01 1.236921394950852016e-01
-1.889117494626889049e-01 6.197572639481474521e-02 -2.075945784855011578e+00 -9.671479573800237373e-02 5.969290359778338557e-03 6.472741313190084611e-01 1.166720939671389012e-01
1.103920312474056600e-02 2.891789013836564282e-01 -2.523125085441064286e+00 -8.059231865102184367e-02 2.191614672615264849e-03 1.025744514522565209e+00 1.131528951780014364e-01
2.109901557121700300e-01 5.437882690035591438e-01 -2.870198883702360426e+00 -3.809889896700986434e-01 -4.700691526393124733e-04 1.625511909349859341e+00 1.083273129512792449e-01
4.109411082995995113e-01 7.502618340888174142e-01 -3.070035169632658878e+00 -7.157617771244596527e-01 -7.047989215070043535e-03 2.575971823420458495e+00 7.967231705871938297e-02
6.108920608870288538e-01 8.625029140166330377e-01 -3.369229734564299861e+00 -8.434057925447784321e-01 7.660071558884320184e-04 4.082179156540360232e+00 5.604068979786239885e-02
8.108430134744583073e-01 9.378110709905013165e-01 -3.622266317372275779e+00 -9.519680013073276159e-01 -1.047759085465260840e-04 6.469087322533415119e+00 3.664610860773670487e-02
1.010793966061887872e+00 9.768968140779297205e-01 -3.813587043163782830e+00 -1.143008953972574293e+00 1.013453020138686995e-02 1.025165461430399283e+01 2.332435565048389045e-02
1.210744918649317325e+00 9.894496219378993151e-01 -3.763504582750434313e+00 -1.429808868427824953e+00 4.324668917376669683e-03 1.624594275685593558e+01 1.279193977471804709e-02
1.410695871236746557e+00 9.954899317719283491e-01 -3.791206176156091789e+00 -1.154395770841252444e+00 1.625564550880669989e-03 2.574517636311907509e+01 6.252106458539665769e-03
1.610646823824176233e+00 9.976747565510113436e-01 -4.422396469805673469e+00 -2.016943960203644970e+00 -2.515081332938018908e-03 4.079874685563520842e+01 4.418667656423799252e-03
