-1.087691998831055384e+00 -2.127827525157337529e-01 -1.478384683143239009e+00 5.334497852615278229e-02 -1.045154853605888279e-02 8.171616960822593312e-02 9.672847935851190682e-02
-8.257872369262934109e-01 -5.114502729272940584e-03 -1.491081832471476298e+00 6.623702146145708791e-02 -1.259490295692726296e-02 1.493525916316219004e-01 9.492139463071469496e-02
-5.638824750215315484e-01 -2.505048926956923161e-01 -1.734543325252379864e+00 2.107948107140023841e-01 -1.338933191453612129e-02 2.729716374865001627e-01 1.047731359891472952e-01
-3.019777131167696860e-01 7.724464099513106419e-03 -2.014541621393196369e+00 5.872339249757109469e-02 1.425526929507354643e-02 4.989100895942188418e-01 1.223997243832770920e-01
-4.007295121200771942e-02 2.306347734479086142e-01 -2.398429332194778496e+00 -1.024199254705167733e-01 -2.065922022705938676e-03 9.118576559486750721e-01 1.124630391051686940e-01
2.218318106927542055e-01 5.520186075704509587e-01 -2.809163474397776916e+00 -3.766758116545425028e-01 1.819598861455383985e-03 1.666601662412735996e+00 1.081762463187744688e-01
4.837365725975161235e-01 7.826586020387620302e-01 -3.205917941237884428e+00 -7.533777035846340731e-01 -4.683617915445052390e-03 3.046046806798136330e+00 7.140085918772527684e-02
7.456413345022779859e-01 9.149813544461461445e-01 -3.517707899237668911e+00 -9.248183217952720137e-01 -3.577803198154681959e-04 5.567257826787955111e+00 4.360190770959341405e-02
1.007546096407039737e+00 9.713724475605229891e-01 -3.747306654004373794e+00 -1.145526963646609220e+00 6.378986494169963314e-03 1.017527361718764034e+01 2.340317569680847032e-02
1.269450858311801600e+00 9.910023445266253894e-01 -3.823686112296050155e+00 -1.279937827375445591e+00 7.395961297252190252e-03 1.859734116973173812e+01 1.095134745199213486e-02
1.531355620216563906e+00 9.971645279217797864e-01 -4.095511741981558096e+00 -1.412619219705682827e+00 -2.861530344251176326e-03 3.399034872135383978e+01 4.998401856758225535e-03
