-1.334896435250783275e+00 7.895330873713272135e-01 -2.420738584816056083e+00 1.549648333508479858e-01 -1.153024710141695580e-01 4.624912969994000866e-02 1.689618367415208211e-01
-1.227053297995881254e+00 -1.551990801902211725e+00 -1.690011264684692316e+00 -2.708479648786766614e+00 -5.222900825388291507e-02 5.928525633689527702e-02 3.802373479394351857e-02
-1.119210160740979454e+00 -1.715328635189047546e+00 -9.178437193554275231e-01 2.488036012289478460e+00 -3.285846610864003037e-02 7.599584341877764493e-02 4.401561121145883965e-02
-1.011367023486077432e+00 1.771828355281956924e-01 -1.172591090690924487e+00 9.913874180229576005e-01 3.214020314423934183e-02 9.741660193070904306e-02 1.308247732079547421e-01
-9.035238862311754104e-01 -4.062646764497106489e-01 -1.453498159542182533e+00 -2.826985854944294441e-01 -1.949134366265658710e-02 1.248751761255058879e-01 7.201706129929115463e-02
-7.956807489762734997e-01 1.674817064365730079e-01 -1.339864242877127909e+00 4.804049060037050012e-01 7.562962113594521273e-03 1.600734300244608110e-01 1.136883034998056735e-01
-6.878376117213715890e-01 -2.074038688866766122e-01 -1.918167814321428022e+00 -1.810121038217856748e-01 -2.104102200224199429e-02 2.051929278085104502e-01 9.142229939235074765e-02
-5.799944744664694563e-01 -1.916080604930456843e-01 -1.667243944344539042e+00 3.904037699499208203e-01 1.227091315263759662e-02 2.630301457037227397e-01 1.039139753330253629e-01
-4.721513372115674345e-01 -2.430011971057797204e-01 -1.954518011189936288e+00 5.748197361832833030e-01 -4.483820421422422819e-02 3.371697957031253301e-01 1.109831059874281933e-01
-3.643081999566656348e-01 1.520520135799000583e-01 -1.933435941835178085e+00 -1.299208504503843870e-02 2.370662518909999114e-02 4.322070036129634918e-01 1.382466724940708547e-01
-2.564650627017636686e-01 -1.505746939204708479e-01 -1.861878024425646094e+00 -3.097336071404708790e-01 1.510724154385653488e-02 5.540321118697547620e-01 1.102693108689812851e-01
-1.486219254468617024e-01 1.937440100595678727e-01 -2.412522409030443349e+00 1.474256706147845410e-02 -4.720532797216400582e-04 7.101957590158167744e-01 1.185357628799066504e-01
-4.077878819195976390e-02 1.952355553428292145e-01 -2.130958593428166736e+00 -6.056480992102963173e-02 5.602596528854104224e-03 9.103768632144273454e-01 1.110796313667961888e-01
6.706434906294217457e-02 3.935601254731529997e-01 -2.568337266878552683e+00 -6.928218337475451627e-02 3.489182521361498639e-03 1.166982515109164842e+00 1.150234529805151951e-01
1.749074863178441963e-01 4.725006296474303369e-01 -3.034925642615655228e+00 -2.032427032575200576e-01 9.118967418429218749e-03 1.495916960984702504e+00 1.073226070269921312e-01
2.827506235727462180e-01 6.829394100025887315e-01 -2.908522389353045412e+00 -6.648258428585513968e-01 -1.234766232070102533e-02 1.917567337289862506e+00 1.039799823555895147e-01
3.905937608276482398e-01 7.173727766461828192e-01 -3.054943303615297978e+00 -7.450852032268040492e-01 -3.321473316479754863e-03 2.458067251687866772e+00 7.714315640029087429e-02
4.984368980825502615e-01 8.317818305067835594e-01 -3.120039041914748346e+00 -6.902390476504505212e-01 -7.619743847715261705e-03 3.150916526540215035e+00 7.181994822802464928e-02
6.062800353374522278e-01 8.734441441810328888e-01 -3.395722224361828800e+00 -1.108870558580922872e+00 6.596443486451762346e-04 4.039057495439500656e+00 5.475481498598542413e-02
7.141231725923540274e-01 9.050431564789026551e-01 -3.701811422329191803e+00 -8.361289460871563772e-01 -8.932743553353959809e-03 5.177536540258389053e+00 4.140730144596901224e-02
8.219663098472559382e-01 9.529828565188090961e-01 -3.622663431031188708e+00 -9.015114739067562333e-01 9.840841004342744391e-03 6.636915828996856170e+00 3.614770908548374517e-02
9.298094471021578489e-01 9.689356199670821068e-01 -3.625994299810414212e+00 -1.135365317848399558e+00 4.045571560717829349e-03 8.507646711652322224e+00 2.646264658912641371e-02
1.037652584357059871e+00 9.807167649107586538e-01 -3.877373311673680156e+00 -1.202899575565704371e+00 8.896619491997501475e-03 1.090567583425696974e+01 2.056828412142666998e-02
1.145495721611961892e+00 9.878386999044173056e-01 -4.058457696034788675e+00 -1.233739712167301050e+00 4.664408023281569476e-03 1.397963143427210042e+01 1.456077023024272485e-02
1.253338858866864136e+00 9.926395462583349483e-01 -3.632316025950961258e+00 -1.566737984172398734e+00 9.539271509924601017e-03 1.792003521911064112e+01 1.114544314007426436e-02
1.361181996121765936e+00 9.946410394800250243e-01 -3.662504152559004744e+00 -1.614189939126700946e+00 3.520438636558642902e-03 2.297111077384323963e+01 6.687448796442741102e-03
1.469025133376667736e+00 9.969041827812699097e-01 -3.958138162435052010e+00 -5.997896943048676155e-01 -4.242227154393349992e-03 2.944592037528176576e+01 4.999639911036337682e-03
1.576868270631569535e+00 9.977350684810057935e-01 -3.695891397062537109e+00 -9.909950081458454019e-01 2.539187900779783270e-03 3.774576838202969498e+01 4.964712054230446120e-03
1.684711407886471557e+00 9.977573073410705984e-01 -4.492353351499288827e+00 -4.050664488029227961e+00 -4.129538752815940100e-03 4.838507380960749771e+01 3.056291016665371816e-03
