-1.292219990557789133e+00 4.518568045626202290e-01 -1.171869558128613820e+00 6.712991151011847180e+00 -5.591714382171630859e-02 5.102464706940635503e-02 7.956308126449584961e-02
-1.209887245374729803e+00 9.332834158818295034e-01 -1.029270791396644125e+00 -8.940164940381576386e-01 -3.386973738670349260e-02 6.167551074285726465e-02 5.700512528419494906e-02
-1.127554500191670472e+00 2.930523739443203768e-01 3.040805522796088400e-01 3.255541589169903549e-01 2.730873525142669955e-02 7.454963128344785361e-02 5.668888688087463795e-02
-1.045221755008611364e+00 6.625874601969152788e-01 -1.543955151793048985e+00 4.980021722569761243e-03 4.076491991678873883e-02 9.011109040781901947e-02 6.449431578318277902e-02
-9.628890098255522556e-01 9.127994554213914036e-02 4.095920108784387725e-01 -3.855810877886728938e-01 -5.067661229301901465e-02 1.089208420577260084e-01 5.679602833355174019e-02
-8.805562646424931472e-01 1.424909036752277647e-01 1.992680296123907069e-01 9.865030153337546459e-02 1.055153975119957691e-02 1.316569334681435277e-01 5.572236501253568369e-02
-7.982235194594338168e-01 2.785683431948816624e-01 3.984142704148605496e-01 -2.161942919080181436e-01 4.084103607705661353e-03 1.591389471727433225e-01 5.896065064838953984e-02
-7.158907742763745974e-01 1.454381586702135909e-02 -9.457344728893808672e-02 -5.132808449916271831e-01 -5.502894360532042950e-03 1.923575450234606410e-01 5.133691910774477313e-02
-6.335580290933154890e-01 -1.027199621598229307e-01 -7.882752157910458135e-02 1.870661588319057766e-01 6.113679373442237538e-03 2.325101792164560588e-01 4.853361329035972560e-02
-5.512252839102562696e-01 1.002698934109805817e-01 -1.701988747461434873e-02 2.281661942686664390e-01 -1.246231592487736378e-02 2.810442576228296963e-01 5.511034661223331022e-02
-4.688925387271970502e-01 6.082950629820438326e-02 -5.425841530966554749e-02 -1.699050565642601096e-01 -9.539865618967181132e-03 3.397093194325712107e-01 5.291925526033497418e-02
-3.865597935441379418e-01 6.445075024825430710e-02 -3.284960361913957794e-01 -4.651422333934916026e-02 1.665174264774144184e-03 4.106201019207956771e-01 5.167204420143198251e-02
-3.042270483610787224e-01 5.396763210248656240e-02 -2.428264374462794362e-01 -1.498669445958854540e-01 3.925167606906362211e-04 4.963327717446144316e-01 5.199414443568319694e-02
-2.218943031780194752e-01 3.539185641155107032e-02 -1.331987009097157781e-01 -3.606436399202147536e-01 2.966353809040103706e-03 5.999370687293071880e-01 4.881774664121077412e-02
-1.395615579949603946e-01 8.561529313821925058e-04 -3.176716919630561131e-01 -3.227094321547873679e-01 -8.501984528100608573e-04 7.251676837102158935e-01 4.534912109375000000e-02
-5.722881281190112662e-02 4.141664300821301659e-03 -5.795383100386171105e-01 -3.495443811938577783e-01 -1.120442461163173109e-03 8.765388853391766766e-01 4.319551161483875523e-02
2.510393237115809625e-02 7.197952032535037681e-03 -7.879711271955619489e-01 -5.012719512341570205e-01 -5.656598032216639173e-04 1.059507248834704818e+00 3.972015892875076226e-02
1.074366775542173053e-01 6.323854412701779282e-03 -1.249668170431746939e+00 -4.787991913878521522e-01 1.049372219540045887e-03 1.280668352664026122e+00 3.571876468043332087e-02
1.897694227372765385e-01 3.260075237817805505e-02 -1.845500776372200447e+00 -4.145518064695319915e-01 -3.193522368889348067e-04 1.547994533608959333e+00 3.312602108026869996e-02
2.721021679203355914e-01 1.701518344499830526e-02 -2.418904622729385778e+00 -3.454804369119578999e-01 -8.710965493482267620e-04 1.871122270725672276e+00 3.052348054820491763e-02
3.544349131033948108e-01 2.193378401677614775e-02 -2.787731796259337091e+00 -2.991046183984225615e-01 -9.701648711711290812e-04 2.261699557713046538e+00 2.905899353539803665e-02
4.367676582864540302e-01 2.280689335787244865e-02 -2.945564375187168071e+00 -3.915606972112711248e-01 -6.772176861473363542e-04 2.733805785645180286e+00 2.725096245707466641e-02
5.191004034695131386e-01 4.875531251430254009e-03 -2.967155433833327027e+00 -5.283919540257048242e-01 -1.203760183795555281e-03 3.304459271851388102e+00 2.504978681193455875e-02
6.014331486525723580e-01 1.614164173770316069e-02 -2.993449992546528104e+00 -6.433741030074063838e-01 -8.056914550045496707e-05 3.994230730164179732e+00 2.230354646109662317e-02
6.837658938356316884e-01 1.285178062744007921e-02 -3.080398390572780976e+00 -7.278001638455394717e-01 7.092785327605397397e-05 4.827984796692443403e+00 1.962738863923099708e-02
7.660986390186907968e-01 1.092459807566448227e-03 -3.203778959164484075e+00 -8.398000807793999378e-01 -1.391862261097244089e-03 5.835776341377064469e+00 1.692506535399663017e-02
8.484313842017499052e-01 1.155244653678655364e-02 -3.445465440785546285e+00 -7.964810919769310660e-01 -8.113109781657815373e-04 7.053933875249061458e+00 1.427501028596181616e-02
9.307641293848092356e-01 2.132575734139829926e-02 -3.744393346915018128e+00 -6.150722179502255971e-01 6.418181740299285431e-04 8.526369107669555802e+00 1.251345985740056829e-02
1.013096874567868344e+00 1.606305428896070975e-02 -3.703325527384044857e+00 -5.351705378945984526e-01 -1.275548221994264163e-03 1.030615986000504236e+01 1.130564284158466597e-02
1.095429619750927452e+00 1.209065395247099772e-02 -3.385094285847057627e+00 -6.362253896839733525e-01 -8.706720863900533833e-04 1.245746339604697184e+01 1.021535081412554627e-02
1.177762364933986783e+00 3.604219423405741196e-02 -3.175001515669551910e+00 -8.604034725455480537e-01 -1.075347171598232520e-03 1.505782914022976193e+01 8.882411635225564636e-03
1.260095110117045891e+00 2.111968096726446475e-02 -3.177802131470756741e+00 -9.626749081508214623e-01 -9.593767229597328352e-04 1.820099415169074675e+01 7.371816666432042149e-03
1.342427855300105000e+00 2.819780615069567009e-02 -3.343695097731207877e+00 -9.394661560539581124e-01 -1.405769637789948748e-03 2.200026212442638140e+01 6.166114143680847051e-03
1.424760600483164330e+00 2.438526825756015537e-02 -3.382428429740345521e+00 -9.693181114647119179e-01 -8.239057431896212738e-04 2.659258771854003456e+01 5.162699778999979734e-03
1.507093345666223438e+00 3.398782988681203765e-02 -3.370808552912383238e+00 -1.146751832964846063e+00 -4.622190636989773407e-04 3.214351345310091546e+01 4.269709401510243460e-03
1.589426090849282547e+00 2.599471488499471850e-02 -3.540882328029474113e+00 -1.055403329071415097e+00 -1.565332528996939360e-03 3.885313712397161368e+01 3.342307610224707660e-03
1.671758836032341877e+00 7.031748697920325863e-02 -3.683924606701554527e+00 -9.349059223721847278e-01 -2.002922873250862976e-03 4.696332485795863221e+01 2.861605823970212945e-03
1.754091581215401208e+00 4.663244329985027914e-02 -3.670072696593973838e+00 -1.061392851893149025e+00 -1.399643797005980638e-03 5.676642981689559520e+01 2.344766904972870377e-03
1.836424326398460316e+00 3.786147035483355960e-02 -3.648770883010266974e+00 -1.156696900032340602e+00 -1.079345601103752061e-03 6.861583084040191238e+01 1.913528947765846550e-03
1.918757071581519424e+00 1.750622771924637000e-02 -3.681083447424965183e+00 -1.252528043996778528e+00 4.002927408444448818e-04 8.293867092056143520e+01 1.512277927376008474e-03
2.001089816764578977e+00 -7.735239526533987942e-04 -4.045519404487620818e+00 -1.022090177083856855e+00 1.826996316777557963e-03 1.002512547005238162e+02 1.190109418028390941e-03
2.083422561947637863e+00 1.197647351493491552e-02 -4.123961367758114172e+00 -8.700873977325395137e-01 2.455574077673209309e-03 1.211776600405794113e+02 1.026428336847374882e-03
2.165755307130697194e+00 5.521610687213451829e-02 -3.815273185123679855e+00 -1.140750827360011321e+00 3.821272328020488065e-03 1.464722345548212843e+02 8.556842218735197757e-04
2.248088052313756080e+00 1.432575551003071324e-01 -3.964819092692132951e+00 -1.317353619613350846e+00 2.912510290338958269e-03 1.770467880655403121e+02 6.660185706829798141e-04
2.330420797496815410e+00 1.321016479967999091e-01 -4.003552195672366310e+00 -1.327758728133500821e+00 -1.016913115008031025e-03 2.140034611992789451e+02 5.192671443077999903e-04
2.412753542679874741e+00 4.396847765760847349e-02 -3.953204537020372111e+00 -1.824147314758774341e+00 -1.433109585272939824e-03 2.586744549599944207e+02 4.025782399070885055e-04
2.495086287862933627e+00 -2.144997558728471976e-01 -3.692023260849436106e+00 -2.092332403369403959e+00 -3.131585050924832591e-04 3.126700534368533795e+02 2.600259742136229045e-04
