-1.188666512399836117e+00 4.281304781263352011e-01 -6.064380708304568934e-03 1.453737471509319201e+00 -2.447692871093750180e-02 6.476397367761962953e-02 7.366085052490234375e-02
-9.887155598124067746e-01 2.864827380589245465e-01 -3.358642512689615223e-01 -3.132400663844018829e-01 4.934302065521478653e-03 1.026323894686307497e-01 6.057512760162353516e-02
-7.887646072249772100e-01 1.135575781783783045e-01 6.873435507420018464e-02 -1.517673965573052564e-01 -4.034216914858136487e-03 1.626430061329100507e-01 5.520411218915666912e-02
-5.888136546375477565e-01 3.785504289448649029e-02 -9.091284400461913107e-02 -8.019900445311159420e-02 -8.870106890685576506e-03 2.577426831910115679e-01 5.267472374708132010e-02
-3.888627020501183029e-01 4.096753735394320639e-02 -1.444628306237471516e-01 -1.155166821694393886e-01 9.371304717304374757e-04 4.084484929171515732e-01 5.127429469485123709e-02
-1.889117494626889049e-01 2.439662011789112128e-02 -3.525890625148097590e-01 -2.722967435270298719e-01 1.696101360761003362e-04 6.472741313190084611e-01 4.735948001028239540e-02
1.103920312474056600e-02 6.103461363550888308e-03 -9.051653248703639409e-01 -4.075318795575609276e-01 -4.651464226090958791e-04 1.025744514522565209e+00 3.990319850195064855e-02
2.109901557121700300e-01 2.063079769681175346e-02 -1.922315596976255536e+00 -3.854688322553878610e-01 -1.872318649675575367e-04 1.625511909349859341e+00 3.254124392409032951e-02
4.109411082995995113e-01 2.056192247137156315e-02 -2.750156550097436980e+00 -4.102984708019798421e-01 -1.231559461120772768e-03 2.575971823420458495e+00 2.798066218557264742e-02
6.108920608870288538e-01 9.510723484768446312e-03 -3.035169732334672243e+00 -6.157708616056222217e-01 5.912020373822650848e-05 4.082179156540360232e+00 2.230257508326675617e-02
8.108430134744583073e-01 1.068421382481232751e-02 -3.349558622495719451e+00 -7.123808796088987316e-01 -9.617801360040333092e-04 6.469087322533415119e+00 1.587121034560009733e-02
1.010793966061887872e+00 1.766328830946628514e-02 -3.499708967885907906e+00 -6.820160588540384872e-01 -5.654442911796605858e-04 1.025165461430399283e+01 1.157370848160978183e-02
1.210744918649317325e+00 2.569327383453146041e-02 -3.335025365112179951e+00 -8.094357724987790714e-01 -8.298364563748345446e-04 1.624594275685593558e+01 8.469748726135348932e-03
1.410695871236746557e+00 2.595609990784875087e-02 -3.338121059948846003e+00 -9.966639051398775706e-01 -1.085903536707831431e-03 2.574517636311907509e+01 5.492595688040180675e-03
1.610646823824176233e+00 4.370169503828491564e-02 -3.537465708133012754e+00 -1.029214684465776353e+00 -1.352937950042461604e-03 4.079874685563520842e+01 3.383005717146526318e-03
1.810597776411605908e+00 4.275680643866708319e-02 -3.692973512708384476e+00 -1.081397478010998503e+00 -1.238398754458630048e-03 6.465435394626841514e+01 2.129083618694290608e-03
2.010548728999035362e+00 1.110287852863411917e-02 -3.872818900318628188e+00 -1.074402333187782999e+00 1.580513299740715291e-03 1.024586735225171594e+02 1.249826762663063017e-03
2.210499681586464593e+00 8.092861077857682606e-02 -3.985076351164391628e+00 -1.181741324814413518e+00 3.261820722006682216e-03 1.623677160043704077e+02 7.916572228645959997e-04
