-1.334896435250783275e+00 -2.725856611457776690e+00 1.187053576053559212e+00 5.516713119621474704e+00 -9.006587266921997625e-02 4.624912969994000866e-02 1.419053077697753941e-02
-1.227053297995881254e+00 7.614403728006701177e-01 6.077921608696241762e-01 2.837016647279513304e+00 2.071730295817057060e-02 5.928525633689527702e-02 9.889180130428737447e-02
-1.119210160740979454e+00 3.618189173434851469e-01 -6.267225990979519157e-01 -8.480502897997683753e-01 1.792747259140014746e-02 7.599584341877764493e-02 5.806363105773926225e-02
-1.011367023486077432e+00 4.520990646454030593e-01 -1.293925813634152489e+00 -5.427480320340177106e-02 -1.618229128696300340e-02 9.741660193070904306e-02 6.490041591503001306e-02
-9.035238862311754104e-01 5.099351677170094188e-02 6.334427898330795559e-01 -3.467650317276159688e-01 -3.138503693697745206e-02 1.248751761255058879e-01 5.651944143730296827e-02
-7.956807489762734997e-01 1.259317970504607587e-01 3.113371377755007607e-01 -1.661529070962449728e-01 3.139864723637419107e-03 1.600734300244608110e-01 5.463299661312463751e-02
-6.878376117213715890e-01 1.135942083068248731e-01 -3.233473224616159603e-01 -1.245208619886898488e-01 1.227416861098246798e-02 2.051929278085104502e-01 5.204283658581500965e-02
-5.799944744664694563e-01 -1.513658249960081470e-02 7.881489928865709205e-02 4.337514692841008129e-02 -9.068402159572844234e-03 2.630301457037227397e-01 5.135675577016977217e-02
-4.721513372115674345e-01 6.640732024664697253e-02 -9.949779619082223248e-02 1.680724345134428088e-02 -1.086126502722924679e-02 3.371697957031253301e-01 5.317608788442576562e-02
-3.643081999566656348e-01 4.630278033050128084e-02 -2.915805469928492433e-01 -1.321435266635196670e-01 2.632634966832886336e-03 4.322070036129634918e-01 5.178722892839884157e-02
-2.564650627017636686e-01 3.081229201498580927e-02 -1.511533647837770278e-01 -2.374366360971695566e-01 1.095719993729430764e-03 5.540321118697547620e-01 4.979833684961736118e-02
-1.486219254468617024e-01 1.789356076913839466e-02 -3.338832421942862783e-01 -3.292949091057778555e-01 -1.810502027217691771e-04 7.101957590158167744e-01 4.602680719115893188e-02
-4.077878819195976390e-02 1.388607067040359411e-03 -6.162409339843402112e-01 -4.109022959850195944e-01 -6.449934140296966585e-04 9.103768632144273454e-01 4.228540031474994909e-02
6.706434906294217457e-02 7.290264918676570005e-03 -1.026071259356870824e+00 -4.613267506597135692e-01 4.640320570526082077e-04 1.166982515109164842e+00 3.753054440557796606e-02
1.749074863178441963e-01 2.464286613791710767e-02 -1.732327358155535846e+00 -4.193945037422855404e-01 -2.246101423135108354e-04 1.495916960984702504e+00 3.362703672732849508e-02
2.827506235727462180e-01 2.235844380743123860e-02 -2.442229240616331065e+00 -3.494181877918171586e-01 -7.396153024163294992e-04 1.917567337289862506e+00 3.047384302647710569e-02
3.905937608276482398e-01 2.260686465665584510e-02 -2.851451639858857856e+00 -3.434286277832975798e-01 -1.104716950600364862e-03 2.458067251687866772e+00 2.826987518622565282e-02
4.984368980825502615e-01 1.200737335985324616e-02 -2.960753021359855630e+00 -4.896274325323680121e-01 -9.652823758015305518e-04 3.150916526540215035e+00 2.569534095907186066e-02
6.062800353374522278e-01 7.552450534579646657e-03 -3.007982854204613865e+00 -6.378770272405642761e-01 -2.794126582875269610e-04 4.039057495439500656e+00 2.216756416523842782e-02
7.141231725923540274e-01 1.096796827129609131e-02 -3.121287019795778939e+00 -7.715627860020128903e-01 -9.322875537280435202e-04 5.177536540258389053e+00 1.871858712745158929e-02
8.219663098472559382e-01 9.302832654500159393e-03 -3.369664804947922310e+00 -7.997048407696569772e-01 -6.920569598045508627e-04 6.636915828996856170e+00 1.511132240061264717e-02
9.298094471021578489e-01 1.842042720239445153e-02 -3.683258005208219110e+00 -6.380317899145523386e-01 6.051556423573368256e-05 8.507646711652322224e+00 1.258310172100930886e-02
1.037652584357059871e+00 1.474203147236452516e-02 -3.608193727591713973e+00 -5.759506450559991331e-01 -1.464984779397359056e-03 1.090567583425696974e+01 1.100747661728646888e-02
1.145495721611961892e+00 2.076827816593607157e-02 -3.258542536110507370e+00 -7.607372010601873846e-01 -9.923676349176335180e-04 1.397963143427210042e+01 9.452856356326828219e-03
1.253338858866864136e+00 3.207623096606526669e-02 -3.195344248849442348e+00 -9.254427798935439542e-01 -8.735751117534079841e-04 1.792003521911064112e+01 7.544095870769465008e-03
1.361181996121765936e+00 3.123381360030608178e-02 -3.340730045907435386e+00 -9.581596355090264971e-01 -1.173272247026067947e-03 2.297111077384323963e+01 5.969772114567474357e-03
1.469025133376667736e+00 2.372149169281723147e-02 -3.381232692076553636e+00 -1.067287481757224876e+00 -1.243960737033829268e-03 2.944592037528176576e+01 4.687543561124630012e-03
1.576868270631569535e+00 3.363708478231208776e-02 -3.505182372525375456e+00 -1.036105882452287963e+00 -9.906289012161725600e-04 3.774576838202969498e+01 3.513649948809848163e-03
1.684711407886471557e+00 7.184066338480155078e-02 -3.668236861232776924e+00 -1.018933800788758948e+00 -1.938062492899713394e-03 4.838507380960749771e+01 2.802021729243859335e-03
1.792554545141373579e+00 3.330985780388606710e-02 -3.662155113618714264e+00 -1.100529627506522390e+00 -1.202496891259493671e-03 6.202325367618538365e+01 2.118304831607937568e-03
1.900397682396275600e+00 2.753384628737709505e-02 -3.697271151955062951e+00 -1.184518232952956884e+00 -3.448160318136709061e-04 7.950559322731866985e+01 1.622192404154569135e-03
2.008240819651177844e+00 -1.131911722337042292e-02 -4.014676404830653134e+00 -1.028866846372890942e+00 1.550762051828547764e-03 1.019156361488166311e+02 1.176262176019699434e-03
2.116083956906079866e+00 2.600471740600485138e-02 -3.981513668799902650e+00 -9.534651005511638466e-01 3.145503597133597357e-03 1.306423418780177030e+02 9.731726755585238479e-04
2.223927094160981888e+00 1.286146460262620472e-01 -3.916962078590216390e+00 -1.279082129980809057e+00 3.570414579249418015e-03 1.674661723786044547e+02 7.325795592454375236e-04
2.331770231415883909e+00 1.224661644734786892e-01 -4.000492048565958747e+00 -1.376200984293628471e+00 -7.870904139381688447e-04 2.146694439795509197e+02 5.155958903066303793e-04
2.439613368670785487e+00 1.931195169085353491e-02 -3.846733522701745844e+00 -1.924074964665147380e+00 -1.126366395216721718e-03 2.751777838112043924e+02 3.698512861959910394e-04
2.547456505925687509e+00 -2.950280788284933564e-01 -3.326506689858830690e+00 -7.747935631632317799e-01 1.412318340786792095e-03 3.527414582135837691e+02 1.982955124801252561e-04
2.655299643180589531e+00 4.522686027436656486e-01 -2.910404159427449677e+00 1.897530050387796763e+00 8.420374447382774491e-03 4.521678117300805297e+02 2.517183035641410598e-04
2.763142780435491552e+00 7.061059714720434588e-01 -3.502585061214688711e+00 2.182368101063120402e+00 1.752839048069794112e-02 5.796192230995775390e+02 5.088433150959709422e-04
2.870985917690393574e+00 8.297810304750792287e-01 -4.681508015339419515e+00 1.298629535985587280e+00 2.342289592929707245e-02 7.429950453596345596e+02 7.440834440166813708e-04
2.978829054945295152e+00 9.198495868059901603e-01 -5.783758305305104486e+00 9.331892427031209802e-01 2.854883086659730854e-02 9.524212024522953470e+02 9.697965615025015956e-04
3.086672192200197173e+00 9.346539061440356511e-01 -7.810983592082844318e+00 1.208667841797044451e+00 3.310247066631988311e-02 1.220877787201941828e+03 1.182763061331744241e-03
