-1.087691998831055384e+00 5.513628047389858011e-01 -3.074301129375127672e-01 -1.661941572275473233e-01 1.069131741921106916e-02 8.171616960822593312e-02 6.468446056048074433e-02
-8.257872369262934109e-01 9.254456756315621035e-02 -3.774458998618233224e-02 -1.721170022472672811e-01 -1.323211528885532423e-02 1.493525916316219004e-01 5.517885046945491395e-02
-5.638824750215315484e-01 5.063359043244641811e-02 -1.160695076044830909e-01 -7.550010537749145267e-02 -7.326499027992362106e-03 2.729716374865001627e-01 5.255855731110074813e-02
-3.019777131167696860e-01 4.118482296702297152e-02 -2.540401861448297605e-01 -1.890414879500177114e-01 1.433856093202467074e-03 4.989100895942188418e-01 5.037615011209387733e-02
-4.007295121200771942e-02 7.092575155885016969e-03 -7.908967996150763069e-01 -3.666549220504563000e-01 -6.136223292637808194e-04 9.118576559486750721e-01 4.184289300703606523e-02
2.218318106927542055e-01 2.047930502809636177e-02 -1.934416561175000382e+00 -3.845376547737040518e-01 -2.410563237167689303e-04 1.666601662412735996e+00 3.237185856761836539e-02
4.837365725975161235e-01 1.644995892594247611e-02 -2.817696508039368553e+00 -4.779510699299209797e-01 -9.924970950285297040e-04 3.046046806798136330e+00 2.631462697812917903e-02
7.456413345022779859e-01 9.106095360985944076e-03 -3.240250339678504510e+00 -6.636114861830896272e-01 -5.777999069432033065e-04 5.567257826787955111e+00 1.818914612577476539e-02
1.007546096407039737e+00 1.608290968666548082e-02 -3.425836824488210475e+00 -7.173519330208010247e-01 -7.126662303210359352e-04 1.017527361718764034e+01 1.181928490545045701e-02
1.269450858311801600e+00 2.780013289658034292e-02 -3.359383594958372576e+00 -8.494203747051483067e-01 -1.076193878517001578e-03 1.859734116973173812e+01 7.656962806273936301e-03
1.531355620216563906e+00 2.820028109226058177e-02 -3.455322217416530783e+00 -9.972195922057005557e-01 -1.076765094631285374e-03 3.399034872135383978e+01 4.242840634424683254e-03
1.793260382121325769e+00 5.478156750457185975e-02 -3.677708958102427594e+00 -1.062301157266066998e+00 -1.466857215718504704e-03 6.212413891076156602e+01 2.299870686001995526e-03
2.055165144026087631e+00 7.404752232773370579e-03 -3.863596822472217251e+00 -1.102291579715409586e+00 1.956456802479667433e-03 1.135442494880611122e+02 1.178184367754005072e-03
2.317069905930849494e+00 1.218738659308048478e-01 -3.876271995591633157e+00 -1.301939023911817150e+00 1.254830803261462952e-03 2.075247531450898464e+02 6.085728736182612151e-04
2.578974667835611356e+00 2.259932435707234788e-02 -3.524714578864777792e+00 1.089556937994063009e-02 3.023389433457129155e-03 3.792928603791494879e+02 2.450446335991358655e-04
2.840879429740373219e+00 7.835181645305764331e-01 -4.298635958009564995e+00 1.263645399822167281e+00 2.015397949218750151e-02 6.932333215884656283e+02 6.166231043198529488e-04
3.102784191645135081e+00 9.347238224742915325e-01 -9.352152655586037255e+00 9.332322661088163773e-01 3.154523955081905973e-02 1.267022104450334609e+03 1.125005617928144953e-03
