#     bins                         n
-3.190215830802917374e+00 1.000000000000000000e+00
-3.056580319404601731e+00 0.000000000000000000e+00
-2.922944808006286532e+00 4.000000000000000000e+00
-2.789309296607971334e+00 5.000000000000000000e+00
-2.655673785209655691e+00 1.400000000000000000e+01
-2.522038273811340048e+00 1.600000000000000000e+01
-2.388402762413024849e+00 2.600000000000000000e+01
-2.254767251014709650e+00 4.400000000000000000e+01
-2.121131739616394007e+00 4.700000000000000000e+01
-1.987496228218078365e+00 8.500000000000000000e+01
-1.853860716819763166e+00 9.700000000000000000e+01
-1.720225205421447745e+00 1.480000000000000000e+02
-1.586589694023132324e+00 1.820000000000000000e+02
-1.452954182624816903e+00 2.080000000000000000e+02
-1.319318671226501483e+00 2.290000000000000000e+02
-1.185683159828186284e+00 2.840000000000000000e+02
-1.052047648429870641e+00 3.070000000000000000e+02
-9.184121370315549981e-01 3.600000000000000000e+02
-7.847766256332397994e-01 3.700000000000000000e+02
-6.511411142349246006e-01 4.080000000000000000e+02
-5.175056028366089578e-01 4.560000000000000000e+02
-3.838700914382933149e-01 4.860000000000000000e+02
-2.502345800399781162e-01 5.050000000000000000e+02
-1.165990686416629174e-01 4.840000000000000000e+02
1.703644275665272545e-02 5.010000000000000000e+02
1.506719541549683683e-01 5.270000000000000000e+02
2.843074655532835671e-01 5.210000000000000000e+02
4.179429769515987658e-01 4.620000000000000000e+02
5.515784883499144087e-01 4.430000000000000000e+02
6.852139997482300515e-01 3.420000000000000000e+02
8.188495111465448062e-01 3.740000000000000000e+02
9.524850225448604490e-01 3.290000000000000000e+02
1.086120533943176092e+00 2.760000000000000000e+02
1.219756045341491735e+00 2.670000000000000000e+02
1.353391556739807378e+00 2.640000000000000000e+02
1.487027068138122132e+00 1.830000000000000000e+02
1.620662579536437775e+00 1.670000000000000000e+02
1.754298090934753418e+00 1.090000000000000000e+02
1.887933602333068173e+00 1.280000000000000000e+02
2.021569113731383815e+00 7.400000000000000000e+01
2.155204625129699458e+00 4.800000000000000000e+01
2.288840136528015101e+00 3.700000000000000000e+01
2.422475647926330744e+00 3.400000000000000000e+01
2.556111159324645499e+00 2.100000000000000000e+01
2.689746670722961142e+00 1.100000000000000000e+01
2.823382182121276784e+00 8.000000000000000000e+00
2.957017693519591539e+00 4.000000000000000000e+00
3.090653204917907182e+00 0.000000000000000000e+00
3.224288716316222825e+00 0.000000000000000000e+00
3.357924227714538468e+00 1.000000000000000000e+00
