#     bins                         n
-2.638541166782379044e+00 6.000000000000000000e+00
-2.528101279735564866e+00 6.000000000000000000e+00
-2.417661392688751132e+00 1.800000000000000000e+01
-2.307221505641936954e+00 2.500000000000000000e+01
-2.196781618595123220e+00 4.800000000000000000e+01
-2.086341731548309042e+00 4.400000000000000000e+01
-1.975901844501495308e+00 6.600000000000000000e+01
-1.865461957454681130e+00 9.800000000000000000e+01
-1.755022070407867396e+00 1.200000000000000000e+02
-1.644582183361053218e+00 1.710000000000000000e+02
-1.534142296314239262e+00 1.810000000000000000e+02
-1.423702409267425306e+00 1.820000000000000000e+02
-1.313262522220611350e+00 2.220000000000000000e+02
-1.202822635173797394e+00 2.490000000000000000e+02
-1.092382748126983438e+00 2.530000000000000000e+02
-9.819428610801694823e-01 3.110000000000000000e+02
-8.715029740333555264e-01 3.040000000000000000e+02
-7.610630869865415704e-01 3.130000000000000000e+02
-6.506231999397276144e-01 3.790000000000000000e+02
-5.401833128929136585e-01 3.310000000000000000e+02
-4.297434258460994805e-01 3.770000000000000000e+02
-3.193035387992857466e-01 3.780000000000000000e+02
-2.088636517524715686e-01 3.790000000000000000e+02
-9.842376470565783464e-02 3.980000000000000000e+02
1.201612234115634337e-02 3.920000000000000000e+02
1.224560093879700773e-01 4.090000000000000000e+02
2.328958964347842553e-01 3.690000000000000000e+02
3.433357834815979892e-01 3.550000000000000000e+02
4.537756705284121672e-01 3.920000000000000000e+02
5.642155575752259011e-01 3.710000000000000000e+02
6.746554446220400791e-01 3.510000000000000000e+02
7.850953316688538131e-01 3.100000000000000000e+02
8.955352187156679911e-01 2.860000000000000000e+02
1.005975105762482169e+00 2.750000000000000000e+02
1.116414992809295903e+00 2.430000000000000000e+02
1.226854879856110081e+00 2.330000000000000000e+02
1.337294766902923815e+00 1.950000000000000000e+02
1.447734653949737549e+00 1.750000000000000000e+02
1.558174540996551727e+00 1.510000000000000000e+02
1.668614428043365905e+00 1.500000000000000000e+02
1.779054315090180083e+00 1.100000000000000000e+02
1.889494202136993373e+00 8.900000000000000000e+01
1.999934089183807551e+00 5.800000000000000000e+01
2.110373976230621729e+00 4.600000000000000000e+01
2.220813863277435907e+00 3.600000000000000000e+01
2.331253750324249197e+00 2.900000000000000000e+01
2.441693637371063375e+00 1.000000000000000000e+01
2.552133524417877553e+00 1.300000000000000000e+01
2.662573411464691731e+00 3.000000000000000000e+00
2.773013298511505909e+00 3.000000000000000000e+00
