#     bins                         n
3.645318684168159795e-02 3.700000000000000000e+01
8.456575869582592941e-02 7.000000000000000000e+01
1.326783305499702470e-01 1.380000000000000000e+02
1.807909024041146062e-01 1.780000000000000000e+02
2.289034742582589099e-01 1.970000000000000000e+02
2.770160461124032136e-01 2.450000000000000000e+02
3.251286179665475728e-01 2.580000000000000000e+02
3.732411898206919321e-01 3.150000000000000000e+02
4.213537616748362358e-01 3.140000000000000000e+02
4.694663335289805395e-01 3.440000000000000000e+02
5.175789053831248987e-01 3.700000000000000000e+02
5.656914772372693134e-01 3.900000000000000000e+02
6.138040490914136171e-01 4.010000000000000000e+02
6.619166209455579208e-01 3.430000000000000000e+02
7.100291927997023356e-01 3.620000000000000000e+02
7.581417646538466393e-01 3.780000000000000000e+02
8.062543365079909430e-01 3.910000000000000000e+02
8.543669083621352467e-01 3.640000000000000000e+02
9.024794802162795504e-01 3.790000000000000000e+02
9.505920520704239651e-01 3.700000000000000000e+02
9.987046239245682688e-01 3.700000000000000000e+02
1.046817195778712462e+00 3.390000000000000000e+02
1.094929767632856876e+00 3.340000000000000000e+02
1.143042339487001069e+00 3.010000000000000000e+02
1.191154911341145484e+00 3.000000000000000000e+02
1.239267483195289898e+00 2.720000000000000000e+02
1.287380055049434091e+00 2.320000000000000000e+02
1.335492626903578506e+00 2.080000000000000000e+02
1.383605198757722921e+00 2.060000000000000000e+02
1.431717770611867113e+00 2.060000000000000000e+02
1.479830342466011528e+00 1.980000000000000000e+02
1.527942914320155721e+00 1.600000000000000000e+02
1.576055486174300135e+00 1.660000000000000000e+02
1.624168058028444550e+00 1.380000000000000000e+02
1.672280629882588743e+00 1.220000000000000000e+02
1.720393201736733158e+00 9.700000000000000000e+01
1.768505773590877350e+00 1.100000000000000000e+02
1.816618345445021765e+00 5.100000000000000000e+01
1.864730917299166180e+00 6.100000000000000000e+01
1.912843489153310372e+00 4.400000000000000000e+01
1.960956061007454787e+00 3.800000000000000000e+01
2.009068632861599202e+00 3.300000000000000000e+01
2.057181204715743394e+00 2.100000000000000000e+01
2.105293776569887587e+00 1.400000000000000000e+01
2.153406348424032224e+00 1.300000000000000000e+01
2.201518920278176417e+00 1.200000000000000000e+01
2.249631492132320609e+00 9.000000000000000000e+00
2.297744063986465246e+00 3.000000000000000000e+00
2.345856635840609439e+00 2.000000000000000000e+00
2.393969207694753631e+00 2.000000000000000000e+00
