#     bins                         n
-2.506903110299028015e-01 2.000000000000000000e+00
-2.410165715425080790e-01 0.000000000000000000e+00
-2.313428320551133288e-01 0.000000000000000000e+00
-2.216690925677185786e-01 0.000000000000000000e+00
-2.119953530803238007e-01 0.000000000000000000e+00
-2.023216135929290505e-01 0.000000000000000000e+00
-1.926478741055343002e-01 1.000000000000000000e+00
-1.829741346181395223e-01 1.000000000000000000e+00
-1.733003951307447721e-01 0.000000000000000000e+00
-1.636266556433500219e-01 0.000000000000000000e+00
-1.539529161559552717e-01 1.000000000000000000e+00
-1.442791766685605215e-01 2.000000000000000000e+00
-1.346054371811657713e-01 3.000000000000000000e+00
-1.249316976937710211e-01 2.000000000000000000e+00
-1.152579582063762431e-01 2.000000000000000000e+00
-1.055842187189814929e-01 1.000000000000000000e+00
-9.591047923158674271e-02 2.000000000000000000e+00
-8.623673974419199251e-02 2.000000000000000000e+00
-7.656300025679724230e-02 5.000000000000000000e+00
-6.688926076940246435e-02 3.000000000000000000e+00
-5.721552128200771414e-02 4.000000000000000000e+00
-4.754178179461296394e-02 0.000000000000000000e+00
-3.786804230721821374e-02 3.000000000000000000e+00
-2.819430281982346354e-02 2.000000000000000000e+00
-1.852056333242871333e-02 1.000000000000000000e+01
-8.846823845033935374e-03 4.000000000000000000e+00
8.269156423607870732e-04 5.000000000000000000e+00
1.050065512975559279e-02 3.000000000000000000e+00
2.017439461715034299e-02 5.000000000000000000e+00
2.984813410454509319e-02 5.000000000000000000e+00
3.952187359193984340e-02 5.000000000000000000e+00
4.919561307933459360e-02 4.000000000000000000e+00
5.886935256672934380e-02 2.000000000000000000e+00
6.854309205412409400e-02 2.000000000000000000e+00
7.821683154151884421e-02 1.000000000000000000e+00
8.789057102891359441e-02 2.000000000000000000e+00
9.756431051630834461e-02 2.000000000000000000e+00
1.072380500037030948e-01 1.000000000000000000e+00
1.169117894910979005e-01 1.000000000000000000e+00
1.265855289784926507e-01 1.000000000000000000e+00
1.362592684658874009e-01 4.000000000000000000e+00
1.459330079532821511e-01 1.000000000000000000e+00
1.556067474406769013e-01 3.000000000000000000e+00
1.652804869280716515e-01 1.000000000000000000e+00
1.749542264154664017e-01 0.000000000000000000e+00
1.846279659028611519e-01 1.000000000000000000e+00
1.943017053902559022e-01 0.000000000000000000e+00
2.039754448776506524e-01 0.000000000000000000e+00
2.136491843650454026e-01 0.000000000000000000e+00
2.233229238524402083e-01 1.000000000000000000e+00
