#     bins                         n
-3.229908179145654090e-01 1.000000000000000000e+00
-3.100229887020790054e-01 0.000000000000000000e+00
-2.970551594895925462e-01 0.000000000000000000e+00
-2.840873302771061426e-01 0.000000000000000000e+00
-2.711195010646196835e-01 0.000000000000000000e+00
-2.581516718521332798e-01 0.000000000000000000e+00
-2.451838426396468762e-01 0.000000000000000000e+00
-2.322160134271604170e-01 0.000000000000000000e+00
-2.192481842146739857e-01 0.000000000000000000e+00
-2.062803550021875543e-01 0.000000000000000000e+00
-1.933125257897011229e-01 1.000000000000000000e+00
-1.803446965772146915e-01 2.000000000000000000e+00
-1.673768673647282879e-01 1.000000000000000000e+00
-1.544090381522418565e-01 1.000000000000000000e+00
-1.414412089397554251e-01 0.000000000000000000e+00
-1.284733797272689937e-01 2.000000000000000000e+00
-1.155055505147825623e-01 6.000000000000000000e+00
-1.025377213022961309e-01 4.000000000000000000e+00
-8.956989208980969952e-02 4.000000000000000000e+00
-7.660206287732326813e-02 4.000000000000000000e+00
-6.363423366483683674e-02 3.000000000000000000e+00
-5.066640445235043311e-02 5.000000000000000000e+00
-3.769857523986397396e-02 6.000000000000000000e+00
-2.473074602737757033e-02 8.000000000000000000e+00
-1.176291681489116669e-02 3.000000000000000000e+00
1.204912397595292450e-03 6.000000000000000000e+00
1.417274161008169608e-02 1.000000000000000000e+00
2.714057082256815523e-02 3.000000000000000000e+00
4.010840003505455886e-02 3.000000000000000000e+00
5.307622924754101801e-02 4.000000000000000000e+00
6.604405846002742164e-02 1.000000000000000000e+01
7.901188767251388079e-02 4.000000000000000000e+00
9.197971688500028442e-02 3.000000000000000000e+00
1.049475460974866881e-01 6.000000000000000000e+00
1.179153753099731472e-01 2.000000000000000000e+00
1.308832045224595508e-01 1.000000000000000000e+00
1.438510337349460100e-01 3.000000000000000000e+00
1.568188629474324136e-01 0.000000000000000000e+00
1.697866921599188728e-01 1.000000000000000000e+00
1.827545213724053319e-01 1.000000000000000000e+00
1.957223505848917355e-01 0.000000000000000000e+00
2.086901797973781392e-01 0.000000000000000000e+00
2.216580090098645428e-01 0.000000000000000000e+00
2.346258382223509464e-01 0.000000000000000000e+00
2.475936674348374611e-01 0.000000000000000000e+00
2.605614966473238647e-01 0.000000000000000000e+00
2.735293258598102684e-01 0.000000000000000000e+00
2.864971550722966720e-01 0.000000000000000000e+00
2.994649842847830756e-01 0.000000000000000000e+00
3.124328134972695903e-01 1.000000000000000000e+00
