#     bins                         n
2.728916912106797016e-02 2.400000000000000000e+01
7.626812363276258555e-02 6.600000000000000000e+01
1.252470781444571801e-01 1.330000000000000000e+02
1.742260326561518025e-01 1.360000000000000000e+02
2.232049871678463970e-01 1.810000000000000000e+02
2.721839416795410194e-01 2.170000000000000000e+02
3.211628961912356695e-01 2.780000000000000000e+02
3.701418507029302640e-01 3.150000000000000000e+02
4.191208052146248586e-01 3.100000000000000000e+02
4.680997597263194532e-01 3.460000000000000000e+02
5.170787142380139922e-01 4.140000000000000000e+02
5.660576687497086423e-01 3.830000000000000000e+02
6.150366232614032924e-01 3.790000000000000000e+02
6.640155777730978315e-01 4.060000000000000000e+02
7.129945322847924816e-01 3.900000000000000000e+02
7.619734867964870206e-01 4.060000000000000000e+02
8.109524413081816707e-01 3.830000000000000000e+02
8.599313958198763208e-01 3.890000000000000000e+02
9.089103503315708599e-01 4.060000000000000000e+02
9.578893048432655100e-01 3.560000000000000000e+02
1.006868259354960049e+00 3.550000000000000000e+02
1.055847213866654810e+00 3.360000000000000000e+02
1.104826168378349349e+00 3.320000000000000000e+02
1.153805122890043888e+00 3.270000000000000000e+02
1.202784077401738649e+00 2.770000000000000000e+02
1.251763031913433188e+00 2.810000000000000000e+02
1.300741986425127728e+00 2.310000000000000000e+02
1.349720940936822267e+00 2.450000000000000000e+02
1.398699895448517028e+00 2.220000000000000000e+02
1.447678849960211567e+00 1.890000000000000000e+02
1.496657804471906106e+00 1.770000000000000000e+02
1.545636758983600867e+00 1.680000000000000000e+02
1.594615713495295406e+00 1.400000000000000000e+02
1.643594668006989945e+00 1.330000000000000000e+02
1.692573622518684706e+00 1.050000000000000000e+02
1.741552577030379245e+00 8.100000000000000000e+01
1.790531531542073784e+00 8.500000000000000000e+01
1.839510486053768545e+00 6.500000000000000000e+01
1.888489440565463084e+00 6.000000000000000000e+01
1.937468395077157624e+00 3.800000000000000000e+01
1.986447349588852163e+00 4.000000000000000000e+01
2.035426304100546702e+00 2.300000000000000000e+01
2.084405258612241685e+00 2.400000000000000000e+01
2.133384213123936224e+00 1.500000000000000000e+01
2.182363167635630763e+00 1.300000000000000000e+01
2.231342122147325302e+00 3.000000000000000000e+00
2.280321076659019841e+00 1.000000000000000000e+01
2.329300031170714380e+00 0.000000000000000000e+00
2.378278985682409363e+00 2.000000000000000000e+00
2.427257940194103902e+00 3.000000000000000000e+00
