#     bins                         n
-2.866455440521240128e+00 2.000000000000000000e+00
-2.745462074279784837e+00 6.000000000000000000e+00
-2.624468708038329989e+00 9.000000000000000000e+00
-2.503475341796874698e+00 1.700000000000000000e+01
-2.382481975555419851e+00 4.100000000000000000e+01
-2.261488609313964560e+00 2.300000000000000000e+01
-2.140495243072509712e+00 5.200000000000000000e+01
-2.019501876831054421e+00 9.100000000000000000e+01
-1.898508510589599574e+00 7.700000000000000000e+01
-1.777515144348144283e+00 1.180000000000000000e+02
-1.656521778106689213e+00 1.390000000000000000e+02
-1.535528411865234144e+00 1.690000000000000000e+02
-1.414535045623779075e+00 1.840000000000000000e+02
-1.293541679382324006e+00 2.420000000000000000e+02
-1.172548313140868936e+00 2.690000000000000000e+02
-1.051554946899413867e+00 2.670000000000000000e+02
-9.305615806579587979e-01 3.200000000000000000e+02
-8.095682144165037286e-01 3.680000000000000000e+02
-6.885748481750484373e-01 3.530000000000000000e+02
-5.675814819335935901e-01 3.940000000000000000e+02
-4.465881156921382988e-01 4.360000000000000000e+02
-3.255947494506834516e-01 4.590000000000000000e+02
-2.046013832092281604e-01 4.230000000000000000e+02
-8.360801696777331316e-02 4.410000000000000000e+02
3.738534927368197813e-02 4.310000000000000000e+02
1.583787155151368253e-01 4.420000000000000000e+02
2.793720817565921166e-01 4.330000000000000000e+02
4.003654479980469638e-01 4.030000000000000000e+02
5.213588142395022551e-01 3.870000000000000000e+02
6.423521804809571023e-01 3.770000000000000000e+02
7.633455467224123936e-01 3.810000000000000000e+02
8.843389129638672408e-01 3.540000000000000000e+02
1.005332279205322532e+00 2.930000000000000000e+02
1.126325645446777823e+00 2.790000000000000000e+02
1.247319011688232671e+00 2.260000000000000000e+02
1.368312377929687962e+00 1.870000000000000000e+02
1.489305744171143253e+00 1.890000000000000000e+02
1.610299110412597656e+00 1.510000000000000000e+02
1.731292476654052948e+00 1.430000000000000000e+02
1.852285842895508239e+00 9.800000000000000000e+01
1.973279209136963530e+00 5.800000000000000000e+01
2.094272575378417933e+00 5.700000000000000000e+01
2.215265941619873225e+00 4.900000000000000000e+01
2.336259307861328516e+00 2.000000000000000000e+01
2.457252674102783807e+00 1.800000000000000000e+01
2.578246040344238210e+00 1.000000000000000000e+01
2.699239406585693501e+00 1.200000000000000000e+01
2.820232772827148793e+00 8.000000000000000000e+00
2.941226139068604084e+00 3.000000000000000000e+00
3.062219505310059375e+00 2.000000000000000000e+00
