#     bins                         n
-3.147839231491088796e+00 4.000000000000000000e+00
-3.018245706558227326e+00 1.000000000000000000e+00
-2.888652181625366300e+00 7.000000000000000000e+00
-2.759058656692504830e+00 1.300000000000000000e+01
-2.629465131759643359e+00 1.600000000000000000e+01
-2.499871606826782333e+00 2.100000000000000000e+01
-2.370278081893920863e+00 3.100000000000000000e+01
-2.240684556961059393e+00 3.400000000000000000e+01
-2.111091032028197922e+00 5.500000000000000000e+01
-1.981497507095336896e+00 6.600000000000000000e+01
-1.851903982162475426e+00 8.500000000000000000e+01
-1.722310457229614178e+00 1.140000000000000000e+02
-1.592716932296752930e+00 1.730000000000000000e+02
-1.463123407363891459e+00 1.910000000000000000e+02
-1.333529882431030211e+00 2.360000000000000000e+02
-1.203936357498168741e+00 2.530000000000000000e+02
-1.074342832565307493e+00 3.200000000000000000e+02
-9.447493076324460226e-01 3.670000000000000000e+02
-8.151557826995849965e-01 4.250000000000000000e+02
-6.855622577667235262e-01 4.040000000000000000e+02
-5.559687328338620560e-01 4.300000000000000000e+02
-4.263752079010010299e-01 4.350000000000000000e+02
-2.967816829681395596e-01 4.600000000000000000e+02
-1.671881580352780894e-01 4.850000000000000000e+02
-3.759463310241706324e-02 4.340000000000000000e+02
9.199889183044440699e-02 4.740000000000000000e+02
2.215924167633058772e-01 4.370000000000000000e+02
3.511859416961673475e-01 4.840000000000000000e+02
4.807794666290283736e-01 3.940000000000000000e+02
6.103729915618898438e-01 4.060000000000000000e+02
7.399665164947513141e-01 4.110000000000000000e+02
8.695600414276123402e-01 3.830000000000000000e+02
9.991535663604738104e-01 3.250000000000000000e+02
1.128747091293335281e+00 3.100000000000000000e+02
1.258340616226196751e+00 2.460000000000000000e+02
1.387934141159058221e+00 2.340000000000000000e+02
1.517527666091918803e+00 1.730000000000000000e+02
1.647121191024780273e+00 1.170000000000000000e+02
1.776714715957641744e+00 1.410000000000000000e+02
1.906308240890503214e+00 8.300000000000000000e+01
2.035901765823364684e+00 6.900000000000000000e+01
2.165495290756226154e+00 4.100000000000000000e+01
2.295088815689086736e+00 4.000000000000000000e+01
2.424682340621948207e+00 1.900000000000000000e+01
2.554275865554809677e+00 1.700000000000000000e+01
2.683869390487671147e+00 1.400000000000000000e+01
2.813462915420532617e+00 7.000000000000000000e+00
2.943056440353394088e+00 5.000000000000000000e+00
3.072649965286254670e+00 2.000000000000000000e+00
3.202243490219116140e+00 2.000000000000000000e+00
