#     bins                         n
-2.260570579038930772e-01 1.000000000000000000e+00
-2.168255766404463825e-01 0.000000000000000000e+00
-2.075940953769997155e-01 0.000000000000000000e+00
-1.983626141135530208e-01 1.000000000000000000e+00
-1.891311328501063260e-01 1.000000000000000000e+00
-1.798996515866596313e-01 2.000000000000000000e+00
-1.706681703232129366e-01 1.000000000000000000e+00
-1.614366890597662696e-01 0.000000000000000000e+00
-1.522052077963195749e-01 1.000000000000000000e+00
-1.429737265328728801e-01 1.000000000000000000e+00
-1.337422452694262132e-01 2.000000000000000000e+00
-1.245107640059795184e-01 2.000000000000000000e+00
-1.152792827425328237e-01 3.000000000000000000e+00
-1.060478014790861290e-01 1.000000000000000000e+00
-9.681632021563946200e-02 3.000000000000000000e+00
-8.758483895219276727e-02 5.000000000000000000e+00
-7.835335768874607254e-02 2.000000000000000000e+00
-6.912187642529937781e-02 3.000000000000000000e+00
-5.989039516185268308e-02 3.000000000000000000e+00
-5.065891389840601611e-02 4.000000000000000000e+00
-4.142743263495932138e-02 1.000000000000000000e+00
-3.219595137151262665e-02 4.000000000000000000e+00
-2.296447010806595967e-02 2.000000000000000000e+00
-1.373298884461926495e-02 3.000000000000000000e+00
-4.501507581172570216e-03 2.000000000000000000e+00
4.729973682274124513e-03 3.000000000000000000e+00
1.396145494572081924e-02 6.000000000000000000e+00
2.319293620916748622e-02 5.000000000000000000e+00
3.242441747261415319e-02 3.000000000000000000e+00
4.165589873606084792e-02 3.000000000000000000e+00
5.088737999950754265e-02 4.000000000000000000e+00
6.011886126295423738e-02 1.000000000000000000e+00
6.935034252640093211e-02 4.000000000000000000e+00
7.858182378984762684e-02 2.000000000000000000e+00
8.781330505329432157e-02 2.000000000000000000e+00
9.704478631674101630e-02 1.000000000000000000e+00
1.062762675801877110e-01 5.000000000000000000e+00
1.155077488436343502e-01 2.000000000000000000e+00
1.247392301070810450e-01 1.000000000000000000e+00
1.339707113705277397e-01 1.000000000000000000e+00
1.432021926339744344e-01 0.000000000000000000e+00
1.524336738974211292e-01 0.000000000000000000e+00
1.616651551608678239e-01 3.000000000000000000e+00
1.708966364243145186e-01 0.000000000000000000e+00
1.801281176877611578e-01 1.000000000000000000e+00
1.893595989512078526e-01 0.000000000000000000e+00
1.985910802146545473e-01 2.000000000000000000e+00
2.078225614781012420e-01 1.000000000000000000e+00
2.170540427415479368e-01 1.000000000000000000e+00
2.262855240049946315e-01 1.000000000000000000e+00
