#     bins                         n
-2.382725884842602504e-01 1.000000000000000000e+00
-2.279352607432888478e-01 1.000000000000000000e+00
-2.175979330023175007e-01 0.000000000000000000e+00
-2.072606052613461536e-01 1.000000000000000000e+00
-1.969232775203748065e-01 2.000000000000000000e+00
-1.865859497794034039e-01 2.000000000000000000e+00
-1.762486220384320568e-01 0.000000000000000000e+00
-1.659112942974607097e-01 0.000000000000000000e+00
-1.555739665564893071e-01 1.000000000000000000e+00
-1.452366388155179600e-01 0.000000000000000000e+00
-1.348993110745466129e-01 3.000000000000000000e+00
-1.245619833335752519e-01 3.000000000000000000e+00
-1.142246555926038770e-01 0.000000000000000000e+00
-1.038873278516325299e-01 4.000000000000000000e+00
-9.355000011066115506e-02 4.000000000000000000e+00
-8.321267236968980796e-02 1.000000000000000000e+00
-7.287534462871843310e-02 4.000000000000000000e+00
-6.253801688774705825e-02 3.000000000000000000e+00
-5.220068914677571115e-02 2.000000000000000000e+00
-4.186336140580433629e-02 4.000000000000000000e+00
-3.152603366483298919e-02 4.000000000000000000e+00
-2.118870592386161433e-02 3.000000000000000000e+00
-1.085137818289026723e-02 4.000000000000000000e+00
-5.140504419188923757e-04 1.000000000000000000e+00
9.823277299052482481e-03 7.000000000000000000e+00
2.016060504002382958e-02 3.000000000000000000e+00
3.049793278099517668e-02 4.000000000000000000e+00
4.083526052196657929e-02 2.000000000000000000e+00
5.117258826293792640e-02 3.000000000000000000e+00
6.150991600390927350e-02 6.000000000000000000e+00
7.184724374488062060e-02 2.000000000000000000e+00
8.218457148585202321e-02 2.000000000000000000e+00
9.252189922682337031e-02 5.000000000000000000e+00
1.028592269677947174e-01 1.000000000000000000e+00
1.131965547087661200e-01 3.000000000000000000e+00
1.235338824497374671e-01 2.000000000000000000e+00
1.338712101907088003e-01 1.000000000000000000e+00
1.442085379316801474e-01 1.000000000000000000e+00
1.545458656726515501e-01 2.000000000000000000e+00
1.648831934136228972e-01 2.000000000000000000e+00
1.752205211545942443e-01 1.000000000000000000e+00
1.855578488955656469e-01 2.000000000000000000e+00
1.958951766365369940e-01 0.000000000000000000e+00
2.062325043775083411e-01 0.000000000000000000e+00
2.165698321184796882e-01 0.000000000000000000e+00
2.269071598594510908e-01 0.000000000000000000e+00
2.372444876004224379e-01 0.000000000000000000e+00
2.475818153413937850e-01 1.000000000000000000e+00
2.579191430823652431e-01 1.000000000000000000e+00
2.682564708233365347e-01 1.000000000000000000e+00
