#     bins                         n
8.653287972021235230e-01 2.000000000000000000e+00
8.664891604887341447e-01 0.000000000000000000e+00
8.676495237753447665e-01 0.000000000000000000e+00
8.688098870619553882e-01 0.000000000000000000e+00
8.699702503485660099e-01 0.000000000000000000e+00
8.711306136351766316e-01 0.000000000000000000e+00
8.722909769217872533e-01 0.000000000000000000e+00
8.734513402083978750e-01 2.000000000000000000e+00
8.746117034950084967e-01 2.000000000000000000e+00
8.757720667816191185e-01 1.000000000000000000e+00
8.769324300682297402e-01 1.000000000000000000e+00
8.780927933548403619e-01 2.000000000000000000e+00
8.792531566414509836e-01 3.000000000000000000e+00
8.804135199280616053e-01 3.000000000000000000e+00
8.815738832146722270e-01 1.000000000000000000e+00
8.827342465012828487e-01 4.000000000000000000e+00
8.838946097878934705e-01 3.000000000000000000e+00
8.850549730745040922e-01 3.000000000000000000e+00
8.862153363611147139e-01 1.000000000000000000e+00
8.873756996477253356e-01 4.000000000000000000e+00
8.885360629343359573e-01 5.000000000000000000e+00
8.896964262209465790e-01 4.000000000000000000e+00
8.908567895075572007e-01 5.000000000000000000e+00
8.920171527941678224e-01 1.000000000000000000e+00
8.931775160807784442e-01 1.000000000000000000e+00
8.943378793673890659e-01 8.000000000000000000e+00
8.954982426539996876e-01 2.000000000000000000e+00
8.966586059406103093e-01 8.000000000000000000e+00
8.978189692272208200e-01 1.000000000000000000e+01
8.989793325138314417e-01 3.000000000000000000e+00
9.001396958004420634e-01 1.000000000000000000e+00
9.013000590870526851e-01 0.000000000000000000e+00
9.024604223736633068e-01 1.000000000000000000e+00
9.036207856602739286e-01 1.000000000000000000e+00
9.047811489468845503e-01 4.000000000000000000e+00
9.059415122334951720e-01 4.000000000000000000e+00
9.071018755201057937e-01 1.000000000000000000e+00
9.082622388067164154e-01 3.000000000000000000e+00
9.094226020933270371e-01 2.000000000000000000e+00
9.105829653799376588e-01 2.000000000000000000e+00
9.117433286665482806e-01 0.000000000000000000e+00
9.129036919531589023e-01 1.000000000000000000e+00
9.140640552397695240e-01 0.000000000000000000e+00
9.152244185263801457e-01 0.000000000000000000e+00
9.163847818129907674e-01 0.000000000000000000e+00
9.175451450996013891e-01 0.000000000000000000e+00
9.187055083862120108e-01 0.000000000000000000e+00
9.198658716728226326e-01 0.000000000000000000e+00
9.210262349594332543e-01 0.000000000000000000e+00
9.221865982460438760e-01 1.000000000000000000e+00
