#     bins                         n
8.625290258522719800e-01 1.000000000000000000e+00
8.638008244900259314e-01 0.000000000000000000e+00
8.650726231277798828e-01 0.000000000000000000e+00
8.663444217655336121e-01 0.000000000000000000e+00
8.676162204032875636e-01 0.000000000000000000e+00
8.688880190410415150e-01 0.000000000000000000e+00
8.701598176787954664e-01 1.000000000000000000e+00
8.714316163165491957e-01 0.000000000000000000e+00
8.727034149543031472e-01 2.000000000000000000e+00
8.739752135920570986e-01 1.000000000000000000e+00
8.752470122298110500e-01 1.000000000000000000e+00
8.765188108675647793e-01 4.000000000000000000e+00
8.777906095053187308e-01 0.000000000000000000e+00
8.790624081430726822e-01 0.000000000000000000e+00
8.803342067808264115e-01 2.000000000000000000e+00
8.816060054185803629e-01 0.000000000000000000e+00
8.828778040563343144e-01 3.000000000000000000e+00
8.841496026940882658e-01 3.000000000000000000e+00
8.854214013318419951e-01 2.000000000000000000e+00
8.866931999695959465e-01 2.000000000000000000e+00
8.879649986073498980e-01 3.000000000000000000e+00
8.892367972451038494e-01 5.000000000000000000e+00
8.905085958828575787e-01 1.000000000000000000e+00
8.917803945206115301e-01 1.000000000000000000e+00
8.930521931583654816e-01 8.000000000000000000e+00
8.943239917961192109e-01 3.000000000000000000e+00
8.955957904338731623e-01 2.000000000000000000e+00
8.968675890716271137e-01 2.000000000000000000e+00
8.981393877093810652e-01 7.000000000000000000e+00
8.994111863471347945e-01 4.000000000000000000e+00
9.006829849848887459e-01 2.000000000000000000e+00
9.019547836226426973e-01 4.000000000000000000e+00
9.032265822603966487e-01 5.000000000000000000e+00
9.044983808981503781e-01 1.000000000000000000e+00
9.057701795359043295e-01 4.000000000000000000e+00
9.070419781736582809e-01 7.000000000000000000e+00
9.083137768114122323e-01 6.000000000000000000e+00
9.095855754491659617e-01 3.000000000000000000e+00
9.108573740869199131e-01 1.000000000000000000e+00
9.121291727246738645e-01 1.000000000000000000e+00
9.134009713624275939e-01 1.000000000000000000e+00
9.146727700001815453e-01 1.000000000000000000e+00
9.159445686379354967e-01 2.000000000000000000e+00
9.172163672756894481e-01 0.000000000000000000e+00
9.184881659134431775e-01 1.000000000000000000e+00
9.197599645511971289e-01 1.000000000000000000e+00
9.210317631889510803e-01 1.000000000000000000e+00
9.223035618267050317e-01 0.000000000000000000e+00
9.235753604644587611e-01 0.000000000000000000e+00
9.248471591022127125e-01 1.000000000000000000e+00
