#     bins                         n
-2.930296249389648722e+00 1.000000000000000000e+00
-2.814643344879150355e+00 0.000000000000000000e+00
-2.698990440368651988e+00 4.000000000000000000e+00
-2.583337535858154510e+00 7.000000000000000000e+00
-2.467684631347656143e+00 1.400000000000000000e+01
-2.352031726837158665e+00 1.700000000000000000e+01
-2.236378822326660298e+00 4.000000000000000000e+01
-2.120725917816161932e+00 5.300000000000000000e+01
-2.005073013305664453e+00 7.100000000000000000e+01
-1.889420108795166087e+00 9.300000000000000000e+01
-1.773767204284667942e+00 1.240000000000000000e+02
-1.658114299774170020e+00 1.510000000000000000e+02
-1.542461395263671875e+00 1.590000000000000000e+02
-1.426808490753173952e+00 1.930000000000000000e+02
-1.311155586242675808e+00 2.600000000000000000e+02
-1.195502681732177885e+00 2.600000000000000000e+02
-1.079849777221679741e+00 2.980000000000000000e+02
-9.641968727111815962e-01 2.900000000000000000e+02
-8.485439682006836737e-01 3.200000000000000000e+02
-7.328910636901857512e-01 3.770000000000000000e+02
-6.172381591796873845e-01 3.490000000000000000e+02
-5.015852546691894620e-01 3.760000000000000000e+02
-3.859323501586915395e-01 3.950000000000000000e+02
-2.702794456481936169e-01 3.880000000000000000e+02
-1.546265411376952503e-01 3.840000000000000000e+02
-3.897363662719732780e-02 3.990000000000000000e+02
7.667926788330059473e-02 3.820000000000000000e+02
1.923321723937989614e-01 4.350000000000000000e+02
3.079850769042968839e-01 3.750000000000000000e+02
4.236379814147948064e-01 3.990000000000000000e+02
5.392908859252927289e-01 4.150000000000000000e+02
6.549437904357910956e-01 3.500000000000000000e+02
7.705966949462890181e-01 3.340000000000000000e+02
8.862495994567869406e-01 3.320000000000000000e+02
1.001902503967285307e+00 2.960000000000000000e+02
1.117555408477782786e+00 2.670000000000000000e+02
1.233208312988281152e+00 2.590000000000000000e+02
1.348861217498779519e+00 2.160000000000000000e+02
1.464514122009276997e+00 2.000000000000000000e+02
1.580167026519775364e+00 1.520000000000000000e+02
1.695819931030273731e+00 1.300000000000000000e+02
1.811472835540771209e+00 1.090000000000000000e+02
1.927125740051269576e+00 7.600000000000000000e+01
2.042778644561767720e+00 6.200000000000000000e+01
2.158431549072265199e+00 4.900000000000000000e+01
2.274084453582763565e+00 3.800000000000000000e+01
2.389737358093261044e+00 1.200000000000000000e+01
2.505390262603759410e+00 7.000000000000000000e+00
2.621043167114257777e+00 5.000000000000000000e+00
2.736696071624755255e+00 2.000000000000000000e+00
