#     bins                         n
-2.932472248077392596e+00 3.000000000000000000e+00
-2.806532440185546928e+00 8.000000000000000000e+00
-2.680592632293701261e+00 7.000000000000000000e+00
-2.554652824401855593e+00 1.900000000000000000e+01
-2.428713016510009925e+00 2.400000000000000000e+01
-2.302773208618164258e+00 4.300000000000000000e+01
-2.176833400726318590e+00 4.800000000000000000e+01
-2.050893592834472923e+00 8.800000000000000000e+01
-1.924953784942627033e+00 8.200000000000000000e+01
-1.799013977050781365e+00 1.310000000000000000e+02
-1.673074169158935698e+00 1.310000000000000000e+02
-1.547134361267090030e+00 1.340000000000000000e+02
-1.421194553375244141e+00 2.100000000000000000e+02
-1.295254745483398473e+00 1.970000000000000000e+02
-1.169314937591552805e+00 2.490000000000000000e+02
-1.043375129699707138e+00 2.970000000000000000e+02
-9.174353218078614702e-01 3.330000000000000000e+02
-7.914955139160158026e-01 3.380000000000000000e+02
-6.655557060241701350e-01 4.290000000000000000e+02
-5.396158981323244674e-01 4.220000000000000000e+02
-4.136760902404787998e-01 4.170000000000000000e+02
-2.877362823486331322e-01 4.340000000000000000e+02
-1.617964744567874646e-01 4.750000000000000000e+02
-3.585666656494179705e-02 4.910000000000000000e+02
9.008314132690431464e-02 4.750000000000000000e+02
2.160229492187499822e-01 5.080000000000000000e+02
3.419627571105956498e-01 4.500000000000000000e+02
4.679025650024413174e-01 3.990000000000000000e+02
5.938423728942869850e-01 4.290000000000000000e+02
7.197821807861326526e-01 3.880000000000000000e+02
8.457219886779783202e-01 3.630000000000000000e+02
9.716617965698239878e-01 3.250000000000000000e+02
1.097601604461669655e+00 2.660000000000000000e+02
1.223541412353515323e+00 2.410000000000000000e+02
1.349481220245360991e+00 2.430000000000000000e+02
1.475421028137206658e+00 1.610000000000000000e+02
1.601360836029052326e+00 1.410000000000000000e+02
1.727300643920897993e+00 1.200000000000000000e+02
1.853240451812743661e+00 9.600000000000000000e+01
1.979180259704589329e+00 8.300000000000000000e+01
2.105120067596434996e+00 5.700000000000000000e+01
2.231059875488280664e+00 5.800000000000000000e+01
2.356999683380126331e+00 2.400000000000000000e+01
2.482939491271971999e+00 3.100000000000000000e+01
2.608879299163817667e+00 1.200000000000000000e+01
2.734819107055663334e+00 8.000000000000000000e+00
2.860758914947509002e+00 5.000000000000000000e+00
2.986698722839354669e+00 1.000000000000000000e+00
3.112638530731201225e+00 1.000000000000000000e+00
3.238578338623046893e+00 2.000000000000000000e+00
