-1.374552735740848242e+00 9.965406024462111212e-01 -5.897518196792957745e+00 -7.481258672994517411e-01 -4.170890450477600098e-01 4.221310171896706931e-02 4.018260538578033447e-02
-1.292219990557789133e+00 9.239124708211816639e-01 2.795036393585901280e+00 2.533264007070932036e-02 1.515890955924987793e-01 5.102464706940635503e-02 4.095846787095069885e-02
-1.209887245374729803e+00 -1.103033723068551186e+00 2.132210994150987915e+00 1.181084559404580236e+00 2.834875881671905518e-01 6.167551074285726465e-02 4.057042002677917897e-02
-1.127554500191670472e+00 7.773364526448685030e-01 8.598654963948945684e-02 1.436733570896482570e+00 2.862113416194915771e-01 7.454963128344785361e-02 6.409550458192825317e-02
-1.045221755008611364e+00 3.873400439365074499e-01 1.662092919400421698e+00 -1.597674519260739168e-01 -2.228440791368484497e-01 9.011109040781901947e-02 6.995035807291666297e-02
-9.628890098255522556e-01 3.395032744486492504e-02 -7.523468093747337493e-01 -2.771635031816291339e-01 -3.165812492370605469e-01 1.089208420577260084e-01 6.032806351071311884e-02
-8.805562646424931472e-01 1.459710930293935949e-01 -4.211801132299538009e-01 5.459807711866017377e-02 -2.194528281688690186e-01 1.316569334681435277e-01 6.297246269557786602e-02
-7.982235194594338168e-01 1.310702674032103721e-01 2.024109512028864077e-01 2.738703286794172409e-01 9.643293917179107666e-02 1.591389471727433225e-01 6.158994327891956222e-02
-7.158907742763745974e-01 2.653739528341361176e-01 2.090592847232212448e-01 1.454319107930664157e-01 1.359809935092926025e-01 1.923575450234606410e-01 6.986307061236837757e-02
-6.335580290933154890e-01 1.449912956361588678e-01 -8.335601437172339423e-02 -3.056127371321837871e-01 4.077193140983581543e-02 2.325101792164560588e-01 6.508148007276581826e-02
-5.512252839102562696e-01 1.570270556248188898e-01 6.639018926950170096e-02 -4.021854174558835426e-01 -2.377951443195343018e-01 2.810442576228296963e-01 6.221911057421311564e-02
-4.688925387271970502e-01 1.248149528741243630e-01 -2.061271522545070900e-01 -2.893311996069793390e-01 4.981290549039840698e-02 3.397093194325712107e-01 5.587677882766076132e-02
-3.865597935441379418e-01 4.789363551059766522e-02 -2.373321170689024207e-01 -9.338398168938620569e-02 3.452263474464416504e-01 4.106201019207956771e-01 5.575462956397485986e-02
-3.042270483610787224e-01 9.088327881307212142e-02 -1.847964878150965828e-01 -2.269210772175414559e-01 -3.963728547096252441e-01 4.963327717446144316e-01 5.393295833692220848e-02
-2.218943031780194752e-01 7.657122739259458744e-02 -1.849915352943670155e-01 -2.268321496487854805e-01 3.564771711826324463e-01 5.999370687293071880e-01 5.115815391836240483e-02
-1.395615579949603946e-01 8.231199991808169081e-02 -3.652259237473584608e-01 -3.588199076495529050e-01 1.904156506061553955e-01 7.251676837102158935e-01 4.948833194996988399e-02
-5.722881281190112662e-02 4.204135033377454089e-02 -5.878349308815353780e-01 -4.544011586928032864e-01 -8.535586297512054443e-02 8.765388853391766766e-01 4.465083739521871764e-02
2.510393237115809625e-02 6.311402566735535569e-02 -9.060220830817914406e-01 -4.427535997650352551e-01 -1.209358125925064087e-01 1.059507248834704818e+00 4.165610181294794601e-02
1.074366775542173053e-01 5.271766953553935764e-02 -1.476657700528336337e+00 -4.629245558281196438e-01 -1.744778007268905640e-01 1.280668352664026122e+00 3.775055749153903573e-02
1.897694227372765385e-01 4.598088271739231292e-02 -2.111171940022607885e+00 -3.346428391471667485e-01 3.741188943386077881e-01 1.547994533608959333e+00 3.495030154820016888e-02
2.721021679203355914e-01 5.823023730158938260e-02 -2.602190153282908369e+00 -2.806575532014979890e-01 -3.507688045501708984e-01 1.871122270725672276e+00 3.325211259274924586e-02
3.544349131033948108e-01 5.803793163654791254e-02 -2.886527969266745597e+00 -3.400493264455752840e-01 -2.227706834673881531e-02 2.261699557713046538e+00 3.142218010196937833e-02
4.367676582864540302e-01 4.522647887836184211e-02 -2.941463775624811205e+00 -4.331034153889769533e-01 9.036822617053985596e-02 2.733805785645180286e+00 2.922973333532534121e-02
5.191004034695131386e-01 4.583095243527146589e-02 -2.955374026103581020e+00 -5.731274228965022033e-01 -1.540262699127197266e-01 3.304459271851388102e+00 2.666362098006102785e-02
6.014331486525723580e-01 5.003678122726196165e-02 -3.008605683392389096e+00 -6.771361690001532763e-01 1.001570522785186768e-01 3.994230730164179732e+00 2.352071638312361324e-02
6.837658938356316884e-01 4.748595794573573503e-02 -3.097715049004070575e+00 -7.274255904141105900e-01 7.251456379890441895e-02 4.827984796692443403e+00 2.062614981899256114e-02
7.660986390186907968e-01 4.683223263625801991e-02 -3.208376681434789379e+00 -8.659140880682106856e-01 1.822088807821273804e-01 5.835776341377064469e+00 1.785125088101497878e-02
8.484313842017499052e-01 3.077526500965899192e-02 -3.517470684842634032e+00 -7.482204263818124090e-01 -1.729865819215774536e-01 7.053933875249061458e+00 1.485360942639802652e-02
9.307641293848092356e-01 5.377380322282154790e-02 -3.795140182449895150e+00 -5.814645222743254349e-01 2.017315030097961426e-01 8.526369107669555802e+00 1.344195911701837921e-02
1.013096874567868344e+00 4.540891951859249431e-02 -3.655504824449123724e+00 -5.851445053057198198e-01 -1.726589500904083252e-01 1.030615986000504236e+01 1.191474794476353287e-02
1.095429619750927452e+00 3.974803614481081659e-02 -3.310982875813716308e+00 -6.905228844989657055e-01 -4.153326451778411865e-01 1.245746339604697184e+01 1.076736569292948038e-02
1.177762364933986783e+00 4.318386494616188731e-02 -3.099515481692746821e+00 -9.142757243996375571e-01 1.520068943500518799e-01 1.505782914022976193e+01 9.170216096154114316e-03
1.260095110117045891e+00 4.149606592396748450e-02 -3.174837185343215573e+00 -1.029212672240614967e+00 4.394769668579101562e-01 1.820099415169074675e+01 7.613069645363817160e-03
1.342427855300105000e+00 1.985430152982392560e-02 -3.364682395825504990e+00 -8.961474239696903821e-01 -9.259562194347381592e-02 2.200026212442638140e+01 6.207314652273446427e-03
1.424760600483164330e+00 4.832421416620091836e-02 -3.384648700747371564e+00 -9.448215132031804186e-01 -4.011908173561096191e-01 2.659258771854003456e+01 5.419949596563093490e-03
1.507093345666223438e+00 3.748835609667111601e-02 -3.373645223233984414e+00 -1.198094193007249508e+00 -4.172993600368499756e-01 3.214351345310091546e+01 4.338346769766305254e-03
1.589426090849282547e+00 5.712944801466446343e-02 -3.522049433180162392e+00 -1.060725901229387480e+00 1.378565728664398193e-01 3.885313712397161368e+01 3.441204482900668462e-03
1.671758836032341877e+00 4.514955121188268805e-02 -3.612906635314381276e+00 -1.120107232258452434e+00 2.364709526300430298e-01 4.696332485795863221e+01 2.901745449965166968e-03
1.754091581215401208e+00 2.081770473577471137e-02 -3.718201914784239115e+00 -1.084607125085250035e+00 2.101118713617324829e-01 5.676642981689559520e+01 2.250440180433913289e-03
1.836424326398460316e+00 6.022611684064693716e-02 -3.757125533365997860e+00 -9.555374838826329320e-01 3.548604846000671387e-01 6.861583084040191238e+01 1.923366059401406241e-03
1.918757071581519424e+00 8.033730170227737499e-02 -3.719652482387223458e+00 -1.220019179169391954e+00 4.081755876541137695e-01 8.293867092056143520e+01 1.566474844132371850e-03
2.001089816764578977e+00 8.017065160250003153e-02 -3.969364094229775652e+00 -1.339423880449662763e+00 -2.679947614669799805e-01 1.002512547005238162e+02 1.211063434221424078e-03
2.083422561947637863e+00 6.484911732004594587e-02 -3.992263969122609168e+00 -1.281443758150300427e+00 -3.905130028724670410e-01 1.211776600405794113e+02 9.426848659735848892e-04
2.165755307130697194e+00 1.315109959417304353e-01 -3.876897053192185805e+00 -1.255888945006252699e+00 8.178155124187469482e-02 1.464722345548212843e+02 7.450018081702039540e-04
2.248088052313756080e+00 2.279244659678039131e-01 -3.693984164727371233e+00 -9.004470741634080788e-01 -4.150842428207397461e-01 1.770467880655403121e+02 5.855513221382904537e-04
2.330420797496815410e+00 3.503642564377820179e-01 -3.303282334154000743e+00 4.408992460184687490e-01 -2.591194584965705872e-02 2.140034611992789451e+02 5.295229258973515631e-04
2.412753542679874741e+00 4.361168990301360626e-01 -2.955034433695876928e+00 2.230629049721856383e+00 -3.837515413761138916e-02 2.586744549599944207e+02 6.920952306816721081e-04
2.495086287862933627e+00 4.889659941225888984e-01 -2.911274463431756665e+00 2.829378588456859411e+00 -4.040198326110839844e-01 3.126700534368533795e+02 1.233651224338355723e-03
