#     bins                         n
-2.991320226192474507e+00 3.000000000000000000e+00
-2.871445934772490993e+00 4.000000000000000000e+00
-2.751571643352508367e+00 6.000000000000000000e+00
-2.631697351932525741e+00 1.300000000000000000e+01
-2.511823060512543115e+00 1.400000000000000000e+01
-2.391948769092559601e+00 2.700000000000000000e+01
-2.272074477672576975e+00 3.800000000000000000e+01
-2.152200186252594349e+00 4.600000000000000000e+01
-2.032325894832610835e+00 6.500000000000000000e+01
-1.912451603412628209e+00 7.100000000000000000e+01
-1.792577311992645361e+00 1.190000000000000000e+02
-1.672703020572662291e+00 1.420000000000000000e+02
-1.552828729152679443e+00 1.500000000000000000e+02
-1.432954437732696595e+00 1.680000000000000000e+02
-1.313080146312713525e+00 2.280000000000000000e+02
-1.193205854892730677e+00 2.460000000000000000e+02
-1.073331563472747829e+00 2.850000000000000000e+02
-9.534572720527647594e-01 3.090000000000000000e+02
-8.335829806327821334e-01 3.280000000000000000e+02
-7.137086892127990634e-01 3.970000000000000000e+02
-5.938343977928164374e-01 3.760000000000000000e+02
-4.739601063728333674e-01 4.160000000000000000e+02
-3.540858149528502974e-01 4.160000000000000000e+02
-2.342115235328676714e-01 4.670000000000000000e+02
-1.143372321128846014e-01 4.370000000000000000e+02
5.537059307098468608e-03 4.630000000000000000e+02
1.254113507270810945e-01 4.090000000000000000e+02
2.452856421470641646e-01 4.680000000000000000e+02
3.651599335670472346e-01 3.750000000000000000e+02
4.850342249870298605e-01 3.920000000000000000e+02
6.049085164070129306e-01 3.610000000000000000e+02
7.247828078269955565e-01 3.710000000000000000e+02
8.446570992469786265e-01 3.040000000000000000e+02
9.645313906669616966e-01 3.390000000000000000e+02
1.084405682086944767e+00 2.810000000000000000e+02
1.204279973506927393e+00 2.440000000000000000e+02
1.324154264926910018e+00 2.360000000000000000e+02
1.444028556346893533e+00 1.900000000000000000e+02
1.563902847766876159e+00 1.780000000000000000e+02
1.683777139186858784e+00 1.290000000000000000e+02
1.803651430606841410e+00 1.260000000000000000e+02
1.923525722026824925e+00 7.500000000000000000e+01
2.043400013446807328e+00 6.900000000000000000e+01
2.163274304866789954e+00 5.300000000000000000e+01
2.283148596286773468e+00 3.900000000000000000e+01
2.403022887706756094e+00 1.400000000000000000e+01
2.522897179126738720e+00 1.300000000000000000e+01
2.642771470546722234e+00 1.100000000000000000e+01
2.762645761966704860e+00 4.000000000000000000e+00
2.882520053386687486e+00 7.000000000000000000e+00
