#     bins                         n
-3.057985627651214511e+00 1.000000000000000000e+00
-2.931264412403106423e+00 7.000000000000000000e+00
-2.804543197154998779e+00 7.000000000000000000e+00
-2.677821981906890692e+00 1.200000000000000000e+01
-2.551100766658783048e+00 1.700000000000000000e+01
-2.424379551410674960e+00 2.400000000000000000e+01
-2.297658336162566872e+00 2.600000000000000000e+01
-2.170937120914458784e+00 4.600000000000000000e+01
-2.044215905666351141e+00 4.900000000000000000e+01
-1.917494690418243275e+00 7.200000000000000000e+01
-1.790773475170135409e+00 9.500000000000000000e+01
-1.664052259922027321e+00 1.400000000000000000e+02
-1.537331044673919456e+00 1.620000000000000000e+02
-1.410609829425811590e+00 2.060000000000000000e+02
-1.283888614177703502e+00 2.510000000000000000e+02
-1.157167398929595636e+00 2.830000000000000000e+02
-1.030446183681487771e+00 3.500000000000000000e+02
-9.037249684333796829e-01 3.670000000000000000e+02
-7.770037531852720392e-01 3.760000000000000000e+02
-6.502825379371639514e-01 4.290000000000000000e+02
-5.235613226890563077e-01 4.140000000000000000e+02
-3.968401074409482199e-01 4.010000000000000000e+02
-2.701188921928401321e-01 4.660000000000000000e+02
-1.433976769447324884e-01 4.600000000000000000e+02
-1.667646169662440059e-02 4.510000000000000000e+02
1.100447535514836872e-01 4.420000000000000000e+02
2.367659687995913309e-01 4.290000000000000000e+02
3.634871840476994187e-01 4.480000000000000000e+02
4.902083992958075065e-01 4.400000000000000000e+02
6.169296145439151502e-01 4.030000000000000000e+02
7.436508297920232380e-01 3.880000000000000000e+02
8.703720450401308817e-01 3.540000000000000000e+02
9.970932602882389695e-01 3.580000000000000000e+02
1.123814475536347057e+00 2.950000000000000000e+02
1.250535690784455145e+00 2.310000000000000000e+02
1.377256906032562345e+00 2.230000000000000000e+02
1.503978121280670432e+00 1.820000000000000000e+02
1.630699336528778520e+00 1.400000000000000000e+02
1.757420551776886608e+00 1.230000000000000000e+02
1.884141767024994696e+00 1.090000000000000000e+02
2.010862982273101895e+00 5.300000000000000000e+01
2.137584197521209983e+00 5.200000000000000000e+01
2.264305412769318071e+00 3.600000000000000000e+01
2.391026628017426159e+00 3.300000000000000000e+01
2.517747843265534247e+00 2.700000000000000000e+01
2.644469058513642334e+00 1.500000000000000000e+01
2.771190273761749534e+00 9.000000000000000000e+00
2.897911489009857622e+00 7.000000000000000000e+00
3.024632704257965710e+00 1.000000000000000000e+00
3.151353919506073797e+00 3.000000000000000000e+00
