#     bins                         n
-3.651411414146423340e+00 1.000000000000000000e+00
-3.509283661842346191e+00 0.000000000000000000e+00
-3.367155909538269043e+00 1.000000000000000000e+00
-3.225028157234191895e+00 2.000000000000000000e+00
-3.082900404930114746e+00 6.000000000000000000e+00
-2.940772652626037598e+00 1.100000000000000000e+01
-2.798644900321960449e+00 1.000000000000000000e+01
-2.656517148017883301e+00 1.400000000000000000e+01
-2.514389395713806152e+00 3.800000000000000000e+01
-2.372261643409729004e+00 3.900000000000000000e+01
-2.230133891105651855e+00 5.100000000000000000e+01
-2.088006138801574707e+00 6.800000000000000000e+01
-1.945878386497497559e+00 7.700000000000000000e+01
-1.803750634193420410e+00 1.240000000000000000e+02
-1.661622881889343262e+00 1.250000000000000000e+02
-1.519495129585266113e+00 1.700000000000000000e+02
-1.377367377281188965e+00 1.910000000000000000e+02
-1.235239624977111816e+00 2.850000000000000000e+02
-1.093111872673034668e+00 2.530000000000000000e+02
-9.509841203689575195e-01 3.350000000000000000e+02
-8.088563680648803711e-01 3.530000000000000000e+02
-6.667286157608032227e-01 4.570000000000000000e+02
-5.246008634567260742e-01 4.530000000000000000e+02
-3.824731111526489258e-01 5.240000000000000000e+02
-2.403453588485717773e-01 5.350000000000000000e+02
-9.821760654449462891e-02 6.370000000000000000e+02
4.391014575958251953e-02 6.220000000000000000e+02
1.860378980636596680e-01 5.650000000000000000e+02
3.281656503677368164e-01 5.750000000000000000e+02
4.702934026718139648e-01 4.840000000000000000e+02
6.124211549758911133e-01 4.850000000000000000e+02
7.545489072799682617e-01 4.250000000000000000e+02
8.966766595840454102e-01 3.790000000000000000e+02
1.038804411888122559e+00 2.870000000000000000e+02
1.180932164192199707e+00 2.490000000000000000e+02
1.323059916496276855e+00 2.310000000000000000e+02
1.465187668800354004e+00 1.950000000000000000e+02
1.607315421104431152e+00 1.430000000000000000e+02
1.749443173408508301e+00 1.340000000000000000e+02
1.891570925712585449e+00 8.800000000000000000e+01
2.033698678016662598e+00 7.500000000000000000e+01
2.175826430320739746e+00 6.500000000000000000e+01
2.317954182624816895e+00 5.100000000000000000e+01
2.460081934928894043e+00 4.200000000000000000e+01
2.602209687232971191e+00 3.300000000000000000e+01
2.744337439537048340e+00 1.400000000000000000e+01
2.886465191841125488e+00 1.400000000000000000e+01
3.028592944145202637e+00 3.000000000000000000e+00
3.170720696449279785e+00 1.000000000000000000e+00
3.312848448753356934e+00 3.000000000000000000e+00
