#     bins                         n
-3.279791562557220708e+00 2.000000000000000000e+00
-3.154785301685333110e+00 2.000000000000000000e+00
-3.029779040813446400e+00 3.000000000000000000e+00
-2.904772779941558802e+00 4.000000000000000000e+00
-2.779766519069672093e+00 6.000000000000000000e+00
-2.654760258197784495e+00 1.900000000000000000e+01
-2.529753997325896897e+00 2.000000000000000000e+01
-2.404747736454010187e+00 2.900000000000000000e+01
-2.279741475582122590e+00 4.100000000000000000e+01
-2.154735214710235880e+00 5.800000000000000000e+01
-2.029728953838348282e+00 7.000000000000000000e+01
-1.904722692966461128e+00 9.200000000000000000e+01
-1.779716432094573975e+00 1.150000000000000000e+02
-1.654710171222686821e+00 1.530000000000000000e+02
-1.529703910350799445e+00 1.500000000000000000e+02
-1.404697649478912291e+00 1.960000000000000000e+02
-1.279691388607025138e+00 2.110000000000000000e+02
-1.154685127735137984e+00 2.320000000000000000e+02
-1.029678866863250830e+00 3.200000000000000000e+02
-9.046726059913636764e-01 3.290000000000000000e+02
-7.796663451194765226e-01 3.230000000000000000e+02
-6.546600842475889248e-01 3.890000000000000000e+02
-5.296538233757017711e-01 4.120000000000000000e+02
-4.046475625038146173e-01 4.190000000000000000e+02
-2.796413016319274636e-01 5.010000000000000000e+02
-1.546350407600403098e-01 4.710000000000000000e+02
-2.962877988815315611e-02 5.410000000000000000e+02
9.537748098373399763e-02 5.040000000000000000e+02
2.203837418556215955e-01 5.130000000000000000e+02
3.453900027275087492e-01 4.560000000000000000e+02
4.703962635993959029e-01 4.290000000000000000e+02
5.954025244712830567e-01 4.000000000000000000e+02
7.204087853431702104e-01 3.200000000000000000e+02
8.454150462150578083e-01 3.320000000000000000e+02
9.704213070869445179e-01 2.920000000000000000e+02
1.095427567958832116e+00 2.840000000000000000e+02
1.220433828830718825e+00 2.350000000000000000e+02
1.345440089702606423e+00 1.990000000000000000e+02
1.470446350574493133e+00 1.800000000000000000e+02
1.595452611446380731e+00 1.510000000000000000e+02
1.720458872318267440e+00 1.150000000000000000e+02
1.845465133190155038e+00 1.020000000000000000e+02
1.970471394062042636e+00 7.800000000000000000e+01
2.095477654933929124e+00 5.400000000000000000e+01
2.220483915805816721e+00 6.400000000000000000e+01
2.345490176677703431e+00 3.000000000000000000e+01
2.470496437549591029e+00 3.200000000000000000e+01
2.595502698421477739e+00 1.800000000000000000e+01
2.720508959293365336e+00 1.100000000000000000e+01
2.845515220165252934e+00 3.000000000000000000e+00
