#     bins                         n
8.562365919173773321e-01 1.000000000000000000e+00
8.574563129807462047e-01 0.000000000000000000e+00
8.586760340441152994e-01 0.000000000000000000e+00
8.598957551074843941e-01 0.000000000000000000e+00
8.611154761708532668e-01 0.000000000000000000e+00
8.623351972342223615e-01 0.000000000000000000e+00
8.635549182975914562e-01 0.000000000000000000e+00
8.647746393609603288e-01 1.000000000000000000e+00
8.659943604243294235e-01 0.000000000000000000e+00
8.672140814876985182e-01 1.000000000000000000e+00
8.684338025510673909e-01 0.000000000000000000e+00
8.696535236144364855e-01 0.000000000000000000e+00
8.708732446778055802e-01 0.000000000000000000e+00
8.720929657411744529e-01 3.000000000000000000e+00
8.733126868045435476e-01 2.000000000000000000e+00
8.745324078679126423e-01 4.000000000000000000e+00
8.757521289312815149e-01 4.000000000000000000e+00
8.769718499946506096e-01 1.000000000000000000e+00
8.781915710580197043e-01 1.000000000000000000e+00
8.794112921213885770e-01 4.000000000000000000e+00
8.806310131847576717e-01 5.000000000000000000e+00
8.818507342481267663e-01 4.000000000000000000e+00
8.830704553114956390e-01 2.000000000000000000e+00
8.842901763748647337e-01 5.000000000000000000e+00
8.855098974382338284e-01 3.000000000000000000e+00
8.867296185016027010e-01 0.000000000000000000e+00
8.879493395649717957e-01 2.000000000000000000e+00
8.891690606283408904e-01 1.000000000000000000e+00
8.903887816917097631e-01 5.000000000000000000e+00
8.916085027550788578e-01 2.000000000000000000e+00
8.928282238184479525e-01 5.000000000000000000e+00
8.940479448818168251e-01 2.000000000000000000e+00
8.952676659451859198e-01 4.000000000000000000e+00
8.964873870085550145e-01 3.000000000000000000e+00
8.977071080719238871e-01 3.000000000000000000e+00
8.989268291352929818e-01 6.000000000000000000e+00
9.001465501986618545e-01 5.000000000000000000e+00
9.013662712620309492e-01 8.000000000000000000e+00
9.025859923254000439e-01 2.000000000000000000e+00
9.038057133887689165e-01 3.000000000000000000e+00
9.050254344521380112e-01 2.000000000000000000e+00
9.062451555155071059e-01 1.000000000000000000e+00
9.074648765788759786e-01 1.000000000000000000e+00
9.086845976422450732e-01 0.000000000000000000e+00
9.099043187056141679e-01 0.000000000000000000e+00
9.111240397689830406e-01 0.000000000000000000e+00
9.123437608323521353e-01 1.000000000000000000e+00
9.135634818957212300e-01 0.000000000000000000e+00
9.147832029590901026e-01 2.000000000000000000e+00
9.160029240224591973e-01 1.000000000000000000e+00
