#     bins                         n
-3.357284159660339107e+00 1.000000000000000000e+00
-3.225874695777893209e+00 0.000000000000000000e+00
-3.094465231895446422e+00 1.000000000000000000e+00
-2.963055768013000524e+00 0.000000000000000000e+00
-2.831646304130553737e+00 3.000000000000000000e+00
-2.700236840248107839e+00 6.000000000000000000e+00
-2.568827376365661941e+00 1.700000000000000000e+01
-2.437417912483215154e+00 2.600000000000000000e+01
-2.306008448600769256e+00 3.500000000000000000e+01
-2.174598984718322470e+00 5.800000000000000000e+01
-2.043189520835876571e+00 6.400000000000000000e+01
-1.911780056953430229e+00 1.040000000000000000e+02
-1.780370593070983887e+00 1.250000000000000000e+02
-1.648961129188537544e+00 1.700000000000000000e+02
-1.517551665306091424e+00 1.910000000000000000e+02
-1.386142201423645082e+00 2.380000000000000000e+02
-1.254732737541198739e+00 2.370000000000000000e+02
-1.123323273658752397e+00 2.820000000000000000e+02
-9.919138097763060546e-01 3.190000000000000000e+02
-8.605043458938597123e-01 3.410000000000000000e+02
-7.290948820114133699e-01 3.480000000000000000e+02
-5.976854181289674717e-01 4.270000000000000000e+02
-4.662759542465211293e-01 4.440000000000000000e+02
-3.348664903640747870e-01 4.890000000000000000e+02
-2.034570264816284446e-01 5.050000000000000000e+02
-7.204756259918210226e-02 4.840000000000000000e+02
5.936190128326424009e-02 5.380000000000000000e+02
1.907713651657105824e-01 5.010000000000000000e+02
3.221808290481564807e-01 4.850000000000000000e+02
4.535902929306028231e-01 4.390000000000000000e+02
5.849997568130491654e-01 3.860000000000000000e+02
7.164092206954959519e-01 3.790000000000000000e+02
8.478186845779418501e-01 3.720000000000000000e+02
9.792281484603877484e-01 2.960000000000000000e+02
1.110637612342834535e+00 3.060000000000000000e+02
1.242047076225280433e+00 2.410000000000000000e+02
1.373456540107727220e+00 2.380000000000000000e+02
1.504866003990173118e+00 1.810000000000000000e+02
1.636275467872619904e+00 1.730000000000000000e+02
1.767684931755065803e+00 1.290000000000000000e+02
1.899094395637512589e+00 1.030000000000000000e+02
2.030503859519958709e+00 7.900000000000000000e+01
2.161913323402404608e+00 5.100000000000000000e+01
2.293322787284851394e+00 3.200000000000000000e+01
2.424732251167297292e+00 2.900000000000000000e+01
2.556141715049744079e+00 1.500000000000000000e+01
2.687551178932189977e+00 0.000000000000000000e+00
2.818960642814636763e+00 4.000000000000000000e+00
2.950370106697082662e+00 4.000000000000000000e+00
3.081779570579528560e+00 2.000000000000000000e+00
