#     bins                         n
3.703662454150617039e-02 4.000000000000000000e+01
8.832113106735051122e-02 1.030000000000000000e+02
1.396056375931948312e-01 1.210000000000000000e+02
1.908901441190391790e-01 1.890000000000000000e+02
2.421746506448834990e-01 1.970000000000000000e+02
2.934591571707278468e-01 2.590000000000000000e+02
3.447436636965722223e-01 2.910000000000000000e+02
3.960281702224165423e-01 3.300000000000000000e+02
4.473126767482608623e-01 4.000000000000000000e+02
4.985971832741051823e-01 3.840000000000000000e+02
5.498816897999494469e-01 3.700000000000000000e+02
6.011661963257938224e-01 4.380000000000000000e+02
6.524507028516381979e-01 4.380000000000000000e+02
7.037352093774824624e-01 4.360000000000000000e+02
7.550197159033268379e-01 4.670000000000000000e+02
8.063042224291711024e-01 4.370000000000000000e+02
8.575887289550154780e-01 3.970000000000000000e+02
9.088732354808598535e-01 4.080000000000000000e+02
9.601577420067041180e-01 3.940000000000000000e+02
1.011442248532548494e+00 3.670000000000000000e+02
1.062726755058392758e+00 3.670000000000000000e+02
1.114011261584237245e+00 3.300000000000000000e+02
1.165295768110081509e+00 2.910000000000000000e+02
1.216580274635925774e+00 2.730000000000000000e+02
1.267864781161770260e+00 2.460000000000000000e+02
1.319149287687614525e+00 2.400000000000000000e+02
1.370433794213458789e+00 2.020000000000000000e+02
1.421718300739303054e+00 2.030000000000000000e+02
1.473002807265147540e+00 1.630000000000000000e+02
1.524287313790991805e+00 1.730000000000000000e+02
1.575571820316836069e+00 1.410000000000000000e+02
1.626856326842680556e+00 1.210000000000000000e+02
1.678140833368524820e+00 1.140000000000000000e+02
1.729425339894369085e+00 1.050000000000000000e+02
1.780709846420213571e+00 8.400000000000000000e+01
1.831994352946057836e+00 7.900000000000000000e+01
1.883278859471902100e+00 8.000000000000000000e+01
1.934563365997746587e+00 5.900000000000000000e+01
1.985847872523590851e+00 3.900000000000000000e+01
2.037132379049435116e+00 3.400000000000000000e+01
2.088416885575279380e+00 2.900000000000000000e+01
2.139701392101123645e+00 2.100000000000000000e+01
2.190985898626968353e+00 2.400000000000000000e+01
2.242270405152812618e+00 1.200000000000000000e+01
2.293554911678656882e+00 5.000000000000000000e+00
2.344839418204501147e+00 7.000000000000000000e+00
2.396123924730345411e+00 1.000000000000000000e+00
2.447408431256189676e+00 3.000000000000000000e+00
2.498692937782034384e+00 2.000000000000000000e+00
2.549977444307878649e+00 1.000000000000000000e+00
