#     bins                         n
-1.938842733979437849e-01 2.000000000000000000e+00
-1.831517776796598995e-01 0.000000000000000000e+00
-1.724192819613759586e-01 0.000000000000000000e+00
-1.616867862430920177e-01 0.000000000000000000e+00
-1.509542905248081324e-01 1.000000000000000000e+00
-1.402217948065241915e-01 1.000000000000000000e+00
-1.294892990882403061e-01 0.000000000000000000e+00
-1.187568033699563652e-01 0.000000000000000000e+00
-1.080243076516724521e-01 0.000000000000000000e+00
-9.729181193338853895e-02 1.000000000000000000e+00
-8.655931621510461194e-02 1.000000000000000000e+00
-7.582682049682069880e-02 3.000000000000000000e+00
-6.509432477853678567e-02 1.000000000000000000e+00
-5.436182906025287254e-02 1.000000000000000000e+00
-4.362933334196893165e-02 2.000000000000000000e+00
-3.289683762368501851e-02 2.000000000000000000e+00
-2.216434190540110538e-02 4.000000000000000000e+00
-1.143184618711719225e-02 2.000000000000000000e+00
-6.993504688332791153e-04 2.000000000000000000e+00
1.003314524945066177e-02 3.000000000000000000e+00
2.076564096773457491e-02 0.000000000000000000e+00
3.149813668601848804e-02 1.000000000000000000e+00
4.223063240430240117e-02 3.000000000000000000e+00
5.296312812258631431e-02 2.000000000000000000e+00
6.369562384087022744e-02 6.000000000000000000e+00
7.442811955915416833e-02 4.000000000000000000e+00
8.516061527743805371e-02 2.000000000000000000e+00
9.589311099572199459e-02 2.000000000000000000e+00
1.066256067140059355e-01 7.000000000000000000e+00
1.173581024322898209e-01 4.000000000000000000e+00
1.280905981505737756e-01 3.000000000000000000e+00
1.388230938688576610e-01 3.000000000000000000e+00
1.495555895871416019e-01 2.000000000000000000e+00
1.602880853054255428e-01 6.000000000000000000e+00
1.710205810237094282e-01 0.000000000000000000e+00
1.817530767419933690e-01 3.000000000000000000e+00
1.924855724602772544e-01 4.000000000000000000e+00
2.032180681785611953e-01 4.000000000000000000e+00
2.139505638968451362e-01 4.000000000000000000e+00
2.246830596151290216e-01 3.000000000000000000e+00
2.354155553334129625e-01 1.000000000000000000e+00
2.461480510516968478e-01 2.000000000000000000e+00
2.568805467699807887e-01 1.000000000000000000e+00
2.676130424882647296e-01 0.000000000000000000e+00
2.783455382065486150e-01 3.000000000000000000e+00
2.890780339248325559e-01 1.000000000000000000e+00
2.998105296431164413e-01 1.000000000000000000e+00
3.105430253614003266e-01 0.000000000000000000e+00
3.212755210796842675e-01 0.000000000000000000e+00
3.320080167979682084e-01 2.000000000000000000e+00
