#     bins                         n
-2.281887817144038211e-01 1.000000000000000000e+00
-2.178813306166280106e-01 0.000000000000000000e+00
-2.075738795188522556e-01 1.000000000000000000e+00
-1.972664284210765007e-01 0.000000000000000000e+00
-1.869589773233006902e-01 1.000000000000000000e+00
-1.766515262255249352e-01 0.000000000000000000e+00
-1.663440751277491247e-01 1.000000000000000000e+00
-1.560366240299733698e-01 2.000000000000000000e+00
-1.457291729321976148e-01 0.000000000000000000e+00
-1.354217218344218043e-01 1.000000000000000000e+00
-1.251142707366460494e-01 1.000000000000000000e+00
-1.148068196388702528e-01 0.000000000000000000e+00
-1.044993685410944700e-01 3.000000000000000000e+00
-9.419191744331868732e-02 1.000000000000000000e+00
-8.388446634554293235e-02 2.000000000000000000e+00
-7.357701524776714963e-02 2.000000000000000000e+00
-6.326956414999136691e-02 2.000000000000000000e+00
-5.296211305221558419e-02 6.000000000000000000e+00
-4.265466195443980146e-02 8.000000000000000000e+00
-3.234721085666404650e-02 9.000000000000000000e+00
-2.203975975888826377e-02 2.000000000000000000e+00
-1.173230866111248105e-02 4.000000000000000000e+00
-1.424857563336698330e-03 7.000000000000000000e+00
8.882593534439084393e-03 3.000000000000000000e+00
1.919004463221486712e-02 4.000000000000000000e+00
2.949749572999062208e-02 4.000000000000000000e+00
3.980494682776643256e-02 5.000000000000000000e+00
5.011239792554218753e-02 1.000000000000000000e+00
6.041984902331794249e-02 4.000000000000000000e+00
7.072730012109375297e-02 3.000000000000000000e+00
8.103475121886950794e-02 2.000000000000000000e+00
9.134220231664531842e-02 5.000000000000000000e+00
1.016496534144210734e-01 3.000000000000000000e+00
1.119571045121968283e-01 2.000000000000000000e+00
1.222645556099726388e-01 2.000000000000000000e+00
1.325720067077483799e-01 0.000000000000000000e+00
1.428794578055241904e-01 0.000000000000000000e+00
1.531869089032999454e-01 1.000000000000000000e+00
1.634943600010757003e-01 1.000000000000000000e+00
1.738018110988515108e-01 2.000000000000000000e+00
1.841092621966272658e-01 0.000000000000000000e+00
1.944167132944030763e-01 2.000000000000000000e+00
2.047241643921788312e-01 0.000000000000000000e+00
2.150316154899545862e-01 0.000000000000000000e+00
2.253390665877303967e-01 0.000000000000000000e+00
2.356465176855061516e-01 1.000000000000000000e+00
2.459539687832819621e-01 0.000000000000000000e+00
2.562614198810577171e-01 0.000000000000000000e+00
2.665688709788335276e-01 0.000000000000000000e+00
2.768763220766092825e-01 1.000000000000000000e+00
