#     bins                         n
-2.936136401052941158e-01 1.000000000000000000e+00
-2.828443472239076106e-01 0.000000000000000000e+00
-2.720750543425212165e-01 0.000000000000000000e+00
-2.613057614611347113e-01 0.000000000000000000e+00
-2.505364685797483171e-01 0.000000000000000000e+00
-2.397671756983618396e-01 1.000000000000000000e+00
-2.289978828169753899e-01 0.000000000000000000e+00
-2.182285899355889403e-01 0.000000000000000000e+00
-2.074592970542024906e-01 0.000000000000000000e+00
-1.966900041728160409e-01 1.000000000000000000e+00
-1.859207112914295912e-01 0.000000000000000000e+00
-1.751514184100431415e-01 1.000000000000000000e+00
-1.643821255286566640e-01 3.000000000000000000e+00
-1.536128326472702144e-01 0.000000000000000000e+00
-1.428435397658837647e-01 1.000000000000000000e+00
-1.320742468844973150e-01 2.000000000000000000e+00
-1.213049540031108653e-01 3.000000000000000000e+00
-1.105356611217244156e-01 2.000000000000000000e+00
-9.976636824033796591e-02 3.000000000000000000e+00
-8.899707535895151622e-02 3.000000000000000000e+00
-7.822778247756506653e-02 3.000000000000000000e+00
-6.745848959617861684e-02 5.000000000000000000e+00
-5.668919671479216715e-02 7.000000000000000000e+00
-4.591990383340571746e-02 4.000000000000000000e+00
-3.515061095201924002e-02 2.000000000000000000e+00
-2.438131807063279033e-02 4.000000000000000000e+00
-1.361202518924634064e-02 1.000000000000000000e+01
-2.842732307859890950e-03 3.000000000000000000e+00
7.926560573526558739e-03 6.000000000000000000e+00
1.869585345491300843e-02 3.000000000000000000e+00
2.946514633629945812e-02 2.000000000000000000e+00
4.023443921768590781e-02 1.000000000000000000e+00
5.100373209907235750e-02 5.000000000000000000e+00
6.177302498045880719e-02 2.000000000000000000e+00
7.254231786184525688e-02 3.000000000000000000e+00
8.331161074323170657e-02 2.000000000000000000e+00
9.408090362461815626e-02 4.000000000000000000e+00
1.048501965060046059e-01 4.000000000000000000e+00
1.156194893873910556e-01 2.000000000000000000e+00
1.263887822687775053e-01 0.000000000000000000e+00
1.371580751501639550e-01 1.000000000000000000e+00
1.479273680315504047e-01 0.000000000000000000e+00
1.586966609129368544e-01 1.000000000000000000e+00
1.694659537943233041e-01 2.000000000000000000e+00
1.802352466757097538e-01 1.000000000000000000e+00
1.910045395570962035e-01 1.000000000000000000e+00
2.017738324384826532e-01 0.000000000000000000e+00
2.125431253198691028e-01 0.000000000000000000e+00
2.233124182012556080e-01 0.000000000000000000e+00
2.340817110826420022e-01 1.000000000000000000e+00
