#     bins                         n
-3.203695976734161288e+00 2.000000000000000000e+00
-3.070392739772796364e+00 0.000000000000000000e+00
-2.937089502811431885e+00 8.000000000000000000e+00
-2.803786265850066961e+00 9.000000000000000000e+00
-2.670483028888702481e+00 1.900000000000000000e+01
-2.537179791927337558e+00 2.500000000000000000e+01
-2.403876554965972634e+00 2.800000000000000000e+01
-2.270573318004607710e+00 4.400000000000000000e+01
-2.137270081043243231e+00 5.200000000000000000e+01
-2.003966844081878751e+00 7.300000000000000000e+01
-1.870663607120513827e+00 8.700000000000000000e+01
-1.737360370159148903e+00 1.180000000000000000e+02
-1.604057133197784202e+00 1.600000000000000000e+02
-1.470753896236419500e+00 1.730000000000000000e+02
-1.337450659275054576e+00 2.030000000000000000e+02
-1.204147422313689875e+00 2.510000000000000000e+02
-1.070844185352325173e+00 2.880000000000000000e+02
-9.375409483909602493e-01 3.560000000000000000e+02
-8.042377114295957696e-01 4.170000000000000000e+02
-6.709344744682308459e-01 3.960000000000000000e+02
-5.376312375068663663e-01 4.620000000000000000e+02
-4.043280005455014425e-01 4.710000000000000000e+02
-2.710247635841365188e-01 4.800000000000000000e+02
-1.377215266227720392e-01 4.680000000000000000e+02
-4.418289661407115432e-03 5.360000000000000000e+02
1.288849472999578083e-01 5.290000000000000000e+02
2.621881842613222879e-01 4.510000000000000000e+02
3.954914212226872117e-01 4.950000000000000000e+02
5.287946581840521354e-01 4.620000000000000000e+02
6.620978951454166150e-01 4.230000000000000000e+02
7.954011321067815388e-01 3.910000000000000000e+02
9.287043690681460184e-01 4.000000000000000000e+02
1.062007606029510942e+00 2.930000000000000000e+02
1.195310842990875866e+00 2.360000000000000000e+02
1.328614079952240790e+00 2.370000000000000000e+02
1.461917316913604825e+00 1.690000000000000000e+02
1.595220553874969749e+00 1.560000000000000000e+02
1.728523790836334673e+00 1.520000000000000000e+02
1.861827027797699596e+00 1.060000000000000000e+02
1.995130264759064520e+00 6.900000000000000000e+01
2.128433501720428556e+00 6.100000000000000000e+01
2.261736738681793479e+00 5.700000000000000000e+01
2.395039975643158403e+00 3.200000000000000000e+01
2.528343212604523327e+00 2.100000000000000000e+01
2.661646449565888251e+00 1.500000000000000000e+01
2.794949686527253174e+00 9.000000000000000000e+00
2.928252923488617210e+00 2.000000000000000000e+00
3.061556160449982134e+00 5.000000000000000000e+00
3.194859397411347057e+00 1.000000000000000000e+00
3.328162634372711981e+00 2.000000000000000000e+00
