#     bins                         n
-1.860832445198923324e-01 1.000000000000000000e+00
-1.776276209697548181e-01 7.000000000000000000e+00
-1.691719974196173037e-01 2.000000000000000000e+00
-1.607163738694797339e-01 0.000000000000000000e+00
-1.522607503193422196e-01 0.000000000000000000e+00
-1.438051267692047053e-01 2.000000000000000000e+00
-1.353495032190671354e-01 0.000000000000000000e+00
-1.268938796689296211e-01 0.000000000000000000e+00
-1.184382561187920929e-01 3.000000000000000000e+00
-1.099826325686545647e-01 1.000000000000000000e+00
-1.015270090185170365e-01 3.000000000000000000e+00
-9.307138546837949444e-02 1.000000000000000000e+00
-8.461576191824196624e-02 3.000000000000000000e+00
-7.616013836810443804e-02 1.000000000000000000e+00
-6.770451481796689597e-02 2.000000000000000000e+00
-5.924889126782938165e-02 3.000000000000000000e+00
-5.079326771769183957e-02 1.000000000000000000e+00
-4.233764416755429749e-02 3.000000000000000000e+00
-3.388202061741678317e-02 4.000000000000000000e+00
-2.542639706727924109e-02 5.000000000000000000e+00
-1.697077351714172677e-02 2.000000000000000000e+00
-8.515149967004184695e-03 5.000000000000000000e+00
-5.952641686664261744e-05 1.000000000000000000e+01
8.396097133270871704e-03 4.000000000000000000e+00
1.685172068340841378e-02 0.000000000000000000e+00
2.530734423354595586e-02 5.000000000000000000e+00
3.376296778368347018e-02 2.000000000000000000e+00
4.221859133382101226e-02 4.000000000000000000e+00
5.067421488395855433e-02 2.000000000000000000e+00
5.912983843409606866e-02 5.000000000000000000e+00
6.758546198423358298e-02 2.000000000000000000e+00
7.604108553437115281e-02 2.000000000000000000e+00
8.449670908450866713e-02 2.000000000000000000e+00
9.295233263464618145e-02 0.000000000000000000e+00
1.014079561847837513e-01 2.000000000000000000e+00
1.098635797349212656e-01 3.000000000000000000e+00
1.183192032850587799e-01 1.000000000000000000e+00
1.267748268351963636e-01 0.000000000000000000e+00
1.352304503853338780e-01 0.000000000000000000e+00
1.436860739354713923e-01 1.000000000000000000e+00
1.521416974856089066e-01 1.000000000000000000e+00
1.605973210357464764e-01 1.000000000000000000e+00
1.690529445858839908e-01 0.000000000000000000e+00
1.775085681360215051e-01 0.000000000000000000e+00
1.859641916861590749e-01 0.000000000000000000e+00
1.944198152362965892e-01 0.000000000000000000e+00
2.028754387864341036e-01 0.000000000000000000e+00
2.113310623365716734e-01 2.000000000000000000e+00
2.197866858867091877e-01 1.000000000000000000e+00
2.282423094368467020e-01 1.000000000000000000e+00
