#     bins                         n
-3.537584273815155278e+00 1.000000000000000000e+00
-3.400634672641754008e+00 0.000000000000000000e+00
-3.263685071468353627e+00 0.000000000000000000e+00
-3.126735470294952357e+00 0.000000000000000000e+00
-2.989785869121551976e+00 1.000000000000000000e+00
-2.852836267948150706e+00 1.000000000000000000e+01
-2.715886666774749436e+00 2.100000000000000000e+01
-2.578937065601349055e+00 1.900000000000000000e+01
-2.441987464427947785e+00 3.300000000000000000e+01
-2.305037863254547403e+00 4.300000000000000000e+01
-2.168088262081146134e+00 6.000000000000000000e+01
-2.031138660907745752e+00 7.500000000000000000e+01
-1.894189059734344482e+00 9.900000000000000000e+01
-1.757239458560943657e+00 1.270000000000000000e+02
-1.620289857387542609e+00 1.630000000000000000e+02
-1.483340256214141784e+00 1.800000000000000000e+02
-1.346390655040740958e+00 2.080000000000000000e+02
-1.209441053867340132e+00 2.530000000000000000e+02
-1.072491452693939307e+00 3.430000000000000000e+02
-9.355418515205384811e-01 3.210000000000000000e+02
-7.985922503471376555e-01 4.390000000000000000e+02
-6.616426491737363857e-01 3.920000000000000000e+02
-5.246930480003355601e-01 4.950000000000000000e+02
-3.877434468269347345e-01 4.920000000000000000e+02
-2.507938456535339089e-01 5.090000000000000000e+02
-1.138442444801330833e-01 5.050000000000000000e+02
2.310535669326774233e-02 5.270000000000000000e+02
1.600549578666685679e-01 5.110000000000000000e+02
2.970045590400698376e-01 5.000000000000000000e+02
4.339541602134706633e-01 4.640000000000000000e+02
5.709037613868714889e-01 4.630000000000000000e+02
7.078533625602718704e-01 4.400000000000000000e+02
8.448029637336731401e-01 4.020000000000000000e+02
9.817525649070744098e-01 3.380000000000000000e+02
1.118702166080474791e+00 2.830000000000000000e+02
1.255651767253876061e+00 2.700000000000000000e+02
1.392601368427276443e+00 2.050000000000000000e+02
1.529550969600677712e+00 1.850000000000000000e+02
1.666500570774078094e+00 1.320000000000000000e+02
1.803450171947479364e+00 1.190000000000000000e+02
1.940399773120879745e+00 7.200000000000000000e+01
2.077349374294280793e+00 7.400000000000000000e+01
2.214298975467682062e+00 4.500000000000000000e+01
2.351248576641082444e+00 2.800000000000000000e+01
2.488198177814483714e+00 3.200000000000000000e+01
2.625147778987884095e+00 1.000000000000000000e+01
2.762097380161285365e+00 1.200000000000000000e+01
2.899046981334685746e+00 7.000000000000000000e+00
3.035996582508087016e+00 3.000000000000000000e+00
3.172946183681488286e+00 2.000000000000000000e+00
