#     bins                         n
-2.202064936597301903e-01 2.000000000000000000e+00
-2.087907264031628463e-01 0.000000000000000000e+00
-1.973749591465955022e-01 0.000000000000000000e+00
-1.859591918900281859e-01 2.000000000000000000e+00
-1.745434246334608419e-01 0.000000000000000000e+00
-1.631276573768934979e-01 1.000000000000000000e+00
-1.517118901203261538e-01 0.000000000000000000e+00
-1.402961228637588098e-01 2.000000000000000000e+00
-1.288803556071914658e-01 1.000000000000000000e+00
-1.174645883506241356e-01 2.000000000000000000e+00
-1.060488210940568055e-01 3.000000000000000000e+00
-9.463305383748946142e-02 4.000000000000000000e+00
-8.321728658092211739e-02 5.000000000000000000e+00
-7.180151932435477335e-02 1.000000000000000000e+00
-6.038575206778745708e-02 2.000000000000000000e+00
-4.896998481122011304e-02 1.000000000000000000e+00
-3.755421755465276901e-02 2.000000000000000000e+00
-2.613845029808542497e-02 3.000000000000000000e+00
-1.472268304151808094e-02 2.000000000000000000e+00
-3.306915784950764658e-03 4.000000000000000000e+00
8.108851471616579376e-03 4.000000000000000000e+00
1.952461872818392341e-02 4.000000000000000000e+00
3.094038598475126745e-02 3.000000000000000000e+00
4.235615324131861148e-02 9.000000000000000000e+00
5.377192049788595551e-02 4.000000000000000000e+00
6.518768775445329955e-02 6.000000000000000000e+00
7.660345501102064358e-02 7.000000000000000000e+00
8.801922226758793211e-02 5.000000000000000000e+00
9.943498952415527614e-02 3.000000000000000000e+00
1.108507567807226202e-01 2.000000000000000000e+00
1.222665240372899642e-01 4.000000000000000000e+00
1.336822912938573082e-01 5.000000000000000000e+00
1.450980585504246523e-01 2.000000000000000000e+00
1.565138258069919963e-01 0.000000000000000000e+00
1.679295930635593403e-01 1.000000000000000000e+00
1.793453603201266844e-01 1.000000000000000000e+00
1.907611275766940284e-01 0.000000000000000000e+00
2.021768948332613725e-01 1.000000000000000000e+00
2.135926620898286610e-01 0.000000000000000000e+00
2.250084293463960050e-01 0.000000000000000000e+00
2.364241966029633490e-01 1.000000000000000000e+00
2.478399638595306931e-01 0.000000000000000000e+00
2.592557311160980094e-01 0.000000000000000000e+00
2.706714983726653534e-01 0.000000000000000000e+00
2.820872656292326974e-01 0.000000000000000000e+00
2.935030328858000415e-01 0.000000000000000000e+00
3.049188001423673855e-01 0.000000000000000000e+00
3.163345673989347295e-01 0.000000000000000000e+00
3.277503346555020736e-01 0.000000000000000000e+00
3.391661019120694176e-01 1.000000000000000000e+00
