-1.369349939835164287e+00 4.264529895515698499e-01 5.128781039881662451e-01 1.023245427122040502e-01
-1.283656674440551537e+00 -2.755050740791171737e-01 1.970334112041055019e-01 -2.552289539199467661e-01
-1.197963409045939009e+00 1.103067247430034037e-03 -3.734018688110055106e-01 2.294891541063298346e-01
-1.112270143651326482e+00 3.172562558266478483e-03 -8.501146310511784043e-02 -2.126196282818787753e-01
-1.026576878256713732e+00 -1.428763240330752637e-01 -2.857125082890472623e-01 -3.560348344976412283e-01
-9.408836128621012040e-01 -1.652741334386491623e-01 -4.064493091333077346e-01 3.468068128343301804e-02
-8.551903474674885652e-01 -4.702472413034697318e-02 -4.418515588304832153e-01 1.294915785191086410e-01
-7.694970820728758154e-01 -5.515280159644952995e-02 -6.328648193383291654e-01 7.233151527501835432e-02
-6.838038166782632876e-01 -7.164810537754395803e-02 -7.396333750097087156e-01 -6.111626310733283413e-02
-5.981105512836506488e-01 -6.999822136847932974e-02 -8.210737694684447918e-01 -5.902582968524661827e-02
-5.124172858890378990e-01 -3.936597767864324915e-02 -9.547321760082305708e-01 -5.727625923666148852e-03
-4.267240204944253157e-01 -8.804215371847945448e-03 -1.197434305056572112e+00 -7.771704254603709582e-03
-3.410307550998127324e-01 -2.925323218129416425e-02 -1.541988238714873338e+00 -1.322944506433062183e-02
-2.553374897052000936e-01 -1.337093515323117821e-02 -1.732929444854680368e+00 -2.765644408810706903e-02
-1.696442243105874548e-01 -5.026728704435878825e-04 -1.955987700825424946e+00 -1.182852626209908026e-01
-8.395095891597487148e-02 1.102761666975238253e-02 -2.248019001220905810e+00 -2.094181684060243687e-01
1.742306478637697725e-03 8.499069927470181973e-03 -2.449383822399453514e+00 -2.823207719778086378e-01
8.743557187325035063e-02 -4.898170586741468213e-03 -2.618577193801625125e+00 -3.382360032038375097e-01
1.731288372678630172e-01 1.500325373544386665e-02 -2.796540563723440176e+00 -4.046581141918164093e-01
2.588221026624756282e-01 1.391172277419361336e-02 -2.953154489667610516e+00 -4.968337472460671034e-01
3.445153680570883226e-01 1.680746493883911175e-02 -3.126312356916055357e+00 -5.217735511275153337e-01
4.302086334517009059e-01 5.059640216412175651e-02 -3.234470942091309364e+00 -5.929365164396342980e-01
5.159018988463134336e-01 4.150849115206101114e-02 -3.282675173224659293e+00 -6.838082184966323140e-01
6.015951642409259614e-01 4.928016324653672342e-02 -3.364542261046985949e+00 -7.037529755128147935e-01
6.872884296355387113e-01 6.581625124393530868e-02 -3.501459519888496796e+00 -7.136124497012755752e-01
7.729816950301514611e-01 7.413763344178869730e-02 -3.575684889635966535e+00 -7.531252060969224615e-01
8.586749604247639889e-01 9.280756036014425892e-02 -3.648602549707504306e+00 -8.089320199940018830e-01
9.443682258193765167e-01 9.050059762443773970e-02 -3.737783132378954321e+00 -7.448604959582723062e-01
1.030061491213989378e+00 1.371544094786822932e-01 -3.805687766415216000e+00 -7.471349744952275884e-01
1.115754756608602127e+00 1.207334474027481619e-01 -3.685632570920012174e+00 -8.112190260137202014e-01
1.201448022003214433e+00 1.857145459791967879e-01 -3.523847623432140974e+00 -9.303713914414265540e-01
1.287141287397826961e+00 2.076974642778046665e-01 -3.786245865574026315e+00 -9.763102419697134993e-01
1.372834552792439711e+00 2.733029230262297160e-01 -4.082201016331061361e+00 -8.149768249710857004e-01
1.458527818187052461e+00 3.106606458146752292e-01 -3.918672330956555871e+00 -1.265749629357452388e+00
1.544221083581664988e+00 3.625090803369626080e-01 -4.212046375498943895e+00 -2.075963261366792878e+00
1.629914348976277516e+00 3.333452527213139893e-01 -5.665427321104129277e+00 -2.801806057079146317e+00
1.715607614370890266e+00 2.645796650711991216e-01 -6.594322586670922526e+00 6.969387843205879784e-01
1.801300879765503016e+00 8.402843647685233064e-01 -6.681425503684685019e+00 4.922458337134969497e+00
1.886994145160115544e+00 9.701337320901460837e-01 -7.499124828219181360e+00 4.539407514120699538e+00
1.972687410554728293e+00 9.938790845306220145e-01 -8.036490281035574057e+00 3.480732856234005190e+00
2.058380675949340599e+00 9.977633493751814076e-01 -9.521988780999095070e+00 2.752386077139394427e+00
