#     bins                         n
3.524381928145885190e-02 6.000000000000000000e+01
8.822943307459354956e-02 1.330000000000000000e+02
1.412150468677282333e-01 1.900000000000000000e+02
1.942006606608629449e-01 2.430000000000000000e+02
2.471862744539976287e-01 2.910000000000000000e+02
3.001718882471323124e-01 3.120000000000000000e+02
3.531575020402670240e-01 3.710000000000000000e+02
4.061431158334016800e-01 3.950000000000000000e+02
4.591287296265363915e-01 3.520000000000000000e+02
5.121143434196711031e-01 3.790000000000000000e+02
5.650999572128057036e-01 3.570000000000000000e+02
6.180855710059404151e-01 4.280000000000000000e+02
6.710711847990751266e-01 4.100000000000000000e+02
7.240567985922098382e-01 3.740000000000000000e+02
7.770424123853444387e-01 4.220000000000000000e+02
8.300280261784791502e-01 4.060000000000000000e+02
8.830136399716138618e-01 3.820000000000000000e+02
9.359992537647485733e-01 3.590000000000000000e+02
9.889848675578832848e-01 3.430000000000000000e+02
1.041970481351017996e+00 3.130000000000000000e+02
1.094956095144152597e+00 3.440000000000000000e+02
1.147941708937287419e+00 3.130000000000000000e+02
1.200927322730422020e+00 3.240000000000000000e+02
1.253912936523556620e+00 2.820000000000000000e+02
1.306898550316691443e+00 2.360000000000000000e+02
1.359884164109826044e+00 2.340000000000000000e+02
1.412869777902960866e+00 2.120000000000000000e+02
1.465855391696095467e+00 2.060000000000000000e+02
1.518841005489230067e+00 2.010000000000000000e+02
1.571826619282364890e+00 1.800000000000000000e+02
1.624812233075499490e+00 1.460000000000000000e+02
1.677797846868634313e+00 1.330000000000000000e+02
1.730783460661768913e+00 1.050000000000000000e+02
1.783769074454903514e+00 1.200000000000000000e+02
1.836754688248038336e+00 8.400000000000000000e+01
1.889740302041172937e+00 7.100000000000000000e+01
1.942725915834307759e+00 5.700000000000000000e+01
1.995711529627442360e+00 3.700000000000000000e+01
2.048697143420577405e+00 3.800000000000000000e+01
2.101682757213712005e+00 2.300000000000000000e+01
2.154668371006846606e+00 1.800000000000000000e+01
2.207653984799981206e+00 5.000000000000000000e+00
2.260639598593116251e+00 8.000000000000000000e+00
2.313625212386250851e+00 4.000000000000000000e+00
2.366610826179385452e+00 4.000000000000000000e+00
2.419596439972520052e+00 1.000000000000000000e+00
2.472582053765654653e+00 1.000000000000000000e+00
2.525567667558789697e+00 2.000000000000000000e+00
2.578553281351924298e+00 0.000000000000000000e+00
2.631538895145058898e+00 1.000000000000000000e+00
