#     bins                         n
-3.122957229614257812e+00 1.000000000000000000e+00
-2.990514278411865234e+00 1.000000000000000000e+00
-2.858071327209472656e+00 6.000000000000000000e+00
-2.725628376007080078e+00 1.500000000000000000e+01
-2.593185424804687500e+00 1.200000000000000000e+01
-2.460742473602294922e+00 3.700000000000000000e+01
-2.328299522399902344e+00 4.400000000000000000e+01
-2.195856571197509766e+00 6.400000000000000000e+01
-2.063413619995117188e+00 7.200000000000000000e+01
-1.930970668792724609e+00 1.040000000000000000e+02
-1.798527717590332031e+00 1.280000000000000000e+02
-1.666084766387939453e+00 1.360000000000000000e+02
-1.533641815185546875e+00 1.650000000000000000e+02
-1.401198863983154297e+00 2.060000000000000000e+02
-1.268755912780761719e+00 1.910000000000000000e+02
-1.136312961578369141e+00 2.570000000000000000e+02
-1.003870010375976562e+00 2.610000000000000000e+02
-8.714270591735839844e-01 3.070000000000000000e+02
-7.389841079711914062e-01 3.470000000000000000e+02
-6.065411567687988281e-01 4.220000000000000000e+02
-4.740982055664062500e-01 4.440000000000000000e+02
-3.416552543640136719e-01 5.340000000000000000e+02
-2.092123031616210938e-01 5.680000000000000000e+02
-7.676935195922851562e-02 5.730000000000000000e+02
5.567359924316406250e-02 5.760000000000000000e+02
1.881165504455566406e-01 5.290000000000000000e+02
3.205595016479492188e-01 5.300000000000000000e+02
4.530024528503417969e-01 4.240000000000000000e+02
5.854454040527343750e-01 4.010000000000000000e+02
7.178883552551269531e-01 3.760000000000000000e+02
8.503313064575195312e-01 3.650000000000000000e+02
9.827742576599121094e-01 3.100000000000000000e+02
1.115217208862304688e+00 2.550000000000000000e+02
1.247660160064697266e+00 2.380000000000000000e+02
1.380103111267089844e+00 1.950000000000000000e+02
1.512546062469482422e+00 2.060000000000000000e+02
1.644989013671875000e+00 1.450000000000000000e+02
1.777431964874267578e+00 1.000000000000000000e+02
1.909874916076660156e+00 1.090000000000000000e+02
2.042317867279052734e+00 5.900000000000000000e+01
2.174760818481445312e+00 5.700000000000000000e+01
2.307203769683837891e+00 4.000000000000000000e+01
2.439646720886230469e+00 3.300000000000000000e+01
2.572089672088623047e+00 2.700000000000000000e+01
2.704532623291015625e+00 1.500000000000000000e+01
2.836975574493408203e+00 8.000000000000000000e+00
2.969418525695800781e+00 4.000000000000000000e+00
3.101861476898193359e+00 1.000000000000000000e+00
3.234304428100585938e+00 1.000000000000000000e+00
3.366747379302978516e+00 1.000000000000000000e+00
