#     bins                         n
-2.809217429161071866e+00 1.000000000000000000e+00
-2.696609425544739036e+00 3.000000000000000000e+00
-2.584001421928405762e+00 1.200000000000000000e+01
-2.471393418312072932e+00 2.000000000000000000e+01
-2.358785414695739657e+00 2.000000000000000000e+01
-2.246177411079406827e+00 3.500000000000000000e+01
-2.133569407463073997e+00 6.400000000000000000e+01
-2.020961403846740723e+00 6.800000000000000000e+01
-1.908353400230407892e+00 7.000000000000000000e+01
-1.795745396614074840e+00 1.090000000000000000e+02
-1.683137392997741788e+00 1.430000000000000000e+02
-1.570529389381408736e+00 1.600000000000000000e+02
-1.457921385765075684e+00 1.830000000000000000e+02
-1.345313382148742631e+00 2.060000000000000000e+02
-1.232705378532409801e+00 2.080000000000000000e+02
-1.120097374916076749e+00 2.730000000000000000e+02
-1.007489371299743697e+00 2.860000000000000000e+02
-8.948813676834106445e-01 2.830000000000000000e+02
-7.822733640670778144e-01 3.130000000000000000e+02
-6.696653604507445401e-01 3.480000000000000000e+02
-5.570573568344117099e-01 3.620000000000000000e+02
-4.444493532180784356e-01 3.690000000000000000e+02
-3.318413496017456055e-01 3.660000000000000000e+02
-2.192333459854127753e-01 4.220000000000000000e+02
-1.066253423690795010e-01 4.280000000000000000e+02
5.982661247253329151e-03 4.000000000000000000e+02
1.185906648635866034e-01 4.140000000000000000e+02
2.311986684799194336e-01 3.860000000000000000e+02
3.438066720962522638e-01 3.990000000000000000e+02
4.564146757125855380e-01 3.810000000000000000e+02
5.690226793289183682e-01 3.770000000000000000e+02
6.816306829452516425e-01 3.050000000000000000e+02
7.942386865615844727e-01 3.320000000000000000e+02
9.068466901779173028e-01 3.090000000000000000e+02
1.019454693794250577e+00 2.680000000000000000e+02
1.132062697410583407e+00 2.620000000000000000e+02
1.244670701026916237e+00 2.720000000000000000e+02
1.357278704643249956e+00 2.280000000000000000e+02
1.469886708259582786e+00 2.040000000000000000e+02
1.582494711875915616e+00 1.460000000000000000e+02
1.695102715492248446e+00 1.200000000000000000e+02
1.807710719108581277e+00 1.000000000000000000e+02
1.920318722724914995e+00 8.800000000000000000e+01
2.032926726341247825e+00 6.700000000000000000e+01
2.145534729957580655e+00 5.000000000000000000e+01
2.258142733573913485e+00 2.900000000000000000e+01
2.370750737190246316e+00 2.100000000000000000e+01
2.483358740806580034e+00 6.000000000000000000e+00
2.595966744422912864e+00 8.000000000000000000e+00
2.708574748039245694e+00 1.000000000000000000e+00
