#     bins                         n
-2.954249153019212759e-01 1.000000000000000000e+00
-2.845067614588676630e-01 0.000000000000000000e+00
-2.735886076158140501e-01 0.000000000000000000e+00
-2.626704537727604372e-01 0.000000000000000000e+00
-2.517522999297068242e-01 0.000000000000000000e+00
-2.408341460866532391e-01 0.000000000000000000e+00
-2.299159922435996539e-01 0.000000000000000000e+00
-2.189978384005460410e-01 2.000000000000000000e+00
-2.080796845574924281e-01 0.000000000000000000e+00
-1.971615307144388152e-01 0.000000000000000000e+00
-1.862433768713852023e-01 2.000000000000000000e+00
-1.753252230283316171e-01 2.000000000000000000e+00
-1.644070691852780042e-01 1.000000000000000000e+00
-1.534889153422243913e-01 2.000000000000000000e+00
-1.425707614991708061e-01 1.000000000000000000e+00
-1.316526076561171932e-01 1.000000000000000000e+00
-1.207344538130635803e-01 0.000000000000000000e+00
-1.098162999700099673e-01 4.000000000000000000e+00
-9.889814612695635443e-02 6.000000000000000000e+00
-8.797999228390276927e-02 4.000000000000000000e+00
-7.706183844084915635e-02 3.000000000000000000e+00
-6.614368459779554343e-02 2.000000000000000000e+00
-5.522553075474195827e-02 6.000000000000000000e+00
-4.430737691168834536e-02 3.000000000000000000e+00
-3.338922306863473244e-02 6.000000000000000000e+00
-2.247106922558111952e-02 1.000000000000000000e+00
-1.155291538252750660e-02 4.000000000000000000e+00
-6.347615394738936878e-04 6.000000000000000000e+00
1.028339230357966372e-02 4.000000000000000000e+00
2.120154614663327663e-02 8.000000000000000000e+00
3.211969998968688955e-02 2.000000000000000000e+00
4.303785383274050247e-02 4.000000000000000000e+00
5.395600767579411539e-02 4.000000000000000000e+00
6.487416151884772830e-02 0.000000000000000000e+00
7.579231536190134122e-02 2.000000000000000000e+00
8.671046920495495414e-02 2.000000000000000000e+00
9.762862304800856705e-02 3.000000000000000000e+00
1.085467768910621245e-01 2.000000000000000000e+00
1.194649307341157374e-01 2.000000000000000000e+00
1.303830845771693503e-01 4.000000000000000000e+00
1.413012384202229632e-01 3.000000000000000000e+00
1.522193922632765761e-01 0.000000000000000000e+00
1.631375461063301890e-01 0.000000000000000000e+00
1.740556999493838020e-01 1.000000000000000000e+00
1.849738537924373594e-01 0.000000000000000000e+00
1.958920076354909723e-01 0.000000000000000000e+00
2.068101614785445852e-01 0.000000000000000000e+00
2.177283153215981981e-01 0.000000000000000000e+00
2.286464691646518110e-01 1.000000000000000000e+00
2.395646230077054240e-01 1.000000000000000000e+00
