#     bins                         n
-3.144418077468872141e+00 1.000000000000000000e+00
-3.018667211532592987e+00 2.000000000000000000e+00
-2.892916345596313388e+00 5.000000000000000000e+00
-2.767165479660034233e+00 1.100000000000000000e+01
-2.641414613723755078e+00 1.900000000000000000e+01
-2.515663747787475479e+00 2.900000000000000000e+01
-2.389912881851196325e+00 3.800000000000000000e+01
-2.264162015914917170e+00 4.400000000000000000e+01
-2.138411149978638015e+00 5.700000000000000000e+01
-2.012660284042358416e+00 8.100000000000000000e+01
-1.886909418106079261e+00 7.900000000000000000e+01
-1.761158552169799885e+00 1.380000000000000000e+02
-1.635407686233520508e+00 1.250000000000000000e+02
-1.509656820297241353e+00 1.590000000000000000e+02
-1.383905954360961976e+00 1.750000000000000000e+02
-1.258155088424682821e+00 2.150000000000000000e+02
-1.132404222488403445e+00 2.560000000000000000e+02
-1.006653356552124290e+00 2.730000000000000000e+02
-8.809024906158446910e-01 3.240000000000000000e+02
-7.551516246795655363e-01 3.680000000000000000e+02
-6.294007587432863815e-01 3.840000000000000000e+02
-5.036498928070067826e-01 4.270000000000000000e+02
-3.778990268707276279e-01 4.690000000000000000e+02
-2.521481609344484731e-01 4.980000000000000000e+02
-1.263972949981688743e-01 5.340000000000000000e+02
-6.464290618897194918e-04 5.630000000000000000e+02
1.251044368743894353e-01 5.110000000000000000e+02
2.508553028106685900e-01 5.060000000000000000e+02
3.766061687469481889e-01 4.580000000000000000e+02
5.023570346832273437e-01 4.110000000000000000e+02
6.281079006195064984e-01 3.840000000000000000e+02
7.538587665557860973e-01 3.310000000000000000e+02
8.796096324920652521e-01 2.920000000000000000e+02
1.005360498428344407e+00 2.840000000000000000e+02
1.131111364364623562e+00 2.720000000000000000e+02
1.256862230300902716e+00 2.070000000000000000e+02
1.382613096237182759e+00 2.000000000000000000e+02
1.508363962173461914e+00 1.560000000000000000e+02
1.634114828109741069e+00 1.350000000000000000e+02
1.759865694046020224e+00 1.050000000000000000e+02
1.885616559982299378e+00 9.200000000000000000e+01
2.011367425918578533e+00 8.200000000000000000e+01
2.137118291854858576e+00 5.900000000000000000e+01
2.262869157791137731e+00 5.200000000000000000e+01
2.388620023727416886e+00 3.700000000000000000e+01
2.514370889663696040e+00 2.400000000000000000e+01
2.640121755599975195e+00 2.000000000000000000e+01
2.765872621536254350e+00 8.000000000000000000e+00
2.891623487472534393e+00 8.000000000000000000e+00
3.017374353408813548e+00 2.000000000000000000e+00
