#     bins                         n
8.551390592222143372e-01 1.000000000000000000e+00
8.561945142510765105e-01 0.000000000000000000e+00
8.572499692799389059e-01 1.000000000000000000e+00
8.583054243088013013e-01 0.000000000000000000e+00
8.593608793376636967e-01 0.000000000000000000e+00
8.604163343665258701e-01 0.000000000000000000e+00
8.614717893953882655e-01 0.000000000000000000e+00
8.625272444242506609e-01 0.000000000000000000e+00
8.635826994531130563e-01 0.000000000000000000e+00
8.646381544819752296e-01 1.000000000000000000e+00
8.656936095108376250e-01 3.000000000000000000e+00
8.667490645397000204e-01 2.000000000000000000e+00
8.678045195685624158e-01 2.000000000000000000e+00
8.688599745974245891e-01 1.000000000000000000e+00
8.699154296262869845e-01 3.000000000000000000e+00
8.709708846551493799e-01 1.000000000000000000e+00
8.720263396840117753e-01 1.000000000000000000e+00
8.730817947128739487e-01 6.000000000000000000e+00
8.741372497417363441e-01 4.000000000000000000e+00
8.751927047705987395e-01 4.000000000000000000e+00
8.762481597994611349e-01 3.000000000000000000e+00
8.773036148283233082e-01 2.000000000000000000e+00
8.783590698571857036e-01 6.000000000000000000e+00
8.794145248860480990e-01 2.000000000000000000e+00
8.804699799149104944e-01 2.000000000000000000e+00
8.815254349437726678e-01 1.000000000000000000e+00
8.825808899726350631e-01 2.000000000000000000e+00
8.836363450014974585e-01 5.000000000000000000e+00
8.846918000303598539e-01 4.000000000000000000e+00
8.857472550592220273e-01 3.000000000000000000e+00
8.868027100880844227e-01 3.000000000000000000e+00
8.878581651169468181e-01 1.000000000000000000e+00
8.889136201458092135e-01 2.000000000000000000e+00
8.899690751746713868e-01 2.000000000000000000e+00
8.910245302035337822e-01 3.000000000000000000e+00
8.920799852323961776e-01 5.000000000000000000e+00
8.931354402612585730e-01 4.000000000000000000e+00
8.941908952901207464e-01 3.000000000000000000e+00
8.952463503189831417e-01 3.000000000000000000e+00
8.963018053478455371e-01 2.000000000000000000e+00
8.973572603767079325e-01 1.000000000000000000e+00
8.984127154055701059e-01 4.000000000000000000e+00
8.994681704344325013e-01 1.000000000000000000e+00
9.005236254632948967e-01 0.000000000000000000e+00
9.015790804921572921e-01 2.000000000000000000e+00
9.026345355210194654e-01 1.000000000000000000e+00
9.036899905498818608e-01 0.000000000000000000e+00
9.047454455787442562e-01 0.000000000000000000e+00
9.058009006076066516e-01 0.000000000000000000e+00
9.068563556364688250e-01 3.000000000000000000e+00
