#     bins                         n
-3.031541993618011688e+00 2.000000000000000000e+00
-2.904109985828399410e+00 9.000000000000000000e+00
-2.776677978038788019e+00 4.000000000000000000e+00
-2.649245970249175741e+00 1.600000000000000000e+01
-2.521813962459564351e+00 2.000000000000000000e+01
-2.394381954669952073e+00 3.200000000000000000e+01
-2.266949946880340683e+00 3.800000000000000000e+01
-2.139517939090729293e+00 5.100000000000000000e+01
-2.012085931301117014e+00 6.500000000000000000e+01
-1.884653923511505180e+00 1.070000000000000000e+02
-1.757221915721893346e+00 1.330000000000000000e+02
-1.629789907932281512e+00 1.690000000000000000e+02
-1.502357900142669900e+00 1.580000000000000000e+02
-1.374925892353058066e+00 2.060000000000000000e+02
-1.247493884563446231e+00 2.450000000000000000e+02
-1.120061876773834397e+00 2.650000000000000000e+02
-9.926298689842225631e-01 3.230000000000000000e+02
-8.651978611946107289e-01 3.660000000000000000e+02
-7.377658534049988948e-01 3.730000000000000000e+02
-6.103338456153870606e-01 4.020000000000000000e+02
-4.829018378257752264e-01 4.300000000000000000e+02
-3.554698300361633923e-01 4.380000000000000000e+02
-2.280378222465515581e-01 4.570000000000000000e+02
-1.006058144569397239e-01 5.090000000000000000e+02
2.682619333267166617e-02 4.970000000000000000e+02
1.542582011222835003e-01 4.760000000000000000e+02
2.816902089118953345e-01 4.490000000000000000e+02
4.091222167015071687e-01 4.630000000000000000e+02
5.365542244911190028e-01 4.100000000000000000e+02
6.639862322807308370e-01 3.880000000000000000e+02
7.914182400703426712e-01 3.750000000000000000e+02
9.188502478599545054e-01 3.300000000000000000e+02
1.046282255649566340e+00 3.230000000000000000e+02
1.173714263439177730e+00 2.730000000000000000e+02
1.301146271228790008e+00 2.160000000000000000e+02
1.428578279018401398e+00 2.140000000000000000e+02
1.556010286808013676e+00 1.710000000000000000e+02
1.683442294597625066e+00 1.210000000000000000e+02
1.810874302387237345e+00 9.800000000000000000e+01
1.938306310176848735e+00 8.600000000000000000e+01
2.065738317966460791e+00 6.400000000000000000e+01
2.193170325756072181e+00 5.700000000000000000e+01
2.320602333545684459e+00 3.300000000000000000e+01
2.448034341335295849e+00 2.300000000000000000e+01
2.575466349124908128e+00 1.200000000000000000e+01
2.702898356914519518e+00 5.000000000000000000e+00
2.830330364704131796e+00 5.000000000000000000e+00
2.957762372493743186e+00 4.000000000000000000e+00
3.085194380283354576e+00 3.000000000000000000e+00
3.212626388072966854e+00 1.000000000000000000e+00
