#     bins                         n
-3.291832906637494061e-01 2.000000000000000000e+00
-3.165698491744683984e-01 0.000000000000000000e+00
-3.039564076851872798e-01 0.000000000000000000e+00
-2.913429661959062722e-01 0.000000000000000000e+00
-2.787295247066251536e-01 0.000000000000000000e+00
-2.661160832173441460e-01 0.000000000000000000e+00
-2.535026417280631383e-01 0.000000000000000000e+00
-2.408892002387820475e-01 0.000000000000000000e+00
-2.282757587495009843e-01 0.000000000000000000e+00
-2.156623172602199212e-01 0.000000000000000000e+00
-2.030488757709388581e-01 1.000000000000000000e+00
-1.904354342816578227e-01 0.000000000000000000e+00
-1.778219927923767596e-01 1.000000000000000000e+00
-1.652085513030956965e-01 0.000000000000000000e+00
-1.525951098138146611e-01 0.000000000000000000e+00
-1.399816683245335980e-01 6.000000000000000000e+00
-1.273682268352525349e-01 2.000000000000000000e+00
-1.147547853459714717e-01 6.000000000000000000e+00
-1.021413438566904086e-01 4.000000000000000000e+00
-8.952790236740937324e-02 5.000000000000000000e+00
-7.691446087812828236e-02 1.000000000000000000e+00
-6.430101938884727475e-02 6.000000000000000000e+00
-5.168757789956621163e-02 5.000000000000000000e+00
-3.907413641028514850e-02 4.000000000000000000e+00
-2.646069492100408538e-02 8.000000000000000000e+00
-1.384725343172302225e-02 7.000000000000000000e+00
-1.233811942441959131e-03 4.000000000000000000e+00
1.137962954683910399e-02 3.000000000000000000e+00
2.399307103612011161e-02 5.000000000000000000e+00
3.660651252540117473e-02 3.000000000000000000e+00
4.921995401468223785e-02 1.000000000000000000e+00
6.183339550396330098e-02 5.000000000000000000e+00
7.444683699324436410e-02 2.000000000000000000e+00
8.706027848252542722e-02 3.000000000000000000e+00
9.967371997180649035e-02 2.000000000000000000e+00
1.122871614610875535e-01 1.000000000000000000e+00
1.249006029503686166e-01 6.000000000000000000e+00
1.375140444396496242e-01 2.000000000000000000e+00
1.501274859289306873e-01 1.000000000000000000e+00
1.627409274182117505e-01 0.000000000000000000e+00
1.753543689074928691e-01 3.000000000000000000e+00
1.879678103967738767e-01 0.000000000000000000e+00
2.005812518860548843e-01 0.000000000000000000e+00
2.131946933753360029e-01 0.000000000000000000e+00
2.258081348646170106e-01 0.000000000000000000e+00
2.384215763538981292e-01 0.000000000000000000e+00
2.510350178431791646e-01 0.000000000000000000e+00
2.636484593324602832e-01 0.000000000000000000e+00
2.762619008217412908e-01 0.000000000000000000e+00
2.888753423110222984e-01 1.000000000000000000e+00
