#     bins                         n
3.195524940267205349e-02 2.100000000000000000e+01
7.077937884256244039e-02 4.800000000000000000e+01
1.096035082824528273e-01 4.800000000000000000e+01
1.484276377223432142e-01 8.200000000000000000e+01
1.872517671622336011e-01 1.080000000000000000e+02
2.260758966021239880e-01 1.360000000000000000e+02
2.649000260420143471e-01 1.410000000000000000e+02
3.037241554819047895e-01 1.810000000000000000e+02
3.425482849217951209e-01 1.900000000000000000e+02
3.813724143616855633e-01 1.880000000000000000e+02
4.201965438015758947e-01 2.530000000000000000e+02
4.590206732414663371e-01 2.490000000000000000e+02
4.978448026813566685e-01 2.600000000000000000e+02
5.366689321212469999e-01 2.470000000000000000e+02
5.754930615611374423e-01 2.900000000000000000e+02
6.143171910010278847e-01 3.220000000000000000e+02
6.531413204409182161e-01 2.790000000000000000e+02
6.919654498808085474e-01 3.050000000000000000e+02
7.307895793206989898e-01 2.970000000000000000e+02
7.696137087605894322e-01 3.190000000000000000e+02
8.084378382004797636e-01 3.230000000000000000e+02
8.472619676403700950e-01 3.300000000000000000e+02
8.860860970802605374e-01 3.070000000000000000e+02
9.249102265201509798e-01 3.390000000000000000e+02
9.637343559600413112e-01 3.060000000000000000e+02
1.002558485399931643e+00 2.890000000000000000e+02
1.041382614839821974e+00 3.270000000000000000e+02
1.080206744279712527e+00 3.610000000000000000e+02
1.119030873719602859e+00 2.830000000000000000e+02
1.157855003159493190e+00 2.960000000000000000e+02
1.196679132599383744e+00 2.620000000000000000e+02
1.235503262039274075e+00 2.680000000000000000e+02
1.274327391479164406e+00 2.650000000000000000e+02
1.313151520919054738e+00 2.340000000000000000e+02
1.351975650358945069e+00 2.340000000000000000e+02
1.390799779798835623e+00 2.180000000000000000e+02
1.429623909238725954e+00 2.090000000000000000e+02
1.468448038678616285e+00 1.690000000000000000e+02
1.507272168118506839e+00 1.690000000000000000e+02
1.546096297558397170e+00 1.380000000000000000e+02
1.584920426998287502e+00 1.370000000000000000e+02
1.623744556438177833e+00 1.030000000000000000e+02
1.662568685878068164e+00 1.220000000000000000e+02
1.701392815317958718e+00 9.000000000000000000e+01
1.740216944757849049e+00 8.500000000000000000e+01
1.779041074197739380e+00 4.800000000000000000e+01
1.817865203637629934e+00 2.200000000000000000e+01
1.856689333077520265e+00 2.500000000000000000e+01
1.895513462517410597e+00 8.000000000000000000e+00
1.934337591957300928e+00 5.000000000000000000e+00
