#     bins                         n
4.301367877051234107e-02 3.700000000000000000e+01
8.608901659026740871e-02 7.200000000000000000e+01
1.291643544100224972e-01 8.000000000000000000e+01
1.722396922297775579e-01 1.250000000000000000e+02
2.153150300495326464e-01 1.300000000000000000e+02
2.583903678692877071e-01 1.650000000000000000e+02
3.014657056890427400e-01 1.960000000000000000e+02
3.445410435087978285e-01 2.030000000000000000e+02
3.876163813285529169e-01 2.300000000000000000e+02
4.306917191483080054e-01 2.370000000000000000e+02
4.737670569680630939e-01 2.580000000000000000e+02
5.168423947878181268e-01 2.770000000000000000e+02
5.599177326075731598e-01 2.980000000000000000e+02
6.029930704273283038e-01 2.960000000000000000e+02
6.460684082470833367e-01 3.170000000000000000e+02
6.891437460668384807e-01 3.580000000000000000e+02
7.322190838865935136e-01 4.160000000000000000e+02
7.752944217063485466e-01 3.840000000000000000e+02
8.183697595261036906e-01 4.010000000000000000e+02
8.614450973458587235e-01 4.130000000000000000e+02
9.045204351656138675e-01 4.260000000000000000e+02
9.475957729853689004e-01 3.710000000000000000e+02
9.906711108051239334e-01 4.090000000000000000e+02
1.033746448624879299e+00 3.420000000000000000e+02
1.076821786444634110e+00 3.480000000000000000e+02
1.119897124264389365e+00 3.020000000000000000e+02
1.162972462084144398e+00 2.690000000000000000e+02
1.206047799903899431e+00 2.620000000000000000e+02
1.249123137723654464e+00 2.040000000000000000e+02
1.292198475543409497e+00 2.250000000000000000e+02
1.335273813363164752e+00 2.270000000000000000e+02
1.378349151182919785e+00 1.860000000000000000e+02
1.421424489002674818e+00 2.060000000000000000e+02
1.464499826822429851e+00 1.910000000000000000e+02
1.507575164642184884e+00 1.590000000000000000e+02
1.550650502461940139e+00 1.390000000000000000e+02
1.593725840281695172e+00 1.330000000000000000e+02
1.636801178101450205e+00 1.240000000000000000e+02
1.679876515921205238e+00 1.000000000000000000e+02
1.722951853740960271e+00 8.300000000000000000e+01
1.766027191560715526e+00 8.200000000000000000e+01
1.809102529380470559e+00 6.100000000000000000e+01
1.852177867200225592e+00 5.900000000000000000e+01
1.895253205019980625e+00 4.000000000000000000e+01
1.938328542839735658e+00 2.600000000000000000e+01
1.981403880659490691e+00 9.000000000000000000e+00
2.024479218479246168e+00 1.300000000000000000e+01
2.067554556299000978e+00 1.000000000000000000e+01
2.110629894118755789e+00 2.000000000000000000e+00
2.153705231938511044e+00 2.000000000000000000e+00
