#     bins                         n
-3.169561073780060134e+00 5.000000000000000000e+00
-3.034204022884368968e+00 2.000000000000000000e+00
-2.898846971988677801e+00 6.000000000000000000e+00
-2.763489921092987522e+00 1.100000000000000000e+01
-2.628132870197296356e+00 2.000000000000000000e+01
-2.492775819301605189e+00 2.200000000000000000e+01
-2.357418768405914911e+00 3.800000000000000000e+01
-2.222061717510223744e+00 4.400000000000000000e+01
-2.086704666614532577e+00 6.800000000000000000e+01
-1.951347615718841633e+00 8.700000000000000000e+01
-1.815990564823150688e+00 9.900000000000000000e+01
-1.680633513927459743e+00 1.330000000000000000e+02
-1.545276463031769021e+00 1.810000000000000000e+02
-1.409919412136078076e+00 1.770000000000000000e+02
-1.274562361240387132e+00 2.430000000000000000e+02
-1.139205310344695965e+00 2.460000000000000000e+02
-1.003848259449005242e+00 3.430000000000000000e+02
-8.684912085533145198e-01 3.570000000000000000e+02
-7.331341576576233532e-01 3.910000000000000000e+02
-5.977771067619326306e-01 4.220000000000000000e+02
-4.624200558662414640e-01 5.080000000000000000e+02
-3.270630049705507414e-01 4.720000000000000000e+02
-1.917059540748595747e-01 5.360000000000000000e+02
-5.634890317916885216e-02 5.290000000000000000e+02
7.900814771652187041e-02 5.550000000000000000e+02
2.143651986122130371e-01 5.210000000000000000e+02
3.497222495079037596e-01 5.240000000000000000e+02
4.850793004035949263e-01 4.630000000000000000e+02
6.204363512992856489e-01 3.970000000000000000e+02
7.557934021949768155e-01 4.470000000000000000e+02
8.911504530906679822e-01 3.210000000000000000e+02
1.026507503986358261e+00 2.860000000000000000e+02
1.161864554882049427e+00 2.870000000000000000e+02
1.297221605777740594e+00 2.420000000000000000e+02
1.432578656673430872e+00 2.110000000000000000e+02
1.567935707569122039e+00 1.700000000000000000e+02
1.703292758464813206e+00 1.240000000000000000e+02
1.838649809360504372e+00 1.050000000000000000e+02
1.974006860256194651e+00 1.020000000000000000e+02
2.109363911151885596e+00 5.900000000000000000e+01
2.244720962047576762e+00 5.400000000000000000e+01
2.380078012943267041e+00 3.200000000000000000e+01
2.515435063838958207e+00 2.300000000000000000e+01
2.650792114734649374e+00 1.700000000000000000e+01
2.786149165630340541e+00 1.200000000000000000e+01
2.921506216526030819e+00 9.000000000000000000e+00
3.056863267421721986e+00 1.000000000000000000e+00
3.192220318317413152e+00 2.000000000000000000e+00
3.327577369213103431e+00 1.000000000000000000e+00
3.462934420108794598e+00 1.000000000000000000e+00
