#     bins                         n
-2.919568066263666939e-01 1.000000000000000000e+00
-2.805990878715807213e-01 0.000000000000000000e+00
-2.692413691167948597e-01 0.000000000000000000e+00
-2.578836503620088871e-01 0.000000000000000000e+00
-2.465259316072230533e-01 0.000000000000000000e+00
-2.351682128524371085e-01 0.000000000000000000e+00
-2.238104940976512192e-01 0.000000000000000000e+00
-2.124527753428653021e-01 2.000000000000000000e+00
-2.010950565880793850e-01 0.000000000000000000e+00
-1.897373378332934679e-01 0.000000000000000000e+00
-1.783796190785075508e-01 2.000000000000000000e+00
-1.670219003237216615e-01 0.000000000000000000e+00
-1.556641815689357444e-01 0.000000000000000000e+00
-1.443064628141498273e-01 4.000000000000000000e+00
-1.329487440593639380e-01 0.000000000000000000e+00
-1.215910253045780209e-01 3.000000000000000000e+00
-1.102333065497921039e-01 1.000000000000000000e+00
-9.887558779500618678e-02 4.000000000000000000e+00
-8.751786904022026969e-02 4.000000000000000000e+00
-7.616015028543438037e-02 1.000000000000000000e+00
-6.480243153064846329e-02 3.000000000000000000e+00
-5.344471277586254621e-02 3.000000000000000000e+00
-4.208699402107665688e-02 5.000000000000000000e+00
-3.072927526629073980e-02 4.000000000000000000e+00
-1.937155651150482272e-02 3.000000000000000000e+00
-8.013837756718905636e-03 7.000000000000000000e+00
3.343880998067011445e-03 5.000000000000000000e+00
1.470159975285292853e-02 3.000000000000000000e+00
2.605931850763879010e-02 5.000000000000000000e+00
3.741703726242470718e-02 2.000000000000000000e+00
4.877475601721062426e-02 3.000000000000000000e+00
6.013247477199654134e-02 5.000000000000000000e+00
7.149019352678245842e-02 6.000000000000000000e+00
8.284791228156837550e-02 3.000000000000000000e+00
9.420563103635429258e-02 3.000000000000000000e+00
1.055633497911402097e-01 3.000000000000000000e+00
1.169210685459261267e-01 3.000000000000000000e+00
1.282787873007119883e-01 0.000000000000000000e+00
1.396365060554979054e-01 2.000000000000000000e+00
1.509942248102838225e-01 2.000000000000000000e+00
1.623519435650697396e-01 2.000000000000000000e+00
1.737096623198556566e-01 1.000000000000000000e+00
1.850673810746415737e-01 2.000000000000000000e+00
1.964250998294274908e-01 0.000000000000000000e+00
2.077828185842133524e-01 0.000000000000000000e+00
2.191405373389993250e-01 0.000000000000000000e+00
2.304982560937851865e-01 0.000000000000000000e+00
2.418559748485711591e-01 2.000000000000000000e+00
2.532136936033569929e-01 0.000000000000000000e+00
2.645714123581428545e-01 1.000000000000000000e+00
