#     bins                         n
-3.181309821605682320e+00 2.000000000000000000e+00
-3.055390245914459069e+00 0.000000000000000000e+00
-2.929470670223235818e+00 2.000000000000000000e+00
-2.803551094532013011e+00 4.000000000000000000e+00
-2.677631518840789759e+00 5.000000000000000000e+00
-2.551711943149566508e+00 9.000000000000000000e+00
-2.425792367458343701e+00 2.700000000000000000e+01
-2.299872791767120450e+00 5.100000000000000000e+01
-2.173953216075897199e+00 5.200000000000000000e+01
-2.048033640384673948e+00 7.800000000000000000e+01
-1.922114064693450919e+00 7.700000000000000000e+01
-1.796194489002227890e+00 1.240000000000000000e+02
-1.670274913311004639e+00 1.530000000000000000e+02
-1.544355337619781388e+00 1.540000000000000000e+02
-1.418435761928558358e+00 2.130000000000000000e+02
-1.292516186237335329e+00 2.380000000000000000e+02
-1.166596610546112078e+00 2.570000000000000000e+02
-1.040677034854888827e+00 2.880000000000000000e+02
-9.147574591636655761e-01 3.460000000000000000e+02
-7.888378834724427691e-01 3.610000000000000000e+02
-6.629183077812195179e-01 3.620000000000000000e+02
-5.369987320899962668e-01 4.290000000000000000e+02
-4.110791563987734598e-01 4.450000000000000000e+02
-2.851595807075502087e-01 4.360000000000000000e+02
-1.592400050163269576e-01 4.700000000000000000e+02
-3.332042932510370647e-02 4.800000000000000000e+02
9.259914636611954464e-02 4.790000000000000000e+02
2.185187220573423517e-01 4.550000000000000000e+02
3.444382977485656028e-01 4.370000000000000000e+02
4.703578734397888539e-01 4.490000000000000000e+02
5.962774491310116609e-01 4.000000000000000000e+02
7.221970248222349120e-01 3.600000000000000000e+02
8.481166005134581631e-01 3.800000000000000000e+02
9.740361762046814142e-01 3.370000000000000000e+02
1.099955751895904665e+00 2.710000000000000000e+02
1.225875327587127916e+00 2.460000000000000000e+02
1.351794903278351168e+00 2.160000000000000000e+02
1.477714478969573531e+00 1.800000000000000000e+02
1.603634054660796782e+00 1.350000000000000000e+02
1.729553630352020033e+00 1.150000000000000000e+02
1.855473206043243284e+00 1.250000000000000000e+02
1.981392781734466535e+00 7.600000000000000000e+01
2.107312357425689786e+00 5.100000000000000000e+01
2.233231933116913037e+00 3.700000000000000000e+01
2.359151508808135400e+00 3.300000000000000000e+01
2.485071084499358651e+00 2.700000000000000000e+01
2.610990660190581902e+00 1.400000000000000000e+01
2.736910235881805153e+00 8.000000000000000000e+00
2.862829811573028405e+00 1.000000000000000000e+00
2.988749387264251656e+00 3.000000000000000000e+00
