#     bins                         n
-2.471453621276291091e-01 1.000000000000000000e+00
-2.368348890294110776e-01 0.000000000000000000e+00
-2.265244159311931016e-01 0.000000000000000000e+00
-2.162139428329750701e-01 1.000000000000000000e+00
-2.059034697347570941e-01 0.000000000000000000e+00
-1.955929966365390626e-01 1.000000000000000000e+00
-1.852825235383210867e-01 3.000000000000000000e+00
-1.749720504401031107e-01 1.000000000000000000e+00
-1.646615773418850792e-01 3.000000000000000000e+00
-1.543511042436671032e-01 1.000000000000000000e+00
-1.440406311454490718e-01 0.000000000000000000e+00
-1.337301580472310958e-01 0.000000000000000000e+00
-1.234196849490130782e-01 1.000000000000000000e+00
-1.131092118507950744e-01 4.000000000000000000e+00
-1.027987387525770707e-01 0.000000000000000000e+00
-9.248826565435906699e-02 4.000000000000000000e+00
-8.217779255614106326e-02 4.000000000000000000e+00
-7.186731945792305953e-02 4.000000000000000000e+00
-6.155684635970505580e-02 3.000000000000000000e+00
-5.124637326148705208e-02 2.000000000000000000e+00
-4.093590016326904835e-02 5.000000000000000000e+00
-3.062542706505104462e-02 4.000000000000000000e+00
-2.031495396683304089e-02 1.000000000000000000e+00
-1.000448086861503716e-02 3.000000000000000000e+00
3.059922296029388145e-04 6.000000000000000000e+00
1.061646532782097030e-02 4.000000000000000000e+00
2.092693842603894627e-02 6.000000000000000000e+00
3.123741152425697776e-02 6.000000000000000000e+00
4.154788462247495373e-02 2.000000000000000000e+00
5.185835772069298522e-02 2.000000000000000000e+00
6.216883081891096119e-02 3.000000000000000000e+00
7.247930391712899267e-02 4.000000000000000000e+00
8.278977701534696865e-02 5.000000000000000000e+00
9.310025011356494462e-02 3.000000000000000000e+00
1.034107232117829761e-01 2.000000000000000000e+00
1.137211963100009521e-01 1.000000000000000000e+00
1.240316694082189836e-01 3.000000000000000000e+00
1.343421425064369457e-01 1.000000000000000000e+00
1.446526156046549771e-01 0.000000000000000000e+00
1.549630887028729531e-01 0.000000000000000000e+00
1.652735618010909846e-01 1.000000000000000000e+00
1.755840348993089606e-01 1.000000000000000000e+00
1.858945079975269921e-01 0.000000000000000000e+00
1.962049810957449680e-01 1.000000000000000000e+00
2.065154541939629995e-01 0.000000000000000000e+00
2.168259272921809755e-01 0.000000000000000000e+00
2.271364003903990070e-01 0.000000000000000000e+00
2.374468734886169830e-01 1.000000000000000000e+00
2.477573465868349589e-01 0.000000000000000000e+00
2.580678196850529349e-01 2.000000000000000000e+00
