#     bins                         n
-1.774774428501137702e-01 3.000000000000000000e+00
-1.686282425893493586e-01 1.000000000000000000e+00
-1.597790423285849470e-01 2.000000000000000000e+00
-1.509298420678205355e-01 0.000000000000000000e+00
-1.420806418070561239e-01 0.000000000000000000e+00
-1.332314415462917123e-01 0.000000000000000000e+00
-1.243822412855272730e-01 2.000000000000000000e+00
-1.155330410247628753e-01 2.000000000000000000e+00
-1.066838407639984637e-01 1.000000000000000000e+00
-9.783464050323405214e-02 0.000000000000000000e+00
-8.898544024246964057e-02 0.000000000000000000e+00
-8.013623998170522900e-02 3.000000000000000000e+00
-7.128703972094080354e-02 3.000000000000000000e+00
-6.243783946017639197e-02 3.000000000000000000e+00
-5.358863919941198040e-02 3.000000000000000000e+00
-4.473943893864756882e-02 6.000000000000000000e+00
-3.589023867788315725e-02 4.000000000000000000e+00
-2.704103841711874567e-02 3.000000000000000000e+00
-1.819183815635433410e-02 2.000000000000000000e+00
-9.342637895589922525e-03 5.000000000000000000e+00
-4.934376348255109512e-04 2.000000000000000000e+00
8.355762625938900623e-03 5.000000000000000000e+00
1.720496288670331220e-02 4.000000000000000000e+00
2.605416314746772377e-02 4.000000000000000000e+00
3.490336340823216310e-02 5.000000000000000000e+00
4.375256366899657468e-02 5.000000000000000000e+00
5.260176392976098625e-02 5.000000000000000000e+00
6.145096419052539782e-02 5.000000000000000000e+00
7.030016445128980940e-02 3.000000000000000000e+00
7.914936471205422097e-02 1.000000000000000000e+00
8.799856497281863255e-02 1.000000000000000000e+00
9.684776523358304412e-02 3.000000000000000000e+00
1.056969654943474557e-01 0.000000000000000000e+00
1.145461657551118673e-01 0.000000000000000000e+00
1.233953660158762788e-01 1.000000000000000000e+00
1.322445662766406904e-01 3.000000000000000000e+00
1.410937665374051020e-01 1.000000000000000000e+00
1.499429667981695136e-01 2.000000000000000000e+00
1.587921670589339251e-01 2.000000000000000000e+00
1.676413673196983367e-01 0.000000000000000000e+00
1.764905675804627483e-01 1.000000000000000000e+00
1.853397678412271599e-01 0.000000000000000000e+00
1.941889681019915714e-01 0.000000000000000000e+00
2.030381683627559830e-01 0.000000000000000000e+00
2.118873686235203946e-01 1.000000000000000000e+00
2.207365688842848062e-01 0.000000000000000000e+00
2.295857691450492177e-01 1.000000000000000000e+00
2.384349694058136293e-01 0.000000000000000000e+00
2.472841696665780964e-01 0.000000000000000000e+00
2.561333699273425357e-01 2.000000000000000000e+00
