#     bins                         n
-2.908454134464263596e+00 1.000000000000000000e+00
-2.788418395519256521e+00 2.000000000000000000e+00
-2.668382656574249445e+00 1.300000000000000000e+01
-2.548346917629241482e+00 1.600000000000000000e+01
-2.428311178684234406e+00 2.100000000000000000e+01
-2.308275439739227330e+00 3.300000000000000000e+01
-2.188239700794219367e+00 4.900000000000000000e+01
-2.068203961849212291e+00 7.300000000000000000e+01
-1.948168222904205438e+00 9.300000000000000000e+01
-1.828132483959197918e+00 1.050000000000000000e+02
-1.708096745014190621e+00 1.420000000000000000e+02
-1.588061006069183323e+00 1.530000000000000000e+02
-1.468025267124175803e+00 1.650000000000000000e+02
-1.347989528179168506e+00 2.110000000000000000e+02
-1.227953789234161208e+00 2.400000000000000000e+02
-1.107918050289153911e+00 2.740000000000000000e+02
-9.878823113441466131e-01 3.120000000000000000e+02
-8.678465723991390934e-01 3.280000000000000000e+02
-7.478108334541320179e-01 3.430000000000000000e+02
-6.277750945091244983e-01 3.810000000000000000e+02
-5.077393555641174228e-01 3.950000000000000000e+02
-3.877036166191099031e-01 4.270000000000000000e+02
-2.676678776741028276e-01 4.740000000000000000e+02
-1.476321387290953080e-01 4.370000000000000000e+02
-2.759639978408778838e-02 4.250000000000000000e+02
9.243933916091928715e-02 4.440000000000000000e+02
2.124750781059268068e-01 4.410000000000000000e+02
3.325108170509338823e-01 4.380000000000000000e+02
4.525465559959414019e-01 4.080000000000000000e+02
5.725822949409484774e-01 3.700000000000000000e+02
6.926180338859559971e-01 4.080000000000000000e+02
8.126537728309630726e-01 3.370000000000000000e+02
9.326895117759705922e-01 3.200000000000000000e+02
1.052725250720978112e+00 2.740000000000000000e+02
1.172760989665985631e+00 2.420000000000000000e+02
1.292796728610992707e+00 2.070000000000000000e+02
1.412832467555999783e+00 1.750000000000000000e+02
1.532868206501006858e+00 1.630000000000000000e+02
1.652903945446014822e+00 1.230000000000000000e+02
1.772939684391021897e+00 1.140000000000000000e+02
1.892975423336028973e+00 7.900000000000000000e+01
2.013011162281037159e+00 7.000000000000000000e+01
2.133046901226044234e+00 5.600000000000000000e+01
2.253082640171051310e+00 4.000000000000000000e+01
2.373118379116058385e+00 3.300000000000000000e+01
2.493154118061066349e+00 2.000000000000000000e+01
2.613189857006073424e+00 7.000000000000000000e+00
2.733225595951080500e+00 1.000000000000000000e+01
2.853261334896088464e+00 3.000000000000000000e+00
2.973297073841095539e+00 3.000000000000000000e+00
