#     bins                         n
-3.388309335708618253e+00 1.000000000000000000e+00
-3.253943490982055931e+00 0.000000000000000000e+00
-3.119577646255493164e+00 3.000000000000000000e+00
-2.985211801528930842e+00 5.000000000000000000e+00
-2.850845956802368075e+00 1.400000000000000000e+01
-2.716480112075805753e+00 1.900000000000000000e+01
-2.582114267349243431e+00 1.600000000000000000e+01
-2.447748422622681108e+00 3.500000000000000000e+01
-2.313382577896118342e+00 4.900000000000000000e+01
-2.179016733169555575e+00 6.500000000000000000e+01
-2.044650888442993253e+00 8.800000000000000000e+01
-1.910285043716430931e+00 9.000000000000000000e+01
-1.775919198989868386e+00 9.500000000000000000e+01
-1.641553354263305842e+00 1.300000000000000000e+02
-1.507187509536743519e+00 1.630000000000000000e+02
-1.372821664810180753e+00 1.930000000000000000e+02
-1.238455820083618431e+00 2.010000000000000000e+02
-1.104089975357056108e+00 2.450000000000000000e+02
-9.697241306304933417e-01 2.930000000000000000e+02
-8.353582859039310193e-01 3.220000000000000000e+02
-7.009924411773682529e-01 3.670000000000000000e+02
-5.666265964508059305e-01 4.300000000000000000e+02
-4.322607517242436082e-01 4.730000000000000000e+02
-2.978949069976808417e-01 5.310000000000000000e+02
-1.635290622711185193e-01 6.090000000000000000e+02
-2.916321754455619697e-02 5.680000000000000000e+02
1.052026271820065695e-01 5.940000000000000000e+02
2.395684719085688918e-01 5.980000000000000000e+02
3.739343166351312142e-01 5.180000000000000000e+02
5.083001613616939807e-01 4.610000000000000000e+02
6.426660060882567471e-01 4.230000000000000000e+02
7.770318508148190695e-01 3.550000000000000000e+02
9.113976955413813918e-01 3.200000000000000000e+02
1.045763540267943714e+00 2.820000000000000000e+02
1.180129384994506037e+00 2.120000000000000000e+02
1.314495229721069247e+00 2.250000000000000000e+02
1.448861074447631569e+00 1.850000000000000000e+02
1.583226919174193892e+00 1.500000000000000000e+02
1.717592763900756214e+00 1.420000000000000000e+02
1.851958608627318537e+00 1.050000000000000000e+02
1.986324453353881747e+00 7.700000000000000000e+01
2.120690298080444069e+00 7.100000000000000000e+01
2.255056142807006392e+00 6.100000000000000000e+01
2.389421987533568714e+00 4.200000000000000000e+01
2.523787832260131037e+00 3.300000000000000000e+01
2.658153676986693359e+00 2.100000000000000000e+01
2.792519521713256569e+00 9.000000000000000000e+00
2.926885366439818892e+00 7.000000000000000000e+00
3.061251211166381214e+00 3.000000000000000000e+00
3.195617055892943537e+00 1.000000000000000000e+00
