#     bins                         n
8.637801418248189922e-01 1.000000000000000000e+00
8.651118669904700464e-01 1.000000000000000000e+00
8.664435921561209897e-01 0.000000000000000000e+00
8.677753173217720439e-01 1.000000000000000000e+00
8.691070424874229872e-01 0.000000000000000000e+00
8.704387676530740414e-01 0.000000000000000000e+00
8.717704928187250957e-01 0.000000000000000000e+00
8.731022179843760389e-01 0.000000000000000000e+00
8.744339431500270932e-01 1.000000000000000000e+00
8.757656683156781474e-01 1.000000000000000000e+00
8.770973934813290906e-01 1.000000000000000000e+00
8.784291186469801449e-01 2.000000000000000000e+00
8.797608438126310881e-01 2.000000000000000000e+00
8.810925689782821424e-01 6.000000000000000000e+00
8.824242941439331966e-01 5.000000000000000000e+00
8.837560193095841399e-01 1.000000000000000000e+00
8.850877444752351941e-01 5.000000000000000000e+00
8.864194696408862484e-01 5.000000000000000000e+00
8.877511948065371916e-01 8.000000000000000000e+00
8.890829199721882459e-01 2.000000000000000000e+00
8.904146451378391891e-01 3.000000000000000000e+00
8.917463703034902434e-01 2.000000000000000000e+00
8.930780954691412976e-01 3.000000000000000000e+00
8.944098206347922408e-01 6.000000000000000000e+00
8.957415458004432951e-01 2.000000000000000000e+00
8.970732709660942383e-01 3.000000000000000000e+00
8.984049961317452926e-01 5.000000000000000000e+00
8.997367212973963468e-01 6.000000000000000000e+00
9.010684464630472901e-01 3.000000000000000000e+00
9.024001716286983443e-01 2.000000000000000000e+00
9.037318967943493986e-01 2.000000000000000000e+00
9.050636219600003418e-01 3.000000000000000000e+00
9.063953471256513961e-01 6.000000000000000000e+00
9.077270722913023393e-01 3.000000000000000000e+00
9.090587974569533936e-01 2.000000000000000000e+00
9.103905226226044478e-01 1.000000000000000000e+00
9.117222477882553910e-01 1.000000000000000000e+00
9.130539729539064453e-01 1.000000000000000000e+00
9.143856981195574996e-01 0.000000000000000000e+00
9.157174232852084428e-01 2.000000000000000000e+00
9.170491484508594970e-01 0.000000000000000000e+00
9.183808736165104403e-01 0.000000000000000000e+00
9.197125987821614945e-01 0.000000000000000000e+00
9.210443239478125488e-01 1.000000000000000000e+00
9.223760491134634920e-01 0.000000000000000000e+00
9.237077742791145463e-01 0.000000000000000000e+00
9.250394994447654895e-01 0.000000000000000000e+00
9.263712246104165438e-01 0.000000000000000000e+00
9.277029497760675980e-01 0.000000000000000000e+00
9.290346749417185412e-01 1.000000000000000000e+00
