-1.334896435250783275e+00 9.961616099010233150e-01 -1.025054059464875156e+00 -2.370073171003009849e-01 1.415354609489440918e-01 4.624912969994000866e-02 4.006457328796386719e-02
-1.227053297995881254e+00 -6.571894790869052816e-01 2.452786746530889683e+00 7.999634384886264993e-01 1.416211326917012417e-02 5.928525633689527702e-02 4.837477869457668805e-02
-1.119210160740979454e+00 5.328405577873198684e-01 3.863001725427043231e-01 8.106231346821325401e-01 -1.872326433658599854e-02 7.599584341877764493e-02 5.960760265588760376e-02
-1.011367023486077432e+00 4.010315451046353452e-01 2.136512267672786014e-01 1.807208273284672539e-01 7.331424816088243437e-03 9.741660193070904306e-02 7.235345515337857081e-02
-9.035238862311754104e-01 7.826700731114144549e-02 -4.181795116249119038e-01 -2.929443737464820230e-01 -9.357437292734782294e-03 1.248751761255058879e-01 6.520496368408203181e-02
-7.956807489762734997e-01 1.249796368056320661e-01 1.114532280049748136e-01 -6.995494620781071704e-02 -2.683230241139729702e-02 1.600734300244608110e-01 6.255689645424866718e-02
-6.878376117213715890e-01 1.452283298789058819e-01 1.229881471059975362e-01 1.389672383137014744e-01 2.986518130905326581e-04 2.051929278085104502e-01 6.297850334781339432e-02
-5.799944744664694563e-01 2.121418465037451240e-01 -3.766504845857079203e-02 -2.374708954564222485e-01 -6.782955810671947340e-03 2.630301457037227397e-01 6.702680535655204663e-02
-4.721513372115674345e-01 1.066404582931490541e-01 -1.711082328076002079e-01 -3.643225045196535894e-01 -2.540213405770599345e-03 3.371697957031253301e-01 5.597229609413752194e-02
-3.643081999566656348e-01 8.709051576363779912e-02 -2.163079721568833824e-01 -1.220698312627061105e-01 1.389101847706225102e-03 4.322070036129634918e-01 5.593313434780043669e-02
-2.564650627017636686e-01 8.429021249316515085e-02 -1.776101232783136030e-01 -2.562016862261082273e-01 -5.596185593619294393e-03 5.540321118697547620e-01 5.267982647609806279e-02
-1.486219254468617024e-01 7.509411097399343316e-02 -3.370445562077954982e-01 -3.596363855011344701e-01 -2.190532378570400531e-03 7.101957590158167744e-01 4.925042352406885232e-02
-4.077878819195976390e-02 4.571374838454067557e-02 -6.675942286928023828e-01 -4.350199445305974466e-01 -1.746638916274923566e-03 9.103768632144273454e-01 4.406316650595902551e-02
6.706434906294217457e-02 5.894713281747521183e-02 -1.212932922458430429e+00 -4.377542667051771974e-01 -2.231831994659630360e-03 1.166982515109164842e+00 3.968095706419146745e-02
1.749074863178441963e-01 4.965494797465819232e-02 -1.975916431185584354e+00 -3.722149746237530810e-01 -1.101834603442216872e-03 1.495916960984702504e+00 3.545341845446036561e-02
2.827506235727462180e-01 5.601035527390196833e-02 -2.613888612883196849e+00 -3.019584824205631679e-01 -2.230453574542858735e-04 1.917567337289862506e+00 3.298378395477702396e-02
3.905937608276482398e-01 5.112370822360157163e-02 -2.896837929214763463e+00 -3.718618338209804253e-01 -1.981669223428147216e-03 2.458067251687866772e+00 3.051615530849569741e-02
4.984368980825502615e-01 4.608015394498887751e-02 -2.962051286368186709e+00 -5.414079082038044666e-01 -4.957654239821872571e-04 3.150916526540215035e+00 2.742173841125179756e-02
6.062800353374522278e-01 5.082358561447919421e-02 -3.022452354862332324e+00 -6.606261355125869761e-01 -1.472977709689974419e-03 4.039057495439500656e+00 2.332145068909948979e-02
7.141231725923540274e-01 4.734085889034023165e-02 -3.121957237160784882e+00 -7.767888956431364678e-01 -7.445590386591330757e-04 5.177536540258389053e+00 1.975181428738063960e-02
8.219663098472559382e-01 3.553062325317168924e-02 -3.426365244210407113e+00 -7.786035609518693335e-01 -1.663042437485544528e-03 6.636915828996856170e+00 1.585670179529225995e-02
9.298094471021578489e-01 5.184545156376463293e-02 -3.714175946808793150e+00 -6.399872950997727017e-01 -1.839448590358924327e-03 8.507646711652322224e+00 1.341753979991061434e-02
1.037652584357059871e+00 4.071201821781300634e-02 -3.551133307009918472e+00 -6.105147962795006711e-01 -1.727423968842480050e-03 1.090567583425696974e+01 1.153921813958021410e-02
1.145495721611961892e+00 4.622705938232729572e-02 -3.201124768865520220e+00 -7.959578136748872712e-01 -1.910086212849520636e-03 1.397963143427210042e+01 9.908164999956231220e-03
1.253338858866864136e+00 4.083019316737790394e-02 -3.174876038818368329e+00 -1.000934790248662942e+00 -2.228446645125790274e-03 1.792003521911064112e+01 7.771399014139661679e-03
1.361181996121765936e+00 2.695553911347281506e-02 -3.352402825712838652e+00 -9.270097867275932657e-01 -1.819956096459747485e-03 2.297111077384323963e+01 6.027057493349650789e-03
1.469025133376667736e+00 4.056041066137283657e-02 -3.387113201937258289e+00 -1.056242242969202660e+00 -1.924355581551877824e-03 2.944592037528176576e+01 4.904061643567907657e-03
1.576868270631569535e+00 5.389663011240675150e-02 -3.481054922452387679e+00 -1.127557212635472705e+00 -2.074219773934711866e-03 3.774576838202969498e+01 3.566879024829894013e-03
1.684711407886471557e+00 3.871460685959227099e-02 -3.632987810341913093e+00 -1.069100536581537586e+00 -2.834524068201936444e-03 4.838507380960749771e+01 2.801285066600693856e-03
1.792554545141373579e+00 3.569155377654709138e-02 -3.726217357494760130e+00 -1.056219470902000301e+00 -3.718591586870356822e-03 6.202325367618538365e+01 2.097481157767183430e-03
1.900397682396275600e+00 7.007648693506207671e-02 -3.774597184911967496e+00 -1.131220702339004625e+00 -4.227090637138330997e-03 7.950559322731866985e+01 1.657850113483450710e-03
2.008240819651177844e+00 7.144916775137433174e-02 -3.912299424075508014e+00 -1.304483481766216535e+00 -3.217222808424716543e-03 1.019156361488166311e+02 1.195939717580364516e-03
2.116083956906079866e+00 9.142654239121927873e-02 -3.965773454902244755e+00 -1.243970275958490745e+00 -1.686367015613472351e-03 1.306423418780177030e+02 8.673334202115090064e-04
2.223927094160981888e+00 2.077650685833697386e-01 -3.711715907324347086e+00 -9.800830591242821743e-01 2.243647569390508790e-03 1.674661723786044547e+02 6.447657724462726872e-04
2.331770231415883909e+00 3.410423893190690503e-01 -3.324699944788774619e+00 5.123708104777277006e-01 6.359545977580216732e-03 2.146694439795509197e+02 5.330839625411365901e-04
2.439613368670785487e+00 4.666070824514028104e-01 -2.989870743997302682e+00 2.296579352469526381e+00 1.423683668376041211e-02 2.751777838112043924e+02 8.315977891344844292e-04
2.547456505925687509e+00 5.003216392624914022e-01 -2.976613591422740068e+00 2.515292234741557831e+00 2.683237732247117924e-02 3.527414582135837691e+02 1.667770401236119693e-03
2.655299643180589531e+00 6.741509622023396098e-01 -3.170614093434843461e+00 1.880949862077419654e+00 4.011032705348732685e-02 4.521678117300805297e+02 2.900195921516325430e-03
2.763142780435491552e+00 8.210858284426747478e-01 -3.210870638973904789e+00 1.325839195498942136e+00 5.239004736029734266e-02 5.796192230995775390e+02 4.244546836939330423e-03
2.870985917690393574e+00 8.929468465377456976e-01 -3.239978440799926585e+00 1.130173653416516544e+00 6.424990099290443790e-02 7.429950453596345596e+02 5.602639181572093702e-03
2.978829054945295152e+00 9.350221173076629366e-01 -3.390127141965011415e+00 9.660403990277954822e-01 7.731272372107075852e-02 9.524212024522953470e+02 7.440365581364378512e-03
3.086672192200197173e+00 9.613515077398790964e-01 -3.575921058093163296e+00 9.446796431911399505e-01 8.819987978923525540e-02 1.220877787201941828e+03 9.052203504107800627e-03
3.194515329455099195e+00 9.760011793362002308e-01 -3.838980381622415727e+00 1.105118157393793155e+00 1.035998770776467154e-01 1.565003558767128197e+03 1.189456894328473797e-02
3.302358466710001217e+00 9.839757477838217969e-01 -4.158871889421078549e+00 1.158799989818504184e+00 1.213964085549301269e-01 2.006127201779170036e+03 1.567159238068953700e-02
3.410201603964903239e+00 9.888162846982513354e-01 -4.673152623059807276e+00 1.308683116486224041e+00 1.427043842071057111e-01 2.571589263917560856e+03 2.114881122132934374e-02
3.518044741219805260e+00 9.923047391958718100e-01 -5.627837604760425272e+00 1.502357423699603789e+00 1.714395764480295126e-01 3.296436704726969310e+03 3.001774839011946139e-02
3.625887878474707282e+00 9.948761393611074144e-01 -7.495529764394158967e+00 1.504420540015281027e+00 2.096780555306114457e-01 4.225595082675517915e+03 4.459886806678041438e-02
3.733731015729608860e+00 9.966485155474601454e-01 -1.038191042065359504e+01 1.215764317677842765e+00 2.500844884801793899e-01 5.416653011152056024e+03 6.336668307188327021e-02
