#     bins                         n
-2.860552080449989543e-01 1.000000000000000000e+00
-2.757097076820014259e-01 0.000000000000000000e+00
-2.653642073190038420e-01 0.000000000000000000e+00
-2.550187069560063136e-01 1.000000000000000000e+00
-2.446732065930087852e-01 0.000000000000000000e+00
-2.343277062300112290e-01 0.000000000000000000e+00
-2.239822058670136729e-01 0.000000000000000000e+00
-2.136367055040161445e-01 1.000000000000000000e+00
-2.032912051410186161e-01 1.000000000000000000e+00
-1.929457047780210599e-01 0.000000000000000000e+00
-1.826002044150235037e-01 2.000000000000000000e+00
-1.722547040520259753e-01 0.000000000000000000e+00
-1.619092036890284192e-01 1.000000000000000000e+00
-1.515637033260308908e-01 2.000000000000000000e+00
-1.412182029630333346e-01 2.000000000000000000e+00
-1.308727026000358062e-01 1.000000000000000000e+00
-1.205272022370382501e-01 3.000000000000000000e+00
-1.101817018740406939e-01 1.000000000000000000e+00
-9.983620151104316554e-02 3.000000000000000000e+00
-8.949070114804560938e-02 3.000000000000000000e+00
-7.914520078504808098e-02 7.000000000000000000e+00
-6.879970042205052483e-02 3.000000000000000000e+00
-5.845420005905299643e-02 1.000000000000000000e+00
-4.810869969605544028e-02 2.000000000000000000e+00
-3.776319933305788412e-02 2.000000000000000000e+00
-2.741769897006035572e-02 6.000000000000000000e+00
-1.707219860706282732e-02 1.000000000000000000e+00
-6.726698244065243415e-03 3.000000000000000000e+00
3.618802118932284984e-03 3.000000000000000000e+00
1.396430248192981338e-02 3.000000000000000000e+00
2.430980284492734178e-02 5.000000000000000000e+00
3.465530320792492569e-02 5.000000000000000000e+00
4.500080357092245409e-02 3.000000000000000000e+00
5.534630393391998249e-02 3.000000000000000000e+00
6.569180429691756640e-02 2.000000000000000000e+00
7.603730465991509480e-02 5.000000000000000000e+00
8.638280502291262319e-02 4.000000000000000000e+00
9.672830538591015159e-02 3.000000000000000000e+00
1.070738057489077355e-01 2.000000000000000000e+00
1.174193061119052639e-01 2.000000000000000000e+00
1.277648064749027923e-01 0.000000000000000000e+00
1.381103068379003762e-01 3.000000000000000000e+00
1.484558072008979046e-01 1.000000000000000000e+00
1.588013075638954330e-01 4.000000000000000000e+00
1.691468079268929614e-01 2.000000000000000000e+00
1.794923082898905453e-01 1.000000000000000000e+00
1.898378086528880737e-01 1.000000000000000000e+00
2.001833090158856021e-01 0.000000000000000000e+00
2.105288093788831860e-01 0.000000000000000000e+00
2.208743097418807144e-01 1.000000000000000000e+00
