#     bins                         n
-2.325361101809499398e-01 1.000000000000000000e+00
-2.221897920218068312e-01 0.000000000000000000e+00
-2.118434738626636948e-01 0.000000000000000000e+00
-2.014971557035205862e-01 0.000000000000000000e+00
-1.911508375443774777e-01 0.000000000000000000e+00
-1.808045193852343413e-01 2.000000000000000000e+00
-1.704582012260912327e-01 0.000000000000000000e+00
-1.601118830669481241e-01 1.000000000000000000e+00
-1.497655649078050155e-01 1.000000000000000000e+00
-1.394192467486618792e-01 3.000000000000000000e+00
-1.290729285895187706e-01 2.000000000000000000e+00
-1.187266104303756481e-01 6.000000000000000000e+00
-1.083802922712325256e-01 3.000000000000000000e+00
-9.803397411208941703e-02 3.000000000000000000e+00
-8.768765595294630844e-02 3.000000000000000000e+00
-7.734133779380317208e-02 2.000000000000000000e+00
-6.699501963466006349e-02 3.000000000000000000e+00
-5.664870147551695490e-02 3.000000000000000000e+00
-4.630238331637381854e-02 3.000000000000000000e+00
-3.595606515723070995e-02 4.000000000000000000e+00
-2.560974699808760136e-02 5.000000000000000000e+00
-1.526342883894446500e-02 5.000000000000000000e+00
-4.917110679801356410e-03 1.000000000000000000e+00
5.429207479341752185e-03 6.000000000000000000e+00
1.577552563848488854e-02 2.000000000000000000e+00
2.612184379762799713e-02 1.000000000000000000e+00
3.646816195677110573e-02 4.000000000000000000e+00
4.681448011591421432e-02 4.000000000000000000e+00
5.716079827505732291e-02 4.000000000000000000e+00
6.750711643420048702e-02 2.000000000000000000e+00
7.785343459334359562e-02 4.000000000000000000e+00
8.819975275248670421e-02 5.000000000000000000e+00
9.854607091162981281e-02 4.000000000000000000e+00
1.088923890707729214e-01 4.000000000000000000e+00
1.192387072299160300e-01 0.000000000000000000e+00
1.295850253890591386e-01 1.000000000000000000e+00
1.399313435482023027e-01 1.000000000000000000e+00
1.502776617073454113e-01 1.000000000000000000e+00
1.606239798664885199e-01 1.000000000000000000e+00
1.709702980256316285e-01 0.000000000000000000e+00
1.813166161847747371e-01 1.000000000000000000e+00
1.916629343439178457e-01 1.000000000000000000e+00
2.020092525030610098e-01 1.000000000000000000e+00
2.123555706622041184e-01 1.000000000000000000e+00
2.227018888213472270e-01 0.000000000000000000e+00
2.330482069804903356e-01 0.000000000000000000e+00
2.433945251396334442e-01 0.000000000000000000e+00
2.537408432987765527e-01 0.000000000000000000e+00
2.640871614579197169e-01 0.000000000000000000e+00
2.744334796170628255e-01 1.000000000000000000e+00
