#     bins                         n
-2.971331989765167325e+00 1.000000000000000000e+00
-2.843753087520599632e+00 1.100000000000000000e+01
-2.716174185276031494e+00 1.400000000000000000e+01
-2.588595283031463801e+00 1.800000000000000000e+01
-2.461016380786895663e+00 3.000000000000000000e+01
-2.333437478542327970e+00 5.000000000000000000e+01
-2.205858576297760276e+00 6.100000000000000000e+01
-2.078279674053192583e+00 6.700000000000000000e+01
-1.950700771808624445e+00 8.400000000000000000e+01
-1.823121869564056530e+00 8.300000000000000000e+01
-1.695542967319488614e+00 1.240000000000000000e+02
-1.567964065074920921e+00 1.460000000000000000e+02
-1.440385162830353005e+00 1.600000000000000000e+02
-1.312806260585785090e+00 2.080000000000000000e+02
-1.185227358341217396e+00 2.500000000000000000e+02
-1.057648456096649481e+00 2.720000000000000000e+02
-9.300695538520815653e-01 3.200000000000000000e+02
-8.024906516075138718e-01 3.700000000000000000e+02
-6.749117493629457343e-01 4.050000000000000000e+02
-5.473328471183780408e-01 4.280000000000000000e+02
-4.197539448738099033e-01 4.570000000000000000e+02
-2.921750426292422098e-01 4.580000000000000000e+02
-1.645961403846745164e-01 4.760000000000000000e+02
-3.701723814010637881e-02 5.160000000000000000e+02
9.056166410446131465e-02 4.980000000000000000e+02
2.181405663490290081e-01 4.540000000000000000e+02
3.457194685935971457e-01 4.980000000000000000e+02
4.732983708381648391e-01 4.820000000000000000e+02
6.008772730827325326e-01 4.280000000000000000e+02
7.284561753273006701e-01 3.900000000000000000e+02
8.560350775718683636e-01 3.370000000000000000e+02
9.836139798164365011e-01 3.000000000000000000e+02
1.111192882061004195e+00 2.740000000000000000e+02
1.238771784305571888e+00 2.160000000000000000e+02
1.366350686550139581e+00 2.100000000000000000e+02
1.493929588794708163e+00 1.860000000000000000e+02
1.621508491039275857e+00 1.400000000000000000e+02
1.749087393283843550e+00 1.090000000000000000e+02
1.876666295528411244e+00 1.020000000000000000e+02
2.004245197772978937e+00 7.500000000000000000e+01
2.131824100017547519e+00 5.700000000000000000e+01
2.259403002262115212e+00 4.100000000000000000e+01
2.386981904506682906e+00 2.500000000000000000e+01
2.514560806751250599e+00 3.100000000000000000e+01
2.642139708995818292e+00 1.700000000000000000e+01
2.769718611240385986e+00 8.000000000000000000e+00
2.897297513484954568e+00 3.000000000000000000e+00
3.024876415729522261e+00 4.000000000000000000e+00
3.152455317974089954e+00 2.000000000000000000e+00
3.280034220218657648e+00 4.000000000000000000e+00
