#     bins                         n
-3.063863728046417378e+00 3.000000000000000000e+00
-2.939654748439788357e+00 2.000000000000000000e+00
-2.815445768833160223e+00 9.000000000000000000e+00
-2.691236789226532089e+00 1.200000000000000000e+01
-2.567027809619903955e+00 1.900000000000000000e+01
-2.442818830013274933e+00 3.100000000000000000e+01
-2.318609850406646800e+00 4.100000000000000000e+01
-2.194400870800018666e+00 4.000000000000000000e+01
-2.070191891193389644e+00 6.500000000000000000e+01
-1.945982911586761288e+00 8.000000000000000000e+01
-1.821773931980133154e+00 9.400000000000000000e+01
-1.697564952373504576e+00 9.500000000000000000e+01
-1.573355972766876221e+00 1.630000000000000000e+02
-1.449146993160247865e+00 1.680000000000000000e+02
-1.324938013553619287e+00 2.010000000000000000e+02
-1.200729033946990931e+00 2.550000000000000000e+02
-1.076520054340362575e+00 2.980000000000000000e+02
-9.523110747337339976e-01 3.320000000000000000e+02
-8.281020951271058639e-01 3.690000000000000000e+02
-7.038931155204772860e-01 3.600000000000000000e+02
-5.796841359138491523e-01 4.030000000000000000e+02
-4.554751563072205744e-01 4.300000000000000000e+02
-3.312661767005919966e-01 4.650000000000000000e+02
-2.070571970939638629e-01 4.630000000000000000e+02
-8.284821748733528501e-02 4.630000000000000000e+02
4.136076211929329283e-02 4.670000000000000000e+02
1.655697417259214266e-01 4.240000000000000000e+02
2.897787213325500044e-01 4.320000000000000000e+02
4.139877009391785823e-01 4.340000000000000000e+02
5.381966805458067160e-01 3.950000000000000000e+02
6.624056601524352939e-01 4.070000000000000000e+02
7.866146397590634276e-01 3.740000000000000000e+02
9.108236193656920054e-01 3.590000000000000000e+02
1.035032598972320139e+00 3.040000000000000000e+02
1.159241578578949161e+00 2.710000000000000000e+02
1.283450558185577295e+00 2.400000000000000000e+02
1.407659537792205429e+00 2.020000000000000000e+02
1.531868517398834451e+00 1.810000000000000000e+02
1.656077497005462584e+00 1.250000000000000000e+02
1.780286476612090718e+00 1.350000000000000000e+02
1.904495456218718852e+00 8.000000000000000000e+01
2.028704435825347652e+00 6.800000000000000000e+01
2.152913415431975785e+00 5.200000000000000000e+01
2.277122395038603919e+00 2.300000000000000000e+01
2.401331374645232941e+00 3.200000000000000000e+01
2.525540354251861075e+00 1.800000000000000000e+01
2.649749333858489209e+00 1.400000000000000000e+01
2.773958313465118231e+00 7.000000000000000000e+00
2.898167293071746364e+00 6.000000000000000000e+00
3.022376272678374498e+00 2.000000000000000000e+00
