#     bins                         n
-3.453896383617429122e-01 1.000000000000000000e+00
-3.329887862249980013e-01 0.000000000000000000e+00
-3.205879340882530348e-01 0.000000000000000000e+00
-3.081870819515081239e-01 0.000000000000000000e+00
-2.957862298147632130e-01 0.000000000000000000e+00
-2.833853776780183020e-01 0.000000000000000000e+00
-2.709845255412733911e-01 0.000000000000000000e+00
-2.585836734045284246e-01 0.000000000000000000e+00
-2.461828212677835137e-01 0.000000000000000000e+00
-2.337819691310386028e-01 0.000000000000000000e+00
-2.213811169942936641e-01 0.000000000000000000e+00
-2.089802648575487254e-01 1.000000000000000000e+00
-1.965794127208038145e-01 0.000000000000000000e+00
-1.841785605840589035e-01 0.000000000000000000e+00
-1.717777084473139648e-01 2.000000000000000000e+00
-1.593768563105690261e-01 0.000000000000000000e+00
-1.469760041738241152e-01 2.000000000000000000e+00
-1.345751520370792043e-01 2.000000000000000000e+00
-1.221742999003342656e-01 0.000000000000000000e+00
-1.097734477635893269e-01 3.000000000000000000e+00
-9.737259562684441594e-02 3.000000000000000000e+00
-8.497174349009950500e-02 4.000000000000000000e+00
-7.257089135335453856e-02 3.000000000000000000e+00
-6.017003921660962762e-02 4.000000000000000000e+00
-4.776918707986471668e-02 5.000000000000000000e+00
-3.536833494311980575e-02 6.000000000000000000e+00
-2.296748280637489481e-02 5.000000000000000000e+00
-1.056663066962992836e-02 4.000000000000000000e+00
1.834221467114982573e-03 2.000000000000000000e+00
1.423507360385989351e-02 6.000000000000000000e+00
2.663592574060485996e-02 2.000000000000000000e+00
3.903677787734977089e-02 5.000000000000000000e+00
5.143763001409468183e-02 7.000000000000000000e+00
6.383848215083959277e-02 4.000000000000000000e+00
7.623933428758450370e-02 1.000000000000000000e+00
8.864018642432947015e-02 5.000000000000000000e+00
1.010410385610743811e-01 4.000000000000000000e+00
1.134418906978192920e-01 3.000000000000000000e+00
1.258427428345642585e-01 2.000000000000000000e+00
1.382435949713091694e-01 3.000000000000000000e+00
1.506444471080540803e-01 3.000000000000000000e+00
1.630452992447989913e-01 5.000000000000000000e+00
1.754461513815439022e-01 1.000000000000000000e+00
1.878470035182888132e-01 0.000000000000000000e+00
2.002478556550338351e-01 0.000000000000000000e+00
2.126487077917787460e-01 0.000000000000000000e+00
2.250495599285236570e-01 0.000000000000000000e+00
2.374504120652685679e-01 0.000000000000000000e+00
2.498512642020134789e-01 0.000000000000000000e+00
2.622521163387583898e-01 2.000000000000000000e+00
