#     bins                         n
-3.062805292606353813e+00 2.000000000000000000e+00
-2.937796943187713783e+00 5.000000000000000000e+00
-2.812788593769073753e+00 3.000000000000000000e+00
-2.687780244350433279e+00 1.200000000000000000e+01
-2.562771894931793248e+00 1.600000000000000000e+01
-2.437763545513153218e+00 2.000000000000000000e+01
-2.312755196094512744e+00 3.900000000000000000e+01
-2.187746846675872714e+00 4.900000000000000000e+01
-2.062738497257232684e+00 7.100000000000000000e+01
-1.937730147838592654e+00 8.800000000000000000e+01
-1.812721798419952401e+00 1.220000000000000000e+02
-1.687713449001312149e+00 1.340000000000000000e+02
-1.562705099582672119e+00 1.480000000000000000e+02
-1.437696750164032089e+00 2.080000000000000000e+02
-1.312688400745391837e+00 2.180000000000000000e+02
-1.187680051326751585e+00 2.650000000000000000e+02
-1.062671701908111555e+00 2.880000000000000000e+02
-9.376633524894715244e-01 3.030000000000000000e+02
-8.126550030708314942e-01 3.540000000000000000e+02
-6.876466536521910200e-01 4.220000000000000000e+02
-5.626383042335509899e-01 4.020000000000000000e+02
-4.376299548149109597e-01 4.520000000000000000e+02
-3.126216053962704855e-01 4.900000000000000000e+02
-1.876132559776304554e-01 4.430000000000000000e+02
-6.260490655899042522e-02 4.470000000000000000e+02
6.240344285964960491e-02 5.000000000000000000e+02
1.874117922782896350e-01 4.960000000000000000e+02
3.124201416969301093e-01 4.020000000000000000e+02
4.374284911155701394e-01 4.270000000000000000e+02
5.624368405342101696e-01 4.010000000000000000e+02
6.874451899528506438e-01 4.150000000000000000e+02
8.124535393714906739e-01 3.510000000000000000e+02
9.374618887901307041e-01 3.190000000000000000e+02
1.062470238208770734e+00 2.760000000000000000e+02
1.187478587627410764e+00 2.510000000000000000e+02
1.312486937046050794e+00 2.060000000000000000e+02
1.437495286464690825e+00 1.690000000000000000e+02
1.562503635883331743e+00 1.740000000000000000e+02
1.687511985301971773e+00 1.520000000000000000e+02
1.812520334720611803e+00 9.500000000000000000e+01
1.937528684139251833e+00 6.700000000000000000e+01
2.062537033557891863e+00 6.500000000000000000e+01
2.187545382976531894e+00 5.200000000000000000e+01
2.312553732395171924e+00 4.600000000000000000e+01
2.437562081813812842e+00 1.900000000000000000e+01
2.562570431232452872e+00 1.100000000000000000e+01
2.687578780651092902e+00 1.400000000000000000e+01
2.812587130069732932e+00 7.000000000000000000e+00
2.937595479488372963e+00 4.000000000000000000e+00
3.062603828907012993e+00 2.000000000000000000e+00
