#     bins                         n
-3.195495462417602628e+00 1.000000000000000000e+00
-3.069091367721557884e+00 0.000000000000000000e+00
-2.942687273025512695e+00 2.000000000000000000e+00
-2.816283178329467951e+00 4.000000000000000000e+00
-2.689879083633422763e+00 9.000000000000000000e+00
-2.563474988937378019e+00 2.000000000000000000e+01
-2.437070894241333274e+00 2.700000000000000000e+01
-2.310666799545288530e+00 4.300000000000000000e+01
-2.184262704849243342e+00 5.000000000000000000e+01
-2.057858610153198153e+00 7.200000000000000000e+01
-1.931454515457153409e+00 8.000000000000000000e+01
-1.805050420761108665e+00 1.080000000000000000e+02
-1.678646326065063699e+00 1.360000000000000000e+02
-1.552242231369018732e+00 1.500000000000000000e+02
-1.425838136672973988e+00 1.990000000000000000e+02
-1.299434041976929022e+00 2.250000000000000000e+02
-1.173029947280884056e+00 2.500000000000000000e+02
-1.046625852584839311e+00 2.810000000000000000e+02
-9.202217578887941229e-01 3.270000000000000000e+02
-7.938176631927493787e-01 3.550000000000000000e+02
-6.674135684967041904e-01 3.740000000000000000e+02
-5.410094738006594461e-01 4.150000000000000000e+02
-4.146053791046147019e-01 4.740000000000000000e+02
-2.882012844085695136e-01 4.920000000000000000e+02
-1.617971897125247693e-01 5.330000000000000000e+02
-3.539309501648002509e-02 4.590000000000000000e+02
9.101099967956516323e-02 4.790000000000000000e+02
2.174150943756099075e-01 4.410000000000000000e+02
3.438191890716546517e-01 4.200000000000000000e+02
4.702232837676998400e-01 4.600000000000000000e+02
5.966273784637445843e-01 3.920000000000000000e+02
7.230314731597897726e-01 3.930000000000000000e+02
8.494355678558345168e-01 3.640000000000000000e+02
9.758396625518792611e-01 3.110000000000000000e+02
1.102243757247924005e+00 2.710000000000000000e+02
1.228647851943969638e+00 2.370000000000000000e+02
1.355051946640014382e+00 2.170000000000000000e+02
1.481456041336059126e+00 1.990000000000000000e+02
1.607860136032103870e+00 1.550000000000000000e+02
1.734264230728148615e+00 1.240000000000000000e+02
1.860668325424194247e+00 9.900000000000000000e+01
1.987072420120238991e+00 7.400000000000000000e+01
2.113476514816283736e+00 5.200000000000000000e+01
2.239880609512328480e+00 4.200000000000000000e+01
2.366284704208373224e+00 3.800000000000000000e+01
2.492688798904417968e+00 3.000000000000000000e+01
2.619092893600463601e+00 1.500000000000000000e+01
2.745496988296508345e+00 9.000000000000000000e+00
2.871901082992553089e+00 4.000000000000000000e+00
2.998305177688597833e+00 3.000000000000000000e+00
