#     bins                         n
-3.263066170215606743e+00 2.000000000000000000e+00
-3.131846063137054603e+00 1.000000000000000000e+00
-3.000625956058502464e+00 6.000000000000000000e+00
-2.869405848979949880e+00 6.000000000000000000e+00
-2.738185741901397741e+00 1.100000000000000000e+01
-2.606965634822845601e+00 2.700000000000000000e+01
-2.475745527744293017e+00 1.800000000000000000e+01
-2.344525420665740878e+00 4.400000000000000000e+01
-2.213305313587188738e+00 4.700000000000000000e+01
-2.082085206508636599e+00 8.600000000000000000e+01
-1.950865099430084459e+00 8.800000000000000000e+01
-1.819644992351531876e+00 1.000000000000000000e+02
-1.688424885272979736e+00 1.340000000000000000e+02
-1.557204778194427597e+00 1.430000000000000000e+02
-1.425984671115875235e+00 1.700000000000000000e+02
-1.294764564037322874e+00 2.250000000000000000e+02
-1.163544456958770734e+00 2.590000000000000000e+02
-1.032324349880218595e+00 3.280000000000000000e+02
-9.011042428016664552e-01 3.350000000000000000e+02
-7.698841357231138716e-01 4.250000000000000000e+02
-6.386640286445617321e-01 4.170000000000000000e+02
-5.074439215660095925e-01 4.180000000000000000e+02
-3.762238144874570089e-01 5.320000000000000000e+02
-2.450037074089048694e-01 5.000000000000000000e+02
-1.137836003303527299e-01 4.910000000000000000e+02
1.743650674819940960e-02 4.930000000000000000e+02
1.486566138267515491e-01 5.240000000000000000e+02
2.798767209053041327e-01 4.870000000000000000e+02
4.110968279838562722e-01 4.880000000000000000e+02
5.423169350624084117e-01 4.380000000000000000e+02
6.735370421409609953e-01 4.130000000000000000e+02
8.047571492195131349e-01 3.690000000000000000e+02
9.359772562980652744e-01 3.230000000000000000e+02
1.067197363376617414e+00 2.670000000000000000e+02
1.198417470455169553e+00 2.650000000000000000e+02
1.329637577533721693e+00 1.950000000000000000e+02
1.460857684612273832e+00 1.710000000000000000e+02
1.592077791690826860e+00 1.600000000000000000e+02
1.723297898769379000e+00 1.340000000000000000e+02
1.854518005847931139e+00 1.000000000000000000e+02
1.985738112926483279e+00 6.500000000000000000e+01
2.116958220005035418e+00 5.800000000000000000e+01
2.248178327083587558e+00 3.500000000000000000e+01
2.379398434162139697e+00 3.100000000000000000e+01
2.510618541240692725e+00 2.100000000000000000e+01
2.641838648319244864e+00 2.200000000000000000e+01
2.773058755397797004e+00 9.000000000000000000e+00
2.904278862476349143e+00 1.100000000000000000e+01
3.035498969554901283e+00 5.000000000000000000e+00
3.166719076633453422e+00 4.000000000000000000e+00
