#     bins                         n
8.722085187002512896e-01 1.000000000000000000e+00
8.732446043280863712e-01 1.000000000000000000e+00
8.742806899559214528e-01 0.000000000000000000e+00
8.753167755837563124e-01 0.000000000000000000e+00
8.763528612115913941e-01 1.000000000000000000e+00
8.773889468394264757e-01 0.000000000000000000e+00
8.784250324672613353e-01 0.000000000000000000e+00
8.794611180950964169e-01 4.000000000000000000e+00
8.804972037229314985e-01 0.000000000000000000e+00
8.815332893507663581e-01 2.000000000000000000e+00
8.825693749786014397e-01 0.000000000000000000e+00
8.836054606064365213e-01 1.000000000000000000e+00
8.846415462342713809e-01 4.000000000000000000e+00
8.856776318621064625e-01 2.000000000000000000e+00
8.867137174899415442e-01 5.000000000000000000e+00
8.877498031177764037e-01 3.000000000000000000e+00
8.887858887456114854e-01 2.000000000000000000e+00
8.898219743734465670e-01 4.000000000000000000e+00
8.908580600012814266e-01 3.000000000000000000e+00
8.918941456291165082e-01 4.000000000000000000e+00
8.929302312569515898e-01 1.000000000000000000e+00
8.939663168847866714e-01 3.000000000000000000e+00
8.950024025126215310e-01 3.000000000000000000e+00
8.960384881404566126e-01 3.000000000000000000e+00
8.970745737682916943e-01 3.000000000000000000e+00
8.981106593961265538e-01 2.000000000000000000e+00
8.991467450239616355e-01 2.000000000000000000e+00
9.001828306517967171e-01 2.000000000000000000e+00
9.012189162796315767e-01 4.000000000000000000e+00
9.022550019074666583e-01 4.000000000000000000e+00
9.032910875353017399e-01 2.000000000000000000e+00
9.043271731631365995e-01 5.000000000000000000e+00
9.053632587909716811e-01 2.000000000000000000e+00
9.063993444188067627e-01 3.000000000000000000e+00
9.074354300466416223e-01 3.000000000000000000e+00
9.084715156744767039e-01 1.000000000000000000e+00
9.095076013023117856e-01 2.000000000000000000e+00
9.105436869301466452e-01 2.000000000000000000e+00
9.115797725579817268e-01 3.000000000000000000e+00
9.126158581858168084e-01 2.000000000000000000e+00
9.136519438136516680e-01 1.000000000000000000e+00
9.146880294414867496e-01 2.000000000000000000e+00
9.157241150693218312e-01 2.000000000000000000e+00
9.167602006971566908e-01 2.000000000000000000e+00
9.177962863249917724e-01 2.000000000000000000e+00
9.188323719528268541e-01 0.000000000000000000e+00
9.198684575806619357e-01 1.000000000000000000e+00
9.209045432084967953e-01 0.000000000000000000e+00
9.219406288363318769e-01 0.000000000000000000e+00
9.229767144641669585e-01 1.000000000000000000e+00
