#     bins                         n
-2.947985148429870694e+00 2.000000000000000000e+00
-2.827552247047424583e+00 7.000000000000000000e+00
-2.707119345664978027e+00 4.000000000000000000e+00
-2.586686444282531916e+00 1.400000000000000000e+01
-2.466253542900085360e+00 3.000000000000000000e+01
-2.345820641517639249e+00 2.400000000000000000e+01
-2.225387740135193138e+00 4.200000000000000000e+01
-2.104954838752746582e+00 6.800000000000000000e+01
-1.984521937370300471e+00 8.000000000000000000e+01
-1.864089035987854137e+00 9.400000000000000000e+01
-1.743656134605407804e+00 1.240000000000000000e+02
-1.623223233222961470e+00 1.390000000000000000e+02
-1.502790331840515137e+00 1.520000000000000000e+02
-1.382357430458068803e+00 1.970000000000000000e+02
-1.261924529075622692e+00 2.530000000000000000e+02
-1.141491627693176358e+00 2.630000000000000000e+02
-1.021058726310730025e+00 2.900000000000000000e+02
-9.006258249282836914e-01 3.070000000000000000e+02
-7.801929235458375800e-01 3.330000000000000000e+02
-6.597600221633910245e-01 3.460000000000000000e+02
-5.393271207809449130e-01 3.970000000000000000e+02
-4.188942193984983575e-01 4.040000000000000000e+02
-2.984613180160522461e-01 4.350000000000000000e+02
-1.780284166336061347e-01 4.330000000000000000e+02
-5.759551525115957915e-02 3.950000000000000000e+02
6.283738613128653228e-02 4.900000000000000000e+02
1.832702875137330878e-01 4.540000000000000000e+02
3.037031888961791992e-01 4.400000000000000000e+02
4.241360902786253106e-01 4.410000000000000000e+02
5.445689916610718662e-01 4.020000000000000000e+02
6.650018930435179776e-01 3.810000000000000000e+02
7.854347944259645331e-01 3.400000000000000000e+02
9.058676958084106445e-01 3.500000000000000000e+02
1.026300597190856756e+00 3.150000000000000000e+02
1.146733498573303311e+00 2.840000000000000000e+02
1.267166399955749423e+00 2.070000000000000000e+02
1.387599301338195534e+00 1.700000000000000000e+02
1.508032202720642534e+00 1.850000000000000000e+02
1.628465104103088645e+00 1.430000000000000000e+02
1.748898005485534757e+00 1.380000000000000000e+02
1.869330906867980868e+00 9.000000000000000000e+01
1.989763808250426980e+00 7.300000000000000000e+01
2.110196709632873979e+00 4.600000000000000000e+01
2.230629611015320091e+00 3.600000000000000000e+01
2.351062512397766202e+00 2.800000000000000000e+01
2.471495413780212314e+00 2.300000000000000000e+01
2.591928315162658425e+00 1.600000000000000000e+01
2.712361216545105425e+00 6.000000000000000000e+00
2.832794117927551536e+00 2.000000000000000000e+00
2.953227019309997647e+00 5.000000000000000000e+00
