#     bins                         n
-2.017880576512760815e-01 2.000000000000000000e+00
-1.936469728476516716e-01 0.000000000000000000e+00
-1.855058880440272895e-01 0.000000000000000000e+00
-1.773648032404028796e-01 0.000000000000000000e+00
-1.692237184367784697e-01 0.000000000000000000e+00
-1.610826336331540598e-01 1.000000000000000000e+00
-1.529415488295296777e-01 2.000000000000000000e+00
-1.448004640259052678e-01 3.000000000000000000e+00
-1.366593792222808856e-01 1.000000000000000000e+00
-1.285182944186564757e-01 1.000000000000000000e+00
-1.203772096150320658e-01 2.000000000000000000e+00
-1.122361248114076698e-01 1.000000000000000000e+00
-1.040950400077832738e-01 1.000000000000000000e+00
-9.595395520415886392e-02 0.000000000000000000e+00
-8.781287040053446791e-02 3.000000000000000000e+00
-7.967178559691005801e-02 1.000000000000000000e+00
-7.153070079328566200e-02 4.000000000000000000e+00
-6.338961598966125210e-02 2.000000000000000000e+00
-5.524853118603686997e-02 2.000000000000000000e+00
-4.710744638241246007e-02 1.000000000000000000e+00
-3.896636157878805018e-02 7.000000000000000000e+00
-3.082527677516366804e-02 4.000000000000000000e+00
-2.268419197153925815e-02 2.000000000000000000e+00
-1.454310716791484825e-02 4.000000000000000000e+00
-6.402022364290466117e-03 1.000000000000000000e+00
1.739062439333943777e-03 3.000000000000000000e+00
9.880147242958353671e-03 4.000000000000000000e+00
1.802123204658276356e-02 7.000000000000000000e+00
2.616231685020714570e-02 2.000000000000000000e+00
3.430340165383155560e-02 5.000000000000000000e+00
4.244448645745596549e-02 1.000000000000000000e+00
5.058557126108034763e-02 3.000000000000000000e+00
5.872665606470475752e-02 2.000000000000000000e+00
6.686774086832916741e-02 3.000000000000000000e+00
7.500882567195357731e-02 1.000000000000000000e+00
8.314991047557798720e-02 3.000000000000000000e+00
9.129099527920234158e-02 5.000000000000000000e+00
9.943208008282675148e-02 0.000000000000000000e+00
1.075731648864511614e-01 2.000000000000000000e+00
1.157142496900755713e-01 0.000000000000000000e+00
1.238553344936999812e-01 1.000000000000000000e+00
1.319964192973243911e-01 4.000000000000000000e+00
1.401375041009487454e-01 2.000000000000000000e+00
1.482785889045731553e-01 1.000000000000000000e+00
1.564196737081975652e-01 2.000000000000000000e+00
1.645607585118219751e-01 2.000000000000000000e+00
1.727018433154463850e-01 0.000000000000000000e+00
1.808429281190707949e-01 0.000000000000000000e+00
1.889840129226951493e-01 1.000000000000000000e+00
1.971250977263195592e-01 1.000000000000000000e+00
