#     bins                         n
-1.785732920930968026e-01 2.000000000000000000e+00
-1.699375178448519486e-01 2.000000000000000000e+00
-1.613017435966070390e-01 2.000000000000000000e+00
-1.526659693483621294e-01 2.000000000000000000e+00
-1.440301951001172753e-01 2.000000000000000000e+00
-1.353944208518723658e-01 1.000000000000000000e+00
-1.267586466036274562e-01 1.000000000000000000e+00
-1.181228723553825882e-01 1.000000000000000000e+00
-1.094870981071376925e-01 2.000000000000000000e+00
-1.008513238588927968e-01 1.000000000000000000e+00
-9.221554961064791500e-02 1.000000000000000000e+00
-8.357977536240301930e-02 4.000000000000000000e+00
-7.494400111415812360e-02 4.000000000000000000e+00
-6.630822686591324178e-02 3.000000000000000000e+00
-5.767245261766834608e-02 1.000000000000000000e+00
-4.903667836942345037e-02 7.000000000000000000e+00
-4.040090412117856855e-02 0.000000000000000000e+00
-3.176512987293368673e-02 3.000000000000000000e+00
-2.312935562468877715e-02 3.000000000000000000e+00
-1.449358137644389533e-02 3.000000000000000000e+00
-5.857807128199013502e-03 7.000000000000000000e+00
2.777967120045896077e-03 2.000000000000000000e+00
1.141374136829077790e-02 1.000000000000000000e+00
2.004951561653565972e-02 0.000000000000000000e+00
2.868528986478056930e-02 4.000000000000000000e+00
3.732106411302545113e-02 4.000000000000000000e+00
4.595683836127033295e-02 4.000000000000000000e+00
5.459261260951521477e-02 5.000000000000000000e+00
6.322838685776012435e-02 5.000000000000000000e+00
7.186416110600500617e-02 4.000000000000000000e+00
8.049993535424991575e-02 2.000000000000000000e+00
8.913570960249476982e-02 2.000000000000000000e+00
9.777148385073967940e-02 2.000000000000000000e+00
1.064072580989845890e-01 2.000000000000000000e+00
1.150430323472294430e-01 3.000000000000000000e+00
1.236788065954743526e-01 1.000000000000000000e+00
1.323145808437192761e-01 0.000000000000000000e+00
1.409503550919641301e-01 2.000000000000000000e+00
1.495861293402090397e-01 0.000000000000000000e+00
1.582219035884539493e-01 1.000000000000000000e+00
1.668576778366988034e-01 0.000000000000000000e+00
1.754934520849437130e-01 0.000000000000000000e+00
1.841292263331886225e-01 1.000000000000000000e+00
1.927650005814334766e-01 0.000000000000000000e+00
2.014007748296783862e-01 0.000000000000000000e+00
2.100365490779232958e-01 0.000000000000000000e+00
2.186723233261681498e-01 0.000000000000000000e+00
2.273080975744130594e-01 1.000000000000000000e+00
2.359438718226579690e-01 0.000000000000000000e+00
2.445796460709028231e-01 2.000000000000000000e+00
