#     bins                         n
-3.066667828559875630e+00 5.000000000000000000e+00
-2.940606932640075222e+00 9.000000000000000000e+00
-2.814546036720275701e+00 4.000000000000000000e+00
-2.688485140800476181e+00 9.000000000000000000e+00
-2.562424244880676660e+00 1.800000000000000000e+01
-2.436363348960876252e+00 2.800000000000000000e+01
-2.310302453041076731e+00 4.900000000000000000e+01
-2.184241557121277211e+00 5.200000000000000000e+01
-2.058180661201476802e+00 7.300000000000000000e+01
-1.932119765281677282e+00 8.100000000000000000e+01
-1.806058869361877539e+00 1.120000000000000000e+02
-1.679997973442077575e+00 1.270000000000000000e+02
-1.553937077522277832e+00 1.580000000000000000e+02
-1.427876181602478090e+00 1.860000000000000000e+02
-1.301815285682678125e+00 2.460000000000000000e+02
-1.175754389762878382e+00 2.530000000000000000e+02
-1.049693493843078640e+00 2.760000000000000000e+02
-9.236325979232786754e-01 3.140000000000000000e+02
-7.975717020034791549e-01 3.800000000000000000e+02
-6.715108060836791903e-01 3.960000000000000000e+02
-5.454499101638796699e-01 3.960000000000000000e+02
-4.193890142440797053e-01 4.600000000000000000e+02
-2.933281183242797407e-01 4.870000000000000000e+02
-1.672672224044802203e-01 4.340000000000000000e+02
-4.120632648468025572e-02 4.870000000000000000e+02
8.485456943511970884e-02 4.810000000000000000e+02
2.109154653549192293e-01 5.090000000000000000e+02
3.369763612747191939e-01 4.980000000000000000e+02
4.630372571945191584e-01 4.080000000000000000e+02
5.890981531143186789e-01 4.050000000000000000e+02
7.151590490341186435e-01 3.420000000000000000e+02
8.412199449539181639e-01 3.630000000000000000e+02
9.672808408737181285e-01 3.210000000000000000e+02
1.093341736793517649e+00 2.620000000000000000e+02
1.219402632713318058e+00 2.280000000000000000e+02
1.345463528633117578e+00 2.490000000000000000e+02
1.471524424552917099e+00 1.510000000000000000e+02
1.597585320472717507e+00 1.560000000000000000e+02
1.723646216392517028e+00 1.300000000000000000e+02
1.849707112312316548e+00 9.800000000000000000e+01
1.975768008232116069e+00 7.800000000000000000e+01
2.101828904151916255e+00 6.500000000000000000e+01
2.227889800071715776e+00 4.500000000000000000e+01
2.353950695991515296e+00 3.100000000000000000e+01
2.480011591911315705e+00 2.400000000000000000e+01
2.606072487831115225e+00 1.200000000000000000e+01
2.732133383750914746e+00 3.000000000000000000e+00
2.858194279670715154e+00 2.000000000000000000e+00
2.984255175590514675e+00 3.000000000000000000e+00
3.110316071510314195e+00 2.000000000000000000e+00
