#     bins                         n
-3.528131232261658035e+00 3.000000000000000000e+00
-3.387657837867736887e+00 1.000000000000000000e+00
-3.247184443473815740e+00 3.000000000000000000e+00
-3.106711049079895481e+00 2.000000000000000000e+00
-2.966237654685974334e+00 8.000000000000000000e+00
-2.825764260292053187e+00 5.000000000000000000e+00
-2.685290865898132928e+00 1.600000000000000000e+01
-2.544817471504211781e+00 1.800000000000000000e+01
-2.404344077110290634e+00 3.300000000000000000e+01
-2.263870682716369487e+00 4.900000000000000000e+01
-2.123397288322449228e+00 7.600000000000000000e+01
-1.982923893928527859e+00 7.500000000000000000e+01
-1.842450499534607156e+00 9.600000000000000000e+01
-1.701977105140686231e+00 1.170000000000000000e+02
-1.561503710746765305e+00 1.680000000000000000e+02
-1.421030316352844158e+00 1.740000000000000000e+02
-1.280556921958923455e+00 2.370000000000000000e+02
-1.140083527565002752e+00 2.680000000000000000e+02
-9.996101331710816051e-01 3.460000000000000000e+02
-8.591367387771609021e-01 3.640000000000000000e+02
-7.186633443832397550e-01 4.320000000000000000e+02
-5.781899499893190519e-01 4.430000000000000000e+02
-4.377165555953979048e-01 5.110000000000000000e+02
-2.972431612014772018e-01 5.520000000000000000e+02
-1.567697668075564987e-01 5.500000000000000000e+02
-1.629637241363535161e-02 5.900000000000000000e+02
1.241770219802853514e-01 5.350000000000000000e+02
2.646504163742064986e-01 5.420000000000000000e+02
4.051238107681272016e-01 5.140000000000000000e+02
5.455972051620483487e-01 4.800000000000000000e+02
6.860705995559694959e-01 4.380000000000000000e+02
8.265439939498897548e-01 3.690000000000000000e+02
9.670173883438109019e-01 3.650000000000000000e+02
1.107490782737732049e+00 2.910000000000000000e+02
1.247964177131652308e+00 2.190000000000000000e+02
1.388437571525573455e+00 2.090000000000000000e+02
1.528910965919494602e+00 1.950000000000000000e+02
1.669384360313415749e+00 1.430000000000000000e+02
1.809857754707336008e+00 1.110000000000000000e+02
1.950331149101257155e+00 9.300000000000000000e+01
2.090804543495178081e+00 6.600000000000000000e+01
2.231277937889098339e+00 5.300000000000000000e+01
2.371751332283019487e+00 4.200000000000000000e+01
2.512224726676940634e+00 2.800000000000000000e+01
2.652698121070861781e+00 2.100000000000000000e+01
2.793171515464782040e+00 1.700000000000000000e+01
2.933644909858703187e+00 1.200000000000000000e+01
3.074118304252624334e+00 3.000000000000000000e+00
3.214591698646544593e+00 1.000000000000000000e+00
3.355065093040465740e+00 2.000000000000000000e+00
