#     bins                         n
-2.188021003958088018e-01 2.000000000000000000e+00
-2.079305712270544670e-01 1.000000000000000000e+00
-1.970590420583001323e-01 0.000000000000000000e+00
-1.861875128895458253e-01 1.000000000000000000e+00
-1.753159837207914906e-01 2.000000000000000000e+00
-1.644444545520371559e-01 0.000000000000000000e+00
-1.535729253832828212e-01 0.000000000000000000e+00
-1.427013962145284864e-01 0.000000000000000000e+00
-1.318298670457741517e-01 4.000000000000000000e+00
-1.209583378770198170e-01 2.000000000000000000e+00
-1.100868087082655100e-01 3.000000000000000000e+00
-9.921527953951117529e-02 4.000000000000000000e+00
-8.834375037075684056e-02 5.000000000000000000e+00
-7.747222120200250584e-02 4.000000000000000000e+00
-6.660069203324819886e-02 4.000000000000000000e+00
-5.572916286449386414e-02 1.000000000000000000e+00
-4.485763369573952941e-02 3.000000000000000000e+00
-3.398610452698519468e-02 4.000000000000000000e+00
-2.311457535823085996e-02 3.000000000000000000e+00
-1.224304618947655299e-02 3.000000000000000000e+00
-1.371517020722218261e-03 6.000000000000000000e+00
9.500012148032116466e-03 4.000000000000000000e+00
2.037154131678645119e-02 7.000000000000000000e+00
3.124307048554078592e-02 5.000000000000000000e+00
4.211459965429512065e-02 5.000000000000000000e+00
5.298612882304945537e-02 2.000000000000000000e+00
6.385765799180379010e-02 0.000000000000000000e+00
7.472918716055806931e-02 4.000000000000000000e+00
8.560071632931240404e-02 2.000000000000000000e+00
9.647224549806673877e-02 0.000000000000000000e+00
1.073437746668210735e-01 3.000000000000000000e+00
1.182153038355754082e-01 4.000000000000000000e+00
1.290868330043297429e-01 1.000000000000000000e+00
1.399583621730840777e-01 0.000000000000000000e+00
1.508298913418384124e-01 1.000000000000000000e+00
1.617014205105927471e-01 2.000000000000000000e+00
1.725729496793470819e-01 1.000000000000000000e+00
1.834444788481014166e-01 1.000000000000000000e+00
1.943160080168556958e-01 1.000000000000000000e+00
2.051875371856100305e-01 2.000000000000000000e+00
2.160590663543643652e-01 0.000000000000000000e+00
2.269305955231187000e-01 0.000000000000000000e+00
2.378021246918730347e-01 0.000000000000000000e+00
2.486736538606273694e-01 0.000000000000000000e+00
2.595451830293817319e-01 0.000000000000000000e+00
2.704167121981360666e-01 0.000000000000000000e+00
2.812882413668904014e-01 0.000000000000000000e+00
2.921597705356447361e-01 1.000000000000000000e+00
3.030312997043990708e-01 0.000000000000000000e+00
3.139028288731534055e-01 2.000000000000000000e+00
