#     bins                         n
8.556417752608245220e-01 1.000000000000000000e+00
8.569347353831022751e-01 0.000000000000000000e+00
8.582276955053800283e-01 0.000000000000000000e+00
8.595206556276580034e-01 0.000000000000000000e+00
8.608136157499357566e-01 0.000000000000000000e+00
8.621065758722137318e-01 0.000000000000000000e+00
8.633995359944914849e-01 0.000000000000000000e+00
8.646924961167692381e-01 0.000000000000000000e+00
8.659854562390472132e-01 1.000000000000000000e+00
8.672784163613249664e-01 1.000000000000000000e+00
8.685713764836027195e-01 1.000000000000000000e+00
8.698643366058806947e-01 2.000000000000000000e+00
8.711572967281584479e-01 2.000000000000000000e+00
8.724502568504362010e-01 4.000000000000000000e+00
8.737432169727141762e-01 3.000000000000000000e+00
8.750361770949919293e-01 1.000000000000000000e+00
8.763291372172696825e-01 2.000000000000000000e+00
8.776220973395476577e-01 2.000000000000000000e+00
8.789150574618254108e-01 4.000000000000000000e+00
8.802080175841031640e-01 1.000000000000000000e+00
8.815009777063811391e-01 2.000000000000000000e+00
8.827939378286588923e-01 2.000000000000000000e+00
8.840868979509366454e-01 1.000000000000000000e+00
8.853798580732146206e-01 3.000000000000000000e+00
8.866728181954923738e-01 5.000000000000000000e+00
8.879657783177703489e-01 3.000000000000000000e+00
8.892587384400481021e-01 5.000000000000000000e+00
8.905516985623258552e-01 6.000000000000000000e+00
8.918446586846038304e-01 5.000000000000000000e+00
8.931376188068815836e-01 3.000000000000000000e+00
8.944305789291593367e-01 6.000000000000000000e+00
8.957235390514373119e-01 3.000000000000000000e+00
8.970164991737150650e-01 4.000000000000000000e+00
8.983094592959928182e-01 4.000000000000000000e+00
8.996024194182707934e-01 2.000000000000000000e+00
9.008953795405485465e-01 3.000000000000000000e+00
9.021883396628262997e-01 3.000000000000000000e+00
9.034812997851042748e-01 2.000000000000000000e+00
9.047742599073820280e-01 3.000000000000000000e+00
9.060672200296597811e-01 3.000000000000000000e+00
9.073601801519377563e-01 2.000000000000000000e+00
9.086531402742155095e-01 0.000000000000000000e+00
9.099461003964932626e-01 2.000000000000000000e+00
9.112390605187712378e-01 1.000000000000000000e+00
9.125320206410489909e-01 0.000000000000000000e+00
9.138249807633267441e-01 1.000000000000000000e+00
9.151179408856047193e-01 0.000000000000000000e+00
9.164109010078824724e-01 0.000000000000000000e+00
9.177038611301604476e-01 0.000000000000000000e+00
9.189968212524382007e-01 1.000000000000000000e+00
