#     bins                         n
-2.631258677408074842e-01 1.000000000000000000e+00
-2.524507967580720269e-01 1.000000000000000000e+00
-2.417757257753366806e-01 1.000000000000000000e+00
-2.311006547926013066e-01 0.000000000000000000e+00
-2.204255838098659048e-01 1.000000000000000000e+00
-2.097505128271305030e-01 0.000000000000000000e+00
-1.990754418443951290e-01 0.000000000000000000e+00
-1.884003708616597550e-01 1.000000000000000000e+00
-1.777252998789243532e-01 2.000000000000000000e+00
-1.670502288961889514e-01 1.000000000000000000e+00
-1.563751579134535774e-01 0.000000000000000000e+00
-1.457000869307182034e-01 1.000000000000000000e+00
-1.350250159479828016e-01 2.000000000000000000e+00
-1.243499449652473998e-01 3.000000000000000000e+00
-1.136748739825120258e-01 1.000000000000000000e+00
-1.029998029997766518e-01 2.000000000000000000e+00
-9.232473201704124999e-02 0.000000000000000000e+00
-8.164966103430584821e-02 4.000000000000000000e+00
-7.097459005157047418e-02 2.000000000000000000e+00
-6.029951906883510016e-02 5.000000000000000000e+00
-4.962444808609969837e-02 3.000000000000000000e+00
-3.894937710336429659e-02 3.000000000000000000e+00
-2.827430612062892257e-02 3.000000000000000000e+00
-1.759923513789354854e-02 8.000000000000000000e+00
-6.924164155158146761e-03 4.000000000000000000e+00
3.750906827577255021e-03 1.000000000000000000e+00
1.442597781031265680e-02 3.000000000000000000e+00
2.510104879304800307e-02 4.000000000000000000e+00
3.577611977578340485e-02 9.000000000000000000e+00
4.645119075851880663e-02 4.000000000000000000e+00
5.712626174125415290e-02 5.000000000000000000e+00
6.780133272398955468e-02 3.000000000000000000e+00
7.847640370672495647e-02 2.000000000000000000e+00
8.915147468946035825e-02 3.000000000000000000e+00
9.982654567219576003e-02 4.000000000000000000e+00
1.105016166549311063e-01 2.000000000000000000e+00
1.211766876376665081e-01 1.000000000000000000e+00
1.318517586204019099e-01 3.000000000000000000e+00
1.425268296031372561e-01 1.000000000000000000e+00
1.532019005858726579e-01 0.000000000000000000e+00
1.638769715686080597e-01 0.000000000000000000e+00
1.745520425513434615e-01 0.000000000000000000e+00
1.852271135340788633e-01 2.000000000000000000e+00
1.959021845168142095e-01 0.000000000000000000e+00
2.065772554995496113e-01 1.000000000000000000e+00
2.172523264822850131e-01 0.000000000000000000e+00
2.279273974650203594e-01 1.000000000000000000e+00
2.386024684477558166e-01 1.000000000000000000e+00
2.492775394304911629e-01 0.000000000000000000e+00
2.599526104132264814e-01 1.000000000000000000e+00
