#     bins                         n
-2.837847476005554093e+00 4.000000000000000000e+00
-2.722424759864806809e+00 5.000000000000000000e+00
-2.607002043724059970e+00 8.000000000000000000e+00
-2.491579327583312686e+00 1.200000000000000000e+01
-2.376156611442565847e+00 2.300000000000000000e+01
-2.260733895301818563e+00 4.100000000000000000e+01
-2.145311179161071724e+00 6.400000000000000000e+01
-2.029888463020324441e+00 6.300000000000000000e+01
-1.914465746879577601e+00 8.500000000000000000e+01
-1.799043030738830318e+00 9.000000000000000000e+01
-1.683620314598083256e+00 1.180000000000000000e+02
-1.568197598457336195e+00 1.460000000000000000e+02
-1.452774882316589133e+00 2.000000000000000000e+02
-1.337352166175842072e+00 2.110000000000000000e+02
-1.221929450035095011e+00 2.540000000000000000e+02
-1.106506733894347949e+00 2.930000000000000000e+02
-9.910840177536008877e-01 3.050000000000000000e+02
-8.756613016128538263e-01 3.580000000000000000e+02
-7.602385854721065428e-01 3.540000000000000000e+02
-6.448158693313597034e-01 3.790000000000000000e+02
-5.293931531906124199e-01 3.610000000000000000e+02
-4.139704370498655805e-01 3.830000000000000000e+02
-2.985477209091182971e-01 4.080000000000000000e+02
-1.831250047683714577e-01 3.910000000000000000e+02
-6.770228862762417421e-02 3.640000000000000000e+02
4.772042751312266518e-02 4.200000000000000000e+02
1.631431436538699487e-01 3.880000000000000000e+02
2.785658597946167880e-01 4.000000000000000000e+02
3.939885759353640715e-01 4.060000000000000000e+02
5.094112920761109109e-01 3.880000000000000000e+02
6.248340082168581944e-01 3.900000000000000000e+02
7.402567243576050338e-01 3.640000000000000000e+02
8.556794404983523172e-01 3.420000000000000000e+02
9.711021566390996007e-01 2.830000000000000000e+02
1.086524872779846440e+00 2.740000000000000000e+02
1.201947588920593724e+00 2.600000000000000000e+02
1.317370305061341007e+00 2.070000000000000000e+02
1.432793021202087402e+00 1.810000000000000000e+02
1.548215737342834686e+00 1.520000000000000000e+02
1.663638453483581969e+00 1.240000000000000000e+02
1.779061169624329253e+00 1.190000000000000000e+02
1.894483885765075648e+00 7.600000000000000000e+01
2.009906601905822932e+00 6.300000000000000000e+01
2.125329318046570215e+00 4.200000000000000000e+01
2.240752034187317498e+00 4.700000000000000000e+01
2.356174750328063894e+00 2.100000000000000000e+01
2.471597466468811177e+00 1.800000000000000000e+01
2.587020182609558461e+00 1.200000000000000000e+01
2.702442898750305744e+00 6.000000000000000000e+00
2.817865614891053028e+00 5.000000000000000000e+00
