#     bins                         n
3.557480413466691804e-02 3.300000000000000000e+01
8.380732800811528660e-02 7.000000000000000000e+01
1.320398518815636413e-01 1.130000000000000000e+02
1.802723757550120376e-01 1.530000000000000000e+02
2.285048996284603784e-01 1.880000000000000000e+02
2.767374235019087192e-01 2.150000000000000000e+02
3.249699473753571155e-01 2.500000000000000000e+02
3.732024712488055118e-01 2.840000000000000000e+02
4.214349951222538526e-01 2.960000000000000000e+02
4.696675189957021934e-01 3.160000000000000000e+02
5.179000428691505897e-01 3.480000000000000000e+02
5.661325667425990416e-01 4.000000000000000000e+02
6.143650906160473824e-01 3.880000000000000000e+02
6.625976144894957232e-01 3.980000000000000000e+02
7.108301383629441750e-01 3.860000000000000000e+02
7.590626622363925158e-01 4.050000000000000000e+02
8.072951861098408566e-01 3.990000000000000000e+02
8.555277099832891974e-01 3.850000000000000000e+02
9.037602338567375382e-01 3.820000000000000000e+02
9.519927577301859900e-01 3.630000000000000000e+02
1.000225281603634331e+00 4.070000000000000000e+02
1.048457805477082561e+00 3.700000000000000000e+02
1.096690329350531012e+00 3.150000000000000000e+02
1.144922853223979242e+00 3.140000000000000000e+02
1.193155377097427694e+00 3.230000000000000000e+02
1.241387900970876146e+00 3.000000000000000000e+02
1.289620424844324376e+00 2.920000000000000000e+02
1.337852948717772827e+00 2.170000000000000000e+02
1.386085472591221279e+00 2.400000000000000000e+02
1.434317996464669509e+00 1.820000000000000000e+02
1.482550520338117961e+00 1.770000000000000000e+02
1.530783044211566191e+00 1.630000000000000000e+02
1.579015568085014642e+00 1.620000000000000000e+02
1.627248091958463094e+00 1.280000000000000000e+02
1.675480615831911324e+00 1.070000000000000000e+02
1.723713139705359776e+00 9.500000000000000000e+01
1.771945663578808006e+00 6.100000000000000000e+01
1.820178187452256457e+00 6.600000000000000000e+01
1.868410711325704909e+00 6.900000000000000000e+01
1.916643235199153139e+00 3.700000000000000000e+01
1.964875759072601591e+00 2.500000000000000000e+01
2.013108282946050043e+00 3.900000000000000000e+01
2.061340806819498273e+00 2.900000000000000000e+01
2.109573330692946502e+00 1.200000000000000000e+01
2.157805854566395176e+00 1.100000000000000000e+01
2.206038378439843406e+00 5.000000000000000000e+00
2.254270902313291636e+00 2.000000000000000000e+00
2.302503426186740310e+00 1.000000000000000000e+00
2.350735950060188539e+00 0.000000000000000000e+00
2.398968473933636769e+00 1.000000000000000000e+00
