#     bins                         n
-2.149639462615128838e-01 1.000000000000000000e+00
-2.050179199525406504e-01 1.000000000000000000e+00
-1.950718936435683892e-01 0.000000000000000000e+00
-1.851258673345961281e-01 4.000000000000000000e+00
-1.751798410256238947e-01 4.000000000000000000e+00
-1.652338147166516613e-01 0.000000000000000000e+00
-1.552877884076794002e-01 0.000000000000000000e+00
-1.453417620987071390e-01 1.000000000000000000e+00
-1.353957357897349056e-01 1.000000000000000000e+00
-1.254497094807626723e-01 2.000000000000000000e+00
-1.155036831717904111e-01 0.000000000000000000e+00
-1.055576568628181638e-01 3.000000000000000000e+00
-9.561163055384591658e-02 9.000000000000000000e+00
-8.566560424487368319e-02 2.000000000000000000e+00
-7.571957793590142205e-02 4.000000000000000000e+00
-6.577355162692916091e-02 3.000000000000000000e+00
-5.582752531795692752e-02 0.000000000000000000e+00
-4.588149900898469413e-02 1.000000000000000000e+00
-3.593547270001243299e-02 4.000000000000000000e+00
-2.598944639104017185e-02 3.000000000000000000e+00
-1.604342008206793846e-02 6.000000000000000000e+00
-6.097393773095705072e-03 2.000000000000000000e+00
3.848632535876556071e-03 3.000000000000000000e+00
1.379465884484881721e-02 6.000000000000000000e+00
2.374068515382105060e-02 5.000000000000000000e+00
3.368671146279328399e-02 2.000000000000000000e+00
4.363273777176551738e-02 3.000000000000000000e+00
5.357876408073780627e-02 0.000000000000000000e+00
6.352479038971003966e-02 3.000000000000000000e+00
7.347081669868227305e-02 3.000000000000000000e+00
8.341684300765456195e-02 2.000000000000000000e+00
9.336286931662679534e-02 2.000000000000000000e+00
1.033088956255990287e-01 0.000000000000000000e+00
1.132549219345712621e-01 1.000000000000000000e+00
1.232009482435434955e-01 2.000000000000000000e+00
1.331469745525157844e-01 1.000000000000000000e+00
1.430930008614880178e-01 4.000000000000000000e+00
1.530390271704602512e-01 3.000000000000000000e+00
1.629850534794325401e-01 0.000000000000000000e+00
1.729310797884047735e-01 2.000000000000000000e+00
1.828771060973770068e-01 3.000000000000000000e+00
1.928231324063492402e-01 1.000000000000000000e+00
2.027691587153214736e-01 2.000000000000000000e+00
2.127151850242937625e-01 0.000000000000000000e+00
2.226612113332659959e-01 0.000000000000000000e+00
2.326072376422382293e-01 0.000000000000000000e+00
2.425532639512105182e-01 0.000000000000000000e+00
2.524992902601827516e-01 0.000000000000000000e+00
2.624453165691549850e-01 0.000000000000000000e+00
2.723913428781272184e-01 1.000000000000000000e+00
