#     bins                         n
8.512074837892533719e-01 1.000000000000000000e+00
8.524347769803100050e-01 0.000000000000000000e+00
8.536620701713666381e-01 0.000000000000000000e+00
8.548893633624230493e-01 1.000000000000000000e+00
8.561166565534796824e-01 1.000000000000000000e+00
8.573439497445360935e-01 1.000000000000000000e+00
8.585712429355927267e-01 1.000000000000000000e+00
8.597985361266493598e-01 1.000000000000000000e+00
8.610258293177057709e-01 1.000000000000000000e+00
8.622531225087624041e-01 3.000000000000000000e+00
8.634804156998190372e-01 2.000000000000000000e+00
8.647077088908754483e-01 4.000000000000000000e+00
8.659350020819320815e-01 0.000000000000000000e+00
8.671622952729887146e-01 3.000000000000000000e+00
8.683895884640451257e-01 3.000000000000000000e+00
8.696168816551017589e-01 1.000000000000000000e+00
8.708441748461581700e-01 2.000000000000000000e+00
8.720714680372148031e-01 6.000000000000000000e+00
8.732987612282714363e-01 1.000000000000000000e+00
8.745260544193278474e-01 1.000000000000000000e+01
8.757533476103844805e-01 6.000000000000000000e+00
8.769806408014411137e-01 3.000000000000000000e+00
8.782079339924975248e-01 4.000000000000000000e+00
8.794352271835541579e-01 4.000000000000000000e+00
8.806625203746107911e-01 1.000000000000000000e+00
8.818898135656672022e-01 4.000000000000000000e+00
8.831171067567238353e-01 6.000000000000000000e+00
8.843443999477804685e-01 4.000000000000000000e+00
8.855716931388368796e-01 1.000000000000000000e+00
8.867989863298935127e-01 3.000000000000000000e+00
8.880262795209499238e-01 2.000000000000000000e+00
8.892535727120065570e-01 4.000000000000000000e+00
8.904808659030631901e-01 3.000000000000000000e+00
8.917081590941196012e-01 2.000000000000000000e+00
8.929354522851762344e-01 0.000000000000000000e+00
8.941627454762328675e-01 1.000000000000000000e+00
8.953900386672892786e-01 1.000000000000000000e+00
8.966173318583459118e-01 2.000000000000000000e+00
8.978446250494025449e-01 1.000000000000000000e+00
8.990719182404589560e-01 2.000000000000000000e+00
9.002992114315155892e-01 1.000000000000000000e+00
9.015265046225720003e-01 1.000000000000000000e+00
9.027537978136286334e-01 0.000000000000000000e+00
9.039810910046852666e-01 0.000000000000000000e+00
9.052083841957416777e-01 1.000000000000000000e+00
9.064356773867983108e-01 0.000000000000000000e+00
9.076629705778549440e-01 0.000000000000000000e+00
9.088902637689113551e-01 0.000000000000000000e+00
9.101175569599679882e-01 0.000000000000000000e+00
9.113448501510246214e-01 1.000000000000000000e+00
