#     bins                         n
8.718870188178192704e-01 1.000000000000000000e+00
8.729806107428591533e-01 0.000000000000000000e+00
8.740742026678990362e-01 0.000000000000000000e+00
8.751677945929388081e-01 0.000000000000000000e+00
8.762613865179786909e-01 0.000000000000000000e+00
8.773549784430185738e-01 0.000000000000000000e+00
8.784485703680584567e-01 0.000000000000000000e+00
8.795421622930983396e-01 1.000000000000000000e+00
8.806357542181382225e-01 0.000000000000000000e+00
8.817293461431779944e-01 1.000000000000000000e+00
8.828229380682178773e-01 1.000000000000000000e+00
8.839165299932577602e-01 1.000000000000000000e+00
8.850101219182976431e-01 2.000000000000000000e+00
8.861037138433375260e-01 4.000000000000000000e+00
8.871973057683772979e-01 0.000000000000000000e+00
8.882908976934171807e-01 2.000000000000000000e+00
8.893844896184570636e-01 3.000000000000000000e+00
8.904780815434969465e-01 3.000000000000000000e+00
8.915716734685368294e-01 2.000000000000000000e+00
8.926652653935767123e-01 5.000000000000000000e+00
8.937588573186164842e-01 6.000000000000000000e+00
8.948524492436563671e-01 2.000000000000000000e+00
8.959460411686962500e-01 4.000000000000000000e+00
8.970396330937361329e-01 7.000000000000000000e+00
8.981332250187760158e-01 5.000000000000000000e+00
8.992268169438158987e-01 1.000000000000000000e+00
9.003204088688556705e-01 4.000000000000000000e+00
9.014140007938955534e-01 2.000000000000000000e+00
9.025075927189354363e-01 6.000000000000000000e+00
9.036011846439753192e-01 1.000000000000000000e+00
9.046947765690152021e-01 0.000000000000000000e+00
9.057883684940549740e-01 4.000000000000000000e+00
9.068819604190948569e-01 4.000000000000000000e+00
9.079755523441347398e-01 2.000000000000000000e+00
9.090691442691746227e-01 4.000000000000000000e+00
9.101627361942145056e-01 6.000000000000000000e+00
9.112563281192543885e-01 2.000000000000000000e+00
9.123499200442941603e-01 2.000000000000000000e+00
9.134435119693340432e-01 3.000000000000000000e+00
9.145371038943739261e-01 2.000000000000000000e+00
9.156306958194138090e-01 1.000000000000000000e+00
9.167242877444536919e-01 1.000000000000000000e+00
9.178178796694934638e-01 3.000000000000000000e+00
9.189114715945333467e-01 0.000000000000000000e+00
9.200050635195732296e-01 0.000000000000000000e+00
9.210986554446131125e-01 0.000000000000000000e+00
9.221922473696529954e-01 0.000000000000000000e+00
9.232858392946928783e-01 1.000000000000000000e+00
9.243794312197326501e-01 0.000000000000000000e+00
9.254730231447725330e-01 1.000000000000000000e+00
