#     bins                         n
-2.002513021510777536e-01 1.000000000000000000e+00
-1.899820676794073127e-01 1.000000000000000000e+00
-1.797128332077368995e-01 0.000000000000000000e+00
-1.694435987360664586e-01 0.000000000000000000e+00
-1.591743642643960455e-01 1.000000000000000000e+00
-1.489051297927256046e-01 3.000000000000000000e+00
-1.386358953210551637e-01 3.000000000000000000e+00
-1.283666608493847228e-01 4.000000000000000000e+00
-1.180974263777143096e-01 2.000000000000000000e+00
-1.078281919060438826e-01 2.000000000000000000e+00
-9.755895743437345558e-02 3.000000000000000000e+00
-8.728972296270301467e-02 1.000000000000000000e+00
-7.702048849103258765e-02 3.000000000000000000e+00
-6.675125401936216063e-02 5.000000000000000000e+00
-5.648201954769171973e-02 5.000000000000000000e+00
-4.621278507602130659e-02 3.000000000000000000e+00
-3.594355060435086568e-02 4.000000000000000000e+00
-2.567431613268042478e-02 3.000000000000000000e+00
-1.540508166101001164e-02 0.000000000000000000e+00
-5.135847189339570740e-03 6.000000000000000000e+00
5.133387282330842405e-03 3.000000000000000000e+00
1.540262175400128331e-02 6.000000000000000000e+00
2.567185622567172421e-02 4.000000000000000000e+00
3.594109069734213735e-02 4.000000000000000000e+00
4.621032516901257825e-02 2.000000000000000000e+00
5.647955964068299139e-02 4.000000000000000000e+00
6.674879411235343230e-02 3.000000000000000000e+00
7.701802858402387320e-02 3.000000000000000000e+00
8.728726305569431410e-02 1.000000000000000000e+00
9.755649752736475500e-02 4.000000000000000000e+00
1.078257319990351404e-01 2.000000000000000000e+00
1.180949664707055813e-01 1.000000000000000000e+00
1.283642009423760222e-01 1.000000000000000000e+00
1.386334354140464631e-01 1.000000000000000000e+00
1.489026698857169040e-01 1.000000000000000000e+00
1.591719043573872894e-01 2.000000000000000000e+00
1.694411388290577303e-01 0.000000000000000000e+00
1.797103733007281712e-01 1.000000000000000000e+00
1.899796077723986121e-01 2.000000000000000000e+00
2.002488422440690530e-01 0.000000000000000000e+00
2.105180767157394384e-01 0.000000000000000000e+00
2.207873111874098793e-01 1.000000000000000000e+00
2.310565456590803202e-01 0.000000000000000000e+00
2.413257801307507611e-01 0.000000000000000000e+00
2.515950146024211742e-01 0.000000000000000000e+00
2.618642490740916706e-01 1.000000000000000000e+00
2.721334835457620560e-01 1.000000000000000000e+00
2.824027180174324414e-01 1.000000000000000000e+00
2.926719524891029378e-01 0.000000000000000000e+00
3.029411869607733232e-01 1.000000000000000000e+00
