#     bins                         n
-3.449442110061645472e+00 1.000000000000000000e+00
-3.306734209060668839e+00 1.000000000000000000e+00
-3.164026308059692205e+00 2.000000000000000000e+00
-3.021318407058715572e+00 6.000000000000000000e+00
-2.878610506057739382e+00 8.000000000000000000e+00
-2.735902605056762749e+00 1.600000000000000000e+01
-2.593194704055786115e+00 2.500000000000000000e+01
-2.450486803054809481e+00 2.200000000000000000e+01
-2.307778902053833292e+00 4.800000000000000000e+01
-2.165071001052856658e+00 6.400000000000000000e+01
-2.022363100051880025e+00 8.500000000000000000e+01
-1.879655199050903391e+00 9.700000000000000000e+01
-1.736947298049926758e+00 1.330000000000000000e+02
-1.594239397048950346e+00 1.450000000000000000e+02
-1.451531496047973713e+00 1.950000000000000000e+02
-1.308823595046997301e+00 2.370000000000000000e+02
-1.166115694046020668e+00 2.840000000000000000e+02
-1.023407793045044034e+00 3.290000000000000000e+02
-8.806998920440674006e-01 4.270000000000000000e+02
-7.379919910430912111e-01 4.060000000000000000e+02
-5.952840900421145776e-01 4.770000000000000000e+02
-4.525761890411379440e-01 5.150000000000000000e+02
-3.098682880401613104e-01 5.130000000000000000e+02
-1.671603870391846769e-01 5.950000000000000000e+02
-2.445248603820804334e-02 5.740000000000000000e+02
1.182554149627681461e-01 5.330000000000000000e+02
2.609633159637447797e-01 5.040000000000000000e+02
4.036712169647214132e-01 5.020000000000000000e+02
5.463791179656980468e-01 4.530000000000000000e+02
6.890870189666742363e-01 4.360000000000000000e+02
8.317949199676508698e-01 4.140000000000000000e+02
9.745028209686275034e-01 3.600000000000000000e+02
1.117210721969604137e+00 3.260000000000000000e+02
1.259918622970580770e+00 2.770000000000000000e+02
1.402626523971557404e+00 2.120000000000000000e+02
1.545334424972534038e+00 1.640000000000000000e+02
1.688042325973510671e+00 1.440000000000000000e+02
1.830750226974487305e+00 1.100000000000000000e+02
1.973458127975463050e+00 6.600000000000000000e+01
2.116166028976439684e+00 6.500000000000000000e+01
2.258873929977416317e+00 4.500000000000000000e+01
2.401581830978392951e+00 3.500000000000000000e+01
2.544289731979369584e+00 2.100000000000000000e+01
2.686997632980346218e+00 1.500000000000000000e+01
2.829705533981322851e+00 1.700000000000000000e+01
2.972413434982299485e+00 5.000000000000000000e+00
3.115121335983276118e+00 1.000000000000000000e+00
3.257829236984252752e+00 2.000000000000000000e+00
3.400537137985229386e+00 1.000000000000000000e+00
3.543245038986205131e+00 2.000000000000000000e+00
