#     bins                         n
-3.386399087905883842e+00 1.000000000000000000e+00
-3.253174238204956215e+00 2.000000000000000000e+00
-3.119949388504028587e+00 4.000000000000000000e+00
-2.986724538803100515e+00 4.000000000000000000e+00
-2.853499689102172887e+00 1.000000000000000000e+01
-2.720274839401245259e+00 1.800000000000000000e+01
-2.587049989700317187e+00 2.400000000000000000e+01
-2.453825139999389560e+00 3.000000000000000000e+01
-2.320600290298461932e+00 4.600000000000000000e+01
-2.187375440597534304e+00 5.700000000000000000e+01
-2.054150590896606676e+00 7.800000000000000000e+01
-1.920925741195678604e+00 8.000000000000000000e+01
-1.787700891494750977e+00 1.050000000000000000e+02
-1.654476041793823349e+00 1.380000000000000000e+02
-1.521251192092895499e+00 1.660000000000000000e+02
-1.388026342391967649e+00 2.100000000000000000e+02
-1.254801492691040021e+00 2.480000000000000000e+02
-1.121576642990112394e+00 2.430000000000000000e+02
-9.883517932891847657e-01 2.870000000000000000e+02
-8.551269435882566938e-01 3.190000000000000000e+02
-7.219020938873290660e-01 3.980000000000000000e+02
-5.886772441864014382e-01 4.220000000000000000e+02
-4.554523944854733664e-01 4.820000000000000000e+02
-3.222275447845457386e-01 5.150000000000000000e+02
-1.890026950836181108e-01 5.220000000000000000e+02
-5.577784538269048298e-02 5.880000000000000000e+02
7.744700431823714482e-02 6.280000000000000000e+02
2.106718540191652167e-01 5.070000000000000000e+02
3.438967037200928445e-01 5.320000000000000000e+02
4.771215534210204723e-01 4.400000000000000000e+02
6.103464031219485442e-01 4.310000000000000000e+02
7.435712528228761720e-01 3.490000000000000000e+02
8.767961025238037998e-01 3.210000000000000000e+02
1.010020952224731428e+00 2.790000000000000000e+02
1.143245801925659055e+00 2.540000000000000000e+02
1.276470651626586683e+00 2.270000000000000000e+02
1.409695501327514311e+00 2.010000000000000000e+02
1.542920351028442827e+00 1.540000000000000000e+02
1.676145200729370455e+00 1.410000000000000000e+02
1.809370050430298082e+00 9.200000000000000000e+01
1.942594900131225710e+00 9.000000000000000000e+01
2.075819749832153338e+00 7.400000000000000000e+01
2.209044599533080966e+00 5.900000000000000000e+01
2.342269449234008594e+00 5.500000000000000000e+01
2.475494298934937110e+00 3.100000000000000000e+01
2.608719148635864737e+00 1.900000000000000000e+01
2.741943998336792365e+00 1.000000000000000000e+01
2.875168848037719993e+00 2.000000000000000000e+00
3.008393697738647621e+00 5.000000000000000000e+00
3.141618547439575249e+00 2.000000000000000000e+00
