#     bins                         n
3.361592772416770181e-02 2.500000000000000000e+01
7.655680240131915171e-02 5.700000000000000000e+01
1.194976770784705877e-01 8.300000000000000000e+01
1.624385517556220515e-01 1.160000000000000000e+02
2.053794264327734875e-01 1.360000000000000000e+02
2.483203011099249236e-01 1.230000000000000000e+02
2.912611757870763873e-01 1.820000000000000000e+02
3.342020504642277956e-01 1.730000000000000000e+02
3.771429251413792594e-01 2.370000000000000000e+02
4.200837998185307232e-01 2.440000000000000000e+02
4.630246744956821314e-01 2.570000000000000000e+02
5.059655491728335397e-01 2.590000000000000000e+02
5.489064238499850035e-01 2.960000000000000000e+02
5.918472985271364672e-01 3.210000000000000000e+02
6.347881732042878200e-01 3.290000000000000000e+02
6.777290478814392838e-01 3.290000000000000000e+02
7.206699225585907476e-01 3.490000000000000000e+02
7.636107972357422113e-01 3.630000000000000000e+02
8.065516719128936751e-01 3.680000000000000000e+02
8.494925465900450279e-01 3.550000000000000000e+02
8.924334212671964917e-01 3.880000000000000000e+02
9.353742959443479554e-01 3.520000000000000000e+02
9.783151706214994192e-01 3.980000000000000000e+02
1.021256045298650994e+00 3.660000000000000000e+02
1.064196919975802347e+00 3.640000000000000000e+02
1.107137794652953700e+00 3.400000000000000000e+02
1.150078669330105274e+00 3.450000000000000000e+02
1.193019544007256627e+00 3.070000000000000000e+02
1.235960418684407980e+00 3.250000000000000000e+02
1.278901293361559555e+00 2.790000000000000000e+02
1.321842168038710907e+00 2.500000000000000000e+02
1.364783042715862482e+00 2.400000000000000000e+02
1.407723917393013835e+00 1.930000000000000000e+02
1.450664792070165188e+00 1.810000000000000000e+02
1.493605666747316763e+00 1.620000000000000000e+02
1.536546541424468115e+00 1.390000000000000000e+02
1.579487416101619690e+00 1.230000000000000000e+02
1.622428290778771043e+00 1.100000000000000000e+02
1.665369165455922396e+00 1.010000000000000000e+02
1.708310040133073970e+00 8.000000000000000000e+01
1.751250914810225323e+00 7.600000000000000000e+01
1.794191789487376898e+00 5.700000000000000000e+01
1.837132664164528251e+00 4.100000000000000000e+01
1.880073538841679603e+00 3.200000000000000000e+01
1.923014413518831178e+00 2.600000000000000000e+01
1.965955288195982531e+00 1.500000000000000000e+01
2.008896162873134106e+00 7.000000000000000000e+00
2.051837037550285903e+00 3.000000000000000000e+00
2.094777912227437255e+00 3.000000000000000000e+00
2.137718786904588608e+00 1.000000000000000000e+00
