#     bins                         n
2.658428200404159766e-02 3.400000000000000000e+01
7.585972090833820181e-02 9.600000000000000000e+01
1.251351598126348164e-01 1.430000000000000000e+02
1.744105987169314032e-01 2.030000000000000000e+02
2.236860376212280177e-01 2.080000000000000000e+02
2.729614765255246600e-01 2.460000000000000000e+02
3.222369154298212468e-01 3.040000000000000000e+02
3.715123543341178891e-01 3.150000000000000000e+02
4.207877932384144759e-01 3.370000000000000000e+02
4.700632321427110627e-01 3.440000000000000000e+02
5.193386710470077050e-01 3.910000000000000000e+02
5.686141099513043473e-01 3.850000000000000000e+02
6.178895488556008786e-01 4.210000000000000000e+02
6.671649877598975209e-01 3.900000000000000000e+02
7.164404266641941632e-01 3.670000000000000000e+02
7.657158655684906945e-01 3.830000000000000000e+02
8.149913044727873368e-01 3.310000000000000000e+02
8.642667433770839791e-01 3.730000000000000000e+02
9.135421822813805104e-01 3.500000000000000000e+02
9.628176211856771527e-01 3.360000000000000000e+02
1.012093060089973795e+00 3.510000000000000000e+02
1.061368498994270437e+00 3.340000000000000000e+02
1.110643937898567080e+00 3.080000000000000000e+02
1.159919376802863500e+00 3.090000000000000000e+02
1.209194815707160142e+00 2.670000000000000000e+02
1.258470254611456784e+00 2.340000000000000000e+02
1.307745693515753427e+00 2.640000000000000000e+02
1.357021132420050069e+00 2.570000000000000000e+02
1.406296571324346711e+00 2.070000000000000000e+02
1.455572010228643132e+00 1.760000000000000000e+02
1.504847449132939774e+00 1.770000000000000000e+02
1.554122888037236416e+00 1.660000000000000000e+02
1.603398326941533059e+00 1.520000000000000000e+02
1.652673765845829701e+00 1.360000000000000000e+02
1.701949204750126343e+00 1.160000000000000000e+02
1.751224643654422986e+00 9.500000000000000000e+01
1.800500082558719406e+00 8.100000000000000000e+01
1.849775521463016048e+00 6.800000000000000000e+01
1.899050960367312690e+00 5.600000000000000000e+01
1.948326399271609333e+00 4.500000000000000000e+01
1.997601838175905975e+00 4.300000000000000000e+01
2.046877277080202617e+00 3.500000000000000000e+01
2.096152715984499260e+00 2.200000000000000000e+01
2.145428154888795902e+00 1.600000000000000000e+01
2.194703593793092544e+00 1.300000000000000000e+01
2.243979032697388742e+00 6.000000000000000000e+00
2.293254471601685385e+00 4.000000000000000000e+00
2.342529910505982027e+00 1.000000000000000000e+00
2.391805349410278669e+00 0.000000000000000000e+00
2.441080788314575312e+00 2.000000000000000000e+00
