#     bins                         n
4.125446232035756555e-02 3.000000000000000000e+01
8.382900884374977490e-02 5.000000000000000000e+01
1.264035553671419843e-01 7.500000000000000000e+01
1.689781018905341659e-01 1.090000000000000000e+02
2.115526484139263752e-01 1.380000000000000000e+02
2.541271949373186123e-01 1.370000000000000000e+02
2.967017414607107662e-01 1.810000000000000000e+02
3.392762879841029755e-01 1.830000000000000000e+02
3.818508345074951849e-01 2.010000000000000000e+02
4.244253810308873942e-01 2.410000000000000000e+02
4.669999275542796036e-01 2.770000000000000000e+02
5.095744740776717574e-01 2.710000000000000000e+02
5.521490206010639668e-01 3.220000000000000000e+02
5.947235671244561761e-01 3.350000000000000000e+02
6.372981136478483855e-01 3.630000000000000000e+02
6.798726601712405948e-01 3.630000000000000000e+02
7.224472066946328042e-01 3.480000000000000000e+02
7.650217532180250135e-01 3.990000000000000000e+02
8.075962997414172229e-01 4.350000000000000000e+02
8.501708462648094322e-01 4.150000000000000000e+02
8.927453927882016416e-01 3.850000000000000000e+02
9.353199393115938509e-01 3.940000000000000000e+02
9.778944858349860603e-01 3.620000000000000000e+02
1.020469032358378270e+00 3.670000000000000000e+02
1.063043578881770479e+00 3.290000000000000000e+02
1.105618125405162466e+00 2.610000000000000000e+02
1.148192671928554898e+00 2.820000000000000000e+02
1.190767218451946885e+00 2.720000000000000000e+02
1.233341764975339316e+00 2.110000000000000000e+02
1.275916311498731304e+00 2.050000000000000000e+02
1.318490858022123735e+00 2.240000000000000000e+02
1.361065404545515722e+00 2.010000000000000000e+02
1.403639951068908154e+00 1.960000000000000000e+02
1.446214497592300141e+00 1.810000000000000000e+02
1.488789044115692572e+00 1.930000000000000000e+02
1.531363590639084560e+00 1.390000000000000000e+02
1.573938137162476991e+00 1.390000000000000000e+02
1.616512683685868979e+00 1.360000000000000000e+02
1.659087230209261410e+00 1.320000000000000000e+02
1.701661776732653397e+00 1.040000000000000000e+02
1.744236323256045829e+00 8.000000000000000000e+01
1.786810869779437816e+00 6.700000000000000000e+01
1.829385416302830247e+00 5.900000000000000000e+01
1.871959962826222235e+00 3.400000000000000000e+01
1.914534509349614666e+00 2.500000000000000000e+01
1.957109055873006653e+00 3.300000000000000000e+01
1.999683602396399085e+00 1.100000000000000000e+01
2.042258148919791072e+00 1.000000000000000000e+01
2.084832695443183059e+00 2.000000000000000000e+00
2.127407241966575491e+00 1.000000000000000000e+00
