#     bins                         n
8.482696293879267158e-01 1.000000000000000000e+00
8.496437557694535014e-01 0.000000000000000000e+00
8.510178821509802871e-01 0.000000000000000000e+00
8.523920085325069618e-01 0.000000000000000000e+00
8.537661349140337474e-01 0.000000000000000000e+00
8.551402612955605331e-01 0.000000000000000000e+00
8.565143876770873188e-01 0.000000000000000000e+00
8.578885140586141045e-01 0.000000000000000000e+00
8.592626404401408902e-01 1.000000000000000000e+00
8.606367668216675648e-01 1.000000000000000000e+00
8.620108932031943505e-01 0.000000000000000000e+00
8.633850195847211362e-01 3.000000000000000000e+00
8.647591459662479219e-01 0.000000000000000000e+00
8.661332723477747075e-01 1.000000000000000000e+00
8.675073987293013822e-01 1.000000000000000000e+00
8.688815251108281679e-01 0.000000000000000000e+00
8.702556514923549535e-01 1.000000000000000000e+00
8.716297778738817392e-01 2.000000000000000000e+00
8.730039042554085249e-01 1.000000000000000000e+00
8.743780306369353106e-01 1.000000000000000000e+00
8.757521570184619852e-01 1.000000000000000000e+00
8.771262833999887709e-01 3.000000000000000000e+00
8.785004097815155566e-01 4.000000000000000000e+00
8.798745361630423423e-01 5.000000000000000000e+00
8.812486625445691280e-01 9.000000000000000000e+00
8.826227889260958026e-01 2.000000000000000000e+00
8.839969153076225883e-01 3.000000000000000000e+00
8.853710416891493740e-01 5.000000000000000000e+00
8.867451680706761596e-01 2.000000000000000000e+00
8.881192944522029453e-01 6.000000000000000000e+00
8.894934208337297310e-01 2.000000000000000000e+00
8.908675472152564057e-01 4.000000000000000000e+00
8.922416735967831913e-01 4.000000000000000000e+00
8.936157999783099770e-01 5.000000000000000000e+00
8.949899263598367627e-01 4.000000000000000000e+00
8.963640527413635484e-01 3.000000000000000000e+00
8.977381791228902230e-01 5.000000000000000000e+00
8.991123055044170087e-01 4.000000000000000000e+00
9.004864318859437944e-01 0.000000000000000000e+00
9.018605582674705801e-01 3.000000000000000000e+00
9.032346846489973657e-01 3.000000000000000000e+00
9.046088110305241514e-01 2.000000000000000000e+00
9.059829374120508261e-01 3.000000000000000000e+00
9.073570637935776118e-01 1.000000000000000000e+00
9.087311901751043974e-01 1.000000000000000000e+00
9.101053165566311831e-01 1.000000000000000000e+00
9.114794429381579688e-01 0.000000000000000000e+00
9.128535693196846434e-01 0.000000000000000000e+00
9.142276957012114291e-01 1.000000000000000000e+00
9.156018220827382148e-01 1.000000000000000000e+00
