#     bins                         n
-3.070908577442168941e+00 1.000000000000000000e+00
-2.947086427211761617e+00 2.000000000000000000e+00
-2.823264276981353404e+00 5.000000000000000000e+00
-2.699442126750946080e+00 6.000000000000000000e+00
-2.575619976520537868e+00 1.400000000000000000e+01
-2.451797826290130544e+00 1.600000000000000000e+01
-2.327975676059723220e+00 3.400000000000000000e+01
-2.204153525829315008e+00 5.200000000000000000e+01
-2.080331375598907684e+00 7.400000000000000000e+01
-1.956509225368499694e+00 6.500000000000000000e+01
-1.832687075138091926e+00 1.210000000000000000e+02
-1.708864924907684379e+00 1.350000000000000000e+02
-1.585042774677276611e+00 1.720000000000000000e+02
-1.461220624446868843e+00 1.780000000000000000e+02
-1.337398474216461297e+00 2.110000000000000000e+02
-1.213576323986053529e+00 2.350000000000000000e+02
-1.089754173755645761e+00 2.510000000000000000e+02
-9.659320235252379927e-01 2.980000000000000000e+02
-8.421098732948302246e-01 3.510000000000000000e+02
-7.182877230644224564e-01 3.870000000000000000e+02
-5.944655728340146883e-01 4.140000000000000000e+02
-4.706434226036073643e-01 4.490000000000000000e+02
-3.468212723731995961e-01 4.690000000000000000e+02
-2.229991221427918280e-01 4.330000000000000000e+02
-9.917697191238405985e-02 4.610000000000000000e+02
2.464517831802370829e-02 4.740000000000000000e+02
1.484673285484314764e-01 4.700000000000000000e+02
2.722894787788392446e-01 4.500000000000000000e+02
3.961116290092465686e-01 4.350000000000000000e+02
5.199337792396543367e-01 4.010000000000000000e+02
6.437559294700621049e-01 3.930000000000000000e+02
7.675780797004698730e-01 3.490000000000000000e+02
8.914002299308776411e-01 3.640000000000000000e+02
1.015222380161284965e+00 3.100000000000000000e+02
1.139044530391693177e+00 2.540000000000000000e+02
1.262866680622100501e+00 2.150000000000000000e+02
1.386688830852508714e+00 1.980000000000000000e+02
1.510510981082916038e+00 1.710000000000000000e+02
1.634333131313324250e+00 1.300000000000000000e+02
1.758155281543731574e+00 1.110000000000000000e+02
1.881977431774139786e+00 1.060000000000000000e+02
2.005799582004547332e+00 7.600000000000000000e+01
2.129621732234954656e+00 5.900000000000000000e+01
2.253443882465362869e+00 3.300000000000000000e+01
2.377266032695770193e+00 3.400000000000000000e+01
2.501088182926178405e+00 2.400000000000000000e+01
2.624910333156585729e+00 1.000000000000000000e+01
2.748732483386993941e+00 1.300000000000000000e+01
2.872554633617401265e+00 6.000000000000000000e+00
2.996376783847808589e+00 2.000000000000000000e+00
