-1.227053297995881254e+00 -2.063338978482273323e+00 1.187053576053560322e+00 -1.020949773305645847e+00 -5.250356925858391116e-02 5.928525633689527702e-02 2.926285399330986678e-02
-1.119210160740979454e+00 -1.552241884176235320e-01 6.493100677150012157e-01 1.268015954912582899e+00 -3.632308805690092224e-03 7.599584341877764493e-02 3.294674087973201854e-02
-1.011367023486077432e+00 -2.566071525455362323e-01 5.867077049344613382e-01 1.252026595315171020e+00 -1.418403267860412695e-02 9.741660193070904306e-02 5.493009090423583984e-02
-9.035238862311754104e-01 1.810231930835641823e-01 -4.025981785182327077e-01 1.749245819093504239e-01 1.920684923728306973e-02 1.248751761255058879e-01 6.135605275630950928e-02
-7.956807489762734997e-01 9.928769247664370745e-02 -4.149003406863622234e-01 -1.399625770335341524e-01 2.752057666885120504e-03 1.600734300244608110e-01 5.991549465243377337e-02
-6.878376117213715890e-01 9.260117840052406457e-02 -2.806024116105982902e-01 3.415174792401232118e-02 -1.128013466679772710e-02 2.051929278085104502e-01 5.723601718281590839e-02
-5.799944744664694563e-01 2.043234280552616022e-01 -1.780448349599229318e-01 -8.640900076184514222e-02 -1.014610709146011695e-02 2.630301457037227397e-01 6.094038763711618484e-02
-4.721513372115674345e-01 1.012340109097623619e-01 -1.788108511334979278e-01 -1.803157331900558380e-01 -1.955296422008804668e-03 3.371697957031253301e-01 5.483175794910666312e-02
-3.643081999566656348e-01 1.380827988754840252e-01 -1.902849707856908712e-01 -6.962385100245288561e-02 -3.461523978940902069e-03 4.322070036129634918e-01 5.572031766283042087e-02
-2.564650627017636686e-01 9.971065519122124243e-02 -2.061056726065905176e-01 -2.830761051776029547e-01 -5.045310531876674547e-03 5.540321118697547620e-01 5.296820563239020702e-02
-1.486219254468617024e-01 7.235965307182623540e-02 -3.361249110152584874e-01 -3.424094988672258255e-01 1.556749235451483030e-03 7.101957590158167744e-01 4.841254940072229479e-02
-4.077878819195976390e-02 7.576252587297882535e-02 -6.278599691297443997e-01 -4.396500565198370181e-01 4.585776805358230041e-04 9.103768632144273454e-01 4.468504830221604884e-02
6.706434906294217457e-02 5.281339675111396126e-02 -1.137494712058829238e+00 -4.935059889215097639e-01 -3.014728659796017674e-03 1.166982515109164842e+00 3.891629352395577918e-02
1.749074863178441963e-01 5.264765828844086837e-02 -1.862828029449972833e+00 -4.148602887410395290e-01 -9.024373478626336294e-04 1.495916960984702504e+00 3.497194313303524094e-02
2.827506235727462180e-01 4.250936532029558901e-02 -2.535265869439205844e+00 -3.262272333815092740e-01 3.430750633689940571e-04 1.917567337289862506e+00 3.167027250534201060e-02
3.905937608276482398e-01 5.602845438991310711e-02 -2.876113381218428966e+00 -3.274754522878214336e-01 -2.401228609736944409e-04 2.458067251687866772e+00 2.974109997772650046e-02
4.984368980825502615e-01 6.456800854908206766e-02 -2.954519669007162008e+00 -5.117750717448802389e-01 -1.128617124364152385e-03 3.150916526540215035e+00 2.691657764627257768e-02
6.062800353374522278e-01 5.461324292563463079e-02 -3.016473200940025468e+00 -6.579663864239971849e-01 -8.366156739391691997e-04 4.039057495439500656e+00 2.306609988191731311e-02
7.141231725923540274e-01 5.366609549936052215e-02 -3.124473502830026561e+00 -7.548867767010339902e-01 -5.821651591395299031e-05 5.177536540258389053e+00 1.941357515441870241e-02
8.219663098472559382e-01 5.973803503230123990e-02 -3.394299387673966883e+00 -7.849558306028113774e-01 1.036756114534967616e-04 6.636915828996856170e+00 1.585460592089704690e-02
9.298094471021578489e-01 5.991893514954571565e-02 -3.709017790380777502e+00 -6.520478873481115878e-01 -3.141022431533170567e-04 8.507646711652322224e+00 1.314623291637588738e-02
1.037652584357059871e+00 4.840204926026969723e-02 -3.580595830117256018e+00 -5.921456465378368561e-01 -1.371803666465087109e-03 1.090567583425696974e+01 1.146879188805959883e-02
1.145495721611961892e+00 4.788855799817959280e-02 -3.215140593720667628e+00 -7.889726149277107581e-01 -3.875243388775692199e-04 1.397963143427210042e+01 9.796786284724315341e-03
1.253338858866864136e+00 4.700063557852240947e-02 -3.178973529897984651e+00 -9.777868998852240479e-01 -5.489381661444353491e-04 1.792003521911064112e+01 7.750810307227760931e-03
1.361181996121765936e+00 3.828003055749429340e-02 -3.340049192969068770e+00 -9.773635788987679041e-01 -1.264050267239267677e-03 2.297111077384323963e+01 6.028210656662700770e-03
1.469025133376667736e+00 2.114979925952931161e-02 -3.369045080330809849e+00 -1.086345842548864571e+00 -1.254466709250235670e-03 2.944592037528176576e+01 4.770272613105106495e-03
1.576868270631569535e+00 1.700698965188585099e-02 -3.526353093870127076e+00 -1.072641980094986902e+00 -2.033299436116204045e-03 3.774576838202969498e+01 3.514621268269713626e-03
1.684711407886471557e+00 2.731970994192833846e-02 -3.652412284664267261e+00 -1.029335330894109113e+00 -1.838040502110695890e-03 4.838507380960749771e+01 2.800199968500599341e-03
1.792554545141373579e+00 2.514469138680430760e-02 -3.675330771432204546e+00 -1.105462620921508821e+00 -2.236302259703409293e-03 6.202325367618538365e+01 2.107972932673506192e-03
1.900397682396275600e+00 5.890977848398692984e-02 -3.865294982420851344e+00 -1.005362876768732594e+00 -1.518130440825208281e-03 7.950559322731866985e+01 1.617170952869908650e-03
2.008240819651177844e+00 9.041925159807462364e-02 -3.797965355255455311e+00 -1.091348276250006633e+00 -2.876853391354778597e-05 1.019156361488166311e+02 1.279446282052342908e-03
2.116083956906079866e+00 1.196261396832283275e-01 -3.866880969645763777e+00 -1.117138775354087787e+00 -9.555682014016544240e-04 1.306423418780177030e+02 9.405179491230085745e-04
2.223927094160981888e+00 1.432338392086583978e-01 -4.139884969075606769e+00 -1.349233529404812781e+00 -2.873821063253252824e-03 1.674661723786044547e+02 7.346332079376180230e-04
2.331770231415883909e+00 1.016790419756730124e-01 -3.970342554385950962e+00 -1.721079647813621882e+00 -2.954099928909514807e-03 2.146694439795509197e+02 4.812335915321110731e-04
2.439613368670785487e+00 3.361578568352519003e-02 -3.383088789973152988e+00 -6.048515993181307060e-01 1.245323316570264146e-03 2.751777838112043924e+02 3.125052362660473934e-04
2.547456505925687509e+00 3.847613654325232613e-01 -2.711162902063201763e+00 1.976723184216055973e+00 8.033638988421574686e-03 3.527414582135837691e+02 3.563672179665880414e-04
2.655299643180589531e+00 6.462456136276740759e-01 -2.530601175022670901e+00 3.656314908134834063e+00 1.989993581435650291e-02 4.521678117300805297e+02 8.340831697376273855e-04
2.763142780435491552e+00 7.813417100959199058e-01 -2.698310348486558485e+00 3.212345410413169233e+00 3.790281587583543138e-02 5.796192230995775390e+02 2.190355903702226499e-03
2.870985917690393574e+00 8.701578747850564621e-01 -2.941426638458510379e+00 2.115800255441358413e+00 5.493931289735738688e-02 7.429950453596345596e+02 4.112142651242174825e-03
2.978829054945295152e+00 9.296230527658646547e-01 -3.198612705523488753e+00 1.398606187376819410e+00 7.059489842444401086e-02 9.524212024522953470e+02 6.264173275003213394e-03
3.086672192200197173e+00 9.579092773747474032e-01 -3.478777765825841861e+00 1.048565577392093218e+00 8.347936061067796898e-02 1.220877787201941828e+03 8.236227423301817688e-03
3.194515329455099195e+00 9.748596606668216147e-01 -3.793652209961801081e+00 1.045025042343505683e+00 9.710610758397195119e-02 1.565003558767128197e+03 1.054447509327740250e-02
3.302358466710001217e+00 9.848489658000882940e-01 -4.030871358260756487e+00 1.120464375867455953e+00 1.135511671239396031e-01 2.006127201779170036e+03 1.383967489272185450e-02
3.410201603964903239e+00 9.899683100655446433e-01 -4.483618973214320569e+00 1.242678573786897278e+00 1.328811147397179482e-01 2.571589263917560856e+03 1.839474417569198980e-02
3.518044741219805260e+00 9.930856038870653490e-01 -5.268784061709926192e+00 1.428922914762935203e+00 1.583569247329672802e-01 3.296436704726969310e+03 2.565397104577667869e-02
3.625887878474707282e+00 9.953101128984714885e-01 -6.503049016622560075e+00 1.519215920242123596e+00 1.920001778826617433e-01 4.225595082675517915e+03 3.740182658969955914e-02
3.733731015729608860e+00 9.970243707915686926e-01 -8.983607113642989361e+00 1.475145077769733248e+00 2.323612287206557048e-01 5.416653011152056024e+03 5.455425410594754582e-02
