#     bins                         n
-2.881975042819976629e+00 4.000000000000000000e+00
-2.765259826183319447e+00 7.000000000000000000e+00
-2.648544609546661377e+00 1.100000000000000000e+01
-2.531829392910003307e+00 1.400000000000000000e+01
-2.415114176273346125e+00 2.200000000000000000e+01
-2.298398959636688055e+00 2.900000000000000000e+01
-2.181683743000030873e+00 5.300000000000000000e+01
-2.064968526363372803e+00 4.300000000000000000e+01
-1.948253309726714955e+00 7.100000000000000000e+01
-1.831538093090057551e+00 9.700000000000000000e+01
-1.714822876453399703e+00 1.310000000000000000e+02
-1.598107659816742077e+00 1.600000000000000000e+02
-1.481392443180084451e+00 1.630000000000000000e+02
-1.364677226543426602e+00 2.040000000000000000e+02
-1.247962009906768976e+00 2.390000000000000000e+02
-1.131246793270111128e+00 2.550000000000000000e+02
-1.014531576633453502e+00 3.250000000000000000e+02
-8.978163599967958763e-01 3.250000000000000000e+02
-7.811011433601382503e-01 3.280000000000000000e+02
-6.643859267234801802e-01 3.640000000000000000e+02
-5.476707100868225542e-01 4.380000000000000000e+02
-4.309554934501649281e-01 3.510000000000000000e+02
-3.142402768135073021e-01 4.330000000000000000e+02
-1.975250601768496761e-01 4.450000000000000000e+02
-8.080984354019205007e-02 3.900000000000000000e+02
3.590537309646602004e-02 4.200000000000000000e+02
1.526205897331236461e-01 4.110000000000000000e+02
2.693358063697812721e-01 3.850000000000000000e+02
3.860510230064388981e-01 4.070000000000000000e+02
5.027662396430965241e-01 3.440000000000000000e+02
6.194814562797545943e-01 3.840000000000000000e+02
7.361966729164122203e-01 3.400000000000000000e+02
8.529118895530698463e-01 3.230000000000000000e+02
9.696271061897274723e-01 3.300000000000000000e+02
1.086342322826385098e+00 2.980000000000000000e+02
1.203057539463043168e+00 2.850000000000000000e+02
1.319772756099700350e+00 2.030000000000000000e+02
1.436487972736358421e+00 1.880000000000000000e+02
1.553203189373016491e+00 1.460000000000000000e+02
1.669918406009673673e+00 1.230000000000000000e+02
1.786633622646331743e+00 1.050000000000000000e+02
1.903348839282988925e+00 9.400000000000000000e+01
2.020064055919647217e+00 6.400000000000000000e+01
2.136779272556305287e+00 5.600000000000000000e+01
2.253494489192962469e+00 4.100000000000000000e+01
2.370209705829620539e+00 2.400000000000000000e+01
2.486924922466277721e+00 1.500000000000000000e+01
2.603640139102935791e+00 1.100000000000000000e+01
2.720355355739592973e+00 2.000000000000000000e+00
2.837070572376251043e+00 2.000000000000000000e+00
