#     bins                         n
8.525183825394113679e-01 1.000000000000000000e+00
8.538372053679645912e-01 1.000000000000000000e+00
8.551560281965180366e-01 0.000000000000000000e+00
8.564748510250712599e-01 0.000000000000000000e+00
8.577936738536247052e-01 0.000000000000000000e+00
8.591124966821779285e-01 0.000000000000000000e+00
8.604313195107313739e-01 0.000000000000000000e+00
8.617501423392845972e-01 0.000000000000000000e+00
8.630689651678380425e-01 0.000000000000000000e+00
8.643877879963912658e-01 0.000000000000000000e+00
8.657066108249447112e-01 0.000000000000000000e+00
8.670254336534979345e-01 0.000000000000000000e+00
8.683442564820513798e-01 0.000000000000000000e+00
8.696630793106046031e-01 0.000000000000000000e+00
8.709819021391580485e-01 2.000000000000000000e+00
8.723007249677112718e-01 0.000000000000000000e+00
8.736195477962647171e-01 1.000000000000000000e+00
8.749383706248179404e-01 1.000000000000000000e+00
8.762571934533713858e-01 4.000000000000000000e+00
8.775760162819246091e-01 0.000000000000000000e+00
8.788948391104780544e-01 2.000000000000000000e+00
8.802136619390312777e-01 3.000000000000000000e+00
8.815324847675847231e-01 4.000000000000000000e+00
8.828513075961379464e-01 4.000000000000000000e+00
8.841701304246911697e-01 4.000000000000000000e+00
8.854889532532446150e-01 7.000000000000000000e+00
8.868077760817978383e-01 7.000000000000000000e+00
8.881265989103512837e-01 7.000000000000000000e+00
8.894454217389045070e-01 6.000000000000000000e+00
8.907642445674579523e-01 3.000000000000000000e+00
8.920830673960111756e-01 6.000000000000000000e+00
8.934018902245646210e-01 4.000000000000000000e+00
8.947207130531178443e-01 7.000000000000000000e+00
8.960395358816712896e-01 7.000000000000000000e+00
8.973583587102245129e-01 1.000000000000000000e+00
8.986771815387779583e-01 2.000000000000000000e+00
8.999960043673311816e-01 4.000000000000000000e+00
9.013148271958846269e-01 4.000000000000000000e+00
9.026336500244378502e-01 2.000000000000000000e+00
9.039524728529912956e-01 0.000000000000000000e+00
9.052712956815445189e-01 1.000000000000000000e+00
9.065901185100979642e-01 0.000000000000000000e+00
9.079089413386511875e-01 1.000000000000000000e+00
9.092277641672046329e-01 2.000000000000000000e+00
9.105465869957578562e-01 0.000000000000000000e+00
9.118654098243113015e-01 0.000000000000000000e+00
9.131842326528645248e-01 0.000000000000000000e+00
9.145030554814179702e-01 0.000000000000000000e+00
9.158218783099711935e-01 1.000000000000000000e+00
9.171407011385246388e-01 1.000000000000000000e+00
