#     bins                         n
-1.818618984430810659e-01 1.000000000000000000e+00
-1.739833122615810079e-01 2.000000000000000000e+00
-1.661047260800809500e-01 2.000000000000000000e+00
-1.582261398985808920e-01 0.000000000000000000e+00
-1.503475537170808618e-01 3.000000000000000000e+00
-1.424689675355808038e-01 1.000000000000000000e+00
-1.345903813540807459e-01 1.000000000000000000e+00
-1.267117951725806879e-01 2.000000000000000000e+00
-1.188332089910806300e-01 2.000000000000000000e+00
-1.109546228095805720e-01 1.000000000000000000e+00
-1.030760366280805140e-01 3.000000000000000000e+00
-9.519745044658046995e-02 3.000000000000000000e+00
-8.731886426508041199e-02 3.000000000000000000e+00
-7.944027808358035403e-02 0.000000000000000000e+00
-7.156169190208030995e-02 3.000000000000000000e+00
-6.368310572058025198e-02 2.000000000000000000e+00
-5.580451953908019402e-02 4.000000000000000000e+00
-4.792593335758013606e-02 3.000000000000000000e+00
-4.004734717608007810e-02 6.000000000000000000e+00
-3.216876099458002014e-02 2.000000000000000000e+00
-2.429017481307996218e-02 3.000000000000000000e+00
-1.641158863157993197e-02 5.000000000000000000e+00
-8.533002450079874013e-03 4.000000000000000000e+00
-6.544162685798160517e-04 4.000000000000000000e+00
7.224169912920241909e-03 2.000000000000000000e+00
1.510275609442029987e-02 2.000000000000000000e+00
2.298134227592035783e-02 1.000000000000000000e+00
3.085992845742041579e-02 1.000000000000000000e+00
3.873851463892044600e-02 4.000000000000000000e+00
4.661710082042050396e-02 2.000000000000000000e+00
5.449568700192056192e-02 1.000000000000000000e+00
6.237427318342061988e-02 2.000000000000000000e+00
7.025285936492067784e-02 5.000000000000000000e+00
7.813144554642073580e-02 1.000000000000000000e+00
8.601003172792079376e-02 4.000000000000000000e+00
9.388861790942085173e-02 2.000000000000000000e+00
1.017672040909209097e-01 4.000000000000000000e+00
1.096457902724209676e-01 1.000000000000000000e+00
1.175243764539210256e-01 1.000000000000000000e+00
1.254029626354210836e-01 1.000000000000000000e+00
1.332815488169211415e-01 0.000000000000000000e+00
1.411601349984211440e-01 0.000000000000000000e+00
1.490387211799212019e-01 2.000000000000000000e+00
1.569173073614212599e-01 1.000000000000000000e+00
1.647958935429213179e-01 1.000000000000000000e+00
1.726744797244213758e-01 0.000000000000000000e+00
1.805530659059214338e-01 1.000000000000000000e+00
1.884316520874214917e-01 0.000000000000000000e+00
1.963102382689215497e-01 0.000000000000000000e+00
2.041888244504216077e-01 1.000000000000000000e+00
