#     bins                         n
3.009055670350789871e-02 2.500000000000000000e+01
7.804719705134630092e-02 6.300000000000000000e+01
1.260038373991846927e-01 1.040000000000000000e+02
1.739604777470231123e-01 1.470000000000000000e+02
2.219171180948615041e-01 2.060000000000000000e+02
2.698737584426998959e-01 2.280000000000000000e+02
3.178303987905383154e-01 2.320000000000000000e+02
3.657870391383766795e-01 2.770000000000000000e+02
4.137436794862150991e-01 3.050000000000000000e+02
4.617003198340535186e-01 3.350000000000000000e+02
5.096569601818918827e-01 3.360000000000000000e+02
5.576136005297303022e-01 3.900000000000000000e+02
6.055702408775687218e-01 3.970000000000000000e+02
6.535268812254071413e-01 3.810000000000000000e+02
7.014835215732454499e-01 3.920000000000000000e+02
7.494401619210838694e-01 4.060000000000000000e+02
7.973968022689222890e-01 3.980000000000000000e+02
8.453534426167607085e-01 3.950000000000000000e+02
8.933100829645991281e-01 3.830000000000000000e+02
9.412667233124374366e-01 3.690000000000000000e+02
9.892233636602758562e-01 3.740000000000000000e+02
1.037180004008114276e+00 3.160000000000000000e+02
1.085136644355952695e+00 3.190000000000000000e+02
1.133093284703791115e+00 3.080000000000000000e+02
1.181049925051629534e+00 3.000000000000000000e+02
1.229006565399467954e+00 2.720000000000000000e+02
1.276963205747306374e+00 2.970000000000000000e+02
1.324919846095144571e+00 2.490000000000000000e+02
1.372876486442982991e+00 2.130000000000000000e+02
1.420833126790821410e+00 2.100000000000000000e+02
1.468789767138659830e+00 1.960000000000000000e+02
1.516746407486498249e+00 1.790000000000000000e+02
1.564703047834336669e+00 1.380000000000000000e+02
1.612659688182175088e+00 1.510000000000000000e+02
1.660616328530013508e+00 1.240000000000000000e+02
1.708572968877851928e+00 8.400000000000000000e+01
1.756529609225690347e+00 7.200000000000000000e+01
1.804486249573528767e+00 8.100000000000000000e+01
1.852442889921366964e+00 5.600000000000000000e+01
1.900399530269205384e+00 4.500000000000000000e+01
1.948356170617043803e+00 4.600000000000000000e+01
1.996312810964882223e+00 3.000000000000000000e+01
2.044269451312720420e+00 2.800000000000000000e+01
2.092226091660558840e+00 1.200000000000000000e+01
2.140182732008397259e+00 1.400000000000000000e+01
2.188139372356235679e+00 9.000000000000000000e+00
2.236096012704074099e+00 6.000000000000000000e+00
2.284052653051912518e+00 4.000000000000000000e+00
2.332009293399750938e+00 2.000000000000000000e+00
2.379965933747589357e+00 1.000000000000000000e+00
