#     bins                         n
-3.019681515693664497e+00 3.000000000000000000e+00
-2.897913165092468102e+00 7.000000000000000000e+00
-2.776144814491271706e+00 1.200000000000000000e+01
-2.654376463890075755e+00 1.300000000000000000e+01
-2.532608113288879359e+00 1.200000000000000000e+01
-2.410839762687682963e+00 2.900000000000000000e+01
-2.289071412086487012e+00 3.200000000000000000e+01
-2.167303061485290616e+00 5.900000000000000000e+01
-2.045534710884094221e+00 8.200000000000000000e+01
-1.923766360282897825e+00 7.900000000000000000e+01
-1.801998009681701651e+00 1.020000000000000000e+02
-1.680229659080505478e+00 1.250000000000000000e+02
-1.558461308479309082e+00 1.650000000000000000e+02
-1.436692957878112686e+00 1.670000000000000000e+02
-1.314924607276916513e+00 2.340000000000000000e+02
-1.193156256675720339e+00 2.320000000000000000e+02
-1.071387906074523944e+00 2.760000000000000000e+02
-9.496195554733275479e-01 3.080000000000000000e+02
-8.278512048721311523e-01 3.200000000000000000e+02
-7.060828542709352007e-01 3.700000000000000000e+02
-5.843145036697388051e-01 3.960000000000000000e+02
-4.625461530685424094e-01 4.200000000000000000e+02
-3.407778024673464579e-01 5.000000000000000000e+02
-2.190094518661500622e-01 4.320000000000000000e+02
-9.724110126495366657e-02 4.890000000000000000e+02
2.452724933624272907e-02 4.900000000000000000e+02
1.462955999374391247e-01 4.770000000000000000e+02
2.680639505386350763e-01 4.360000000000000000e+02
3.898323011398314719e-01 4.260000000000000000e+02
5.116006517410278676e-01 4.110000000000000000e+02
6.333690023422238191e-01 3.560000000000000000e+02
7.551373529434202148e-01 3.400000000000000000e+02
8.769057035446166104e-01 3.260000000000000000e+02
9.986740541458130060e-01 2.770000000000000000e+02
1.120442404747009402e+00 2.660000000000000000e+02
1.242210755348205797e+00 2.130000000000000000e+02
1.363979105949402193e+00 1.870000000000000000e+02
1.485747456550597700e+00 1.530000000000000000e+02
1.607515807151794096e+00 1.580000000000000000e+02
1.729284157752990492e+00 1.380000000000000000e+02
1.851052508354186887e+00 9.900000000000000000e+01
1.972820858955383283e+00 9.500000000000000000e+01
2.094589209556579679e+00 5.500000000000000000e+01
2.216357560157776074e+00 4.300000000000000000e+01
2.338125910758971582e+00 3.200000000000000000e+01
2.459894261360167977e+00 2.800000000000000000e+01
2.581662611961364373e+00 1.400000000000000000e+01
2.703430962562560769e+00 9.000000000000000000e+00
2.825199313163757164e+00 4.000000000000000000e+00
2.946967663764953560e+00 1.000000000000000000e+00
