#     bins                         n
8.773695506730738725e-01 2.000000000000000000e+00
8.783558124348320728e-01 1.000000000000000000e+00
8.793420741965904952e-01 0.000000000000000000e+00
8.803283359583489176e-01 3.000000000000000000e+00
8.813145977201071180e-01 3.000000000000000000e+00
8.823008594818655403e-01 1.000000000000000000e+00
8.832871212436237407e-01 3.000000000000000000e+00
8.842733830053821631e-01 2.000000000000000000e+00
8.852596447671405855e-01 5.000000000000000000e+00
8.862459065288987858e-01 2.000000000000000000e+00
8.872321682906572082e-01 2.000000000000000000e+00
8.882184300524154086e-01 2.000000000000000000e+00
8.892046918141738310e-01 4.000000000000000000e+00
8.901909535759322534e-01 5.000000000000000000e+00
8.911772153376904537e-01 4.000000000000000000e+00
8.921634770994488761e-01 4.000000000000000000e+00
8.931497388612070765e-01 6.000000000000000000e+00
8.941360006229654989e-01 1.000000000000000000e+00
8.951222623847239213e-01 2.000000000000000000e+00
8.961085241464821216e-01 1.000000000000000000e+00
8.970947859082405440e-01 1.000000000000000000e+00
8.980810476699987444e-01 4.000000000000000000e+00
8.990673094317571667e-01 5.000000000000000000e+00
9.000535711935155891e-01 3.000000000000000000e+00
9.010398329552737895e-01 3.000000000000000000e+00
9.020260947170322119e-01 4.000000000000000000e+00
9.030123564787904122e-01 2.000000000000000000e+00
9.039986182405488346e-01 2.000000000000000000e+00
9.049848800023072570e-01 0.000000000000000000e+00
9.059711417640654574e-01 2.000000000000000000e+00
9.069574035258238798e-01 2.000000000000000000e+00
9.079436652875820801e-01 0.000000000000000000e+00
9.089299270493405025e-01 3.000000000000000000e+00
9.099161888110989249e-01 3.000000000000000000e+00
9.109024505728571253e-01 3.000000000000000000e+00
9.118887123346155477e-01 1.000000000000000000e+00
9.128749740963737480e-01 1.000000000000000000e+00
9.138612358581321704e-01 1.000000000000000000e+00
9.148474976198905928e-01 3.000000000000000000e+00
9.158337593816487932e-01 0.000000000000000000e+00
9.168200211434072155e-01 0.000000000000000000e+00
9.178062829051654159e-01 0.000000000000000000e+00
9.187925446669238383e-01 0.000000000000000000e+00
9.197788064286822607e-01 0.000000000000000000e+00
9.207650681904404610e-01 2.000000000000000000e+00
9.217513299521988834e-01 0.000000000000000000e+00
9.227375917139570838e-01 1.000000000000000000e+00
9.237238534757155062e-01 0.000000000000000000e+00
9.247101152374739286e-01 0.000000000000000000e+00
9.256963769992321289e-01 1.000000000000000000e+00
