#     bins                         n
-3.510382976531982280e+00 1.000000000000000000e+00
-3.372974414825439915e+00 0.000000000000000000e+00
-3.235565853118896662e+00 0.000000000000000000e+00
-3.098157291412353409e+00 4.000000000000000000e+00
-2.960748729705810156e+00 4.000000000000000000e+00
-2.823340167999267791e+00 8.000000000000000000e+00
-2.685931606292724538e+00 1.800000000000000000e+01
-2.548523044586181285e+00 1.900000000000000000e+01
-2.411114482879638921e+00 3.100000000000000000e+01
-2.273705921173095668e+00 5.000000000000000000e+01
-2.136297359466552415e+00 5.400000000000000000e+01
-1.998888797760009828e+00 8.500000000000000000e+01
-1.861480236053466797e+00 8.500000000000000000e+01
-1.724071674346923766e+00 1.370000000000000000e+02
-1.586663112640380957e+00 1.620000000000000000e+02
-1.449254550933837704e+00 1.930000000000000000e+02
-1.311845989227294895e+00 2.380000000000000000e+02
-1.174437427520752086e+00 2.670000000000000000e+02
-1.037028865814208833e+00 3.130000000000000000e+02
-8.996203041076660245e-01 3.680000000000000000e+02
-7.622117424011227715e-01 3.740000000000000000e+02
-6.248031806945799627e-01 4.400000000000000000e+02
-4.873946189880371538e-01 5.100000000000000000e+02
-3.499860572814939008e-01 5.320000000000000000e+02
-2.125774955749510919e-01 5.270000000000000000e+02
-7.516893386840828306e-02 5.520000000000000000e+02
6.223962783813496991e-02 5.470000000000000000e+02
1.996481895446777788e-01 5.170000000000000000e+02
3.370567512512205877e-01 4.980000000000000000e+02
4.744653129577638406e-01 4.530000000000000000e+02
6.118738746643070936e-01 4.440000000000000000e+02
7.492824363708494584e-01 3.990000000000000000e+02
8.866909980773927114e-01 3.230000000000000000e+02
1.024099559783935964e+00 3.240000000000000000e+02
1.161508121490478329e+00 2.720000000000000000e+02
1.298916683197021582e+00 2.340000000000000000e+02
1.436325244903564835e+00 2.150000000000000000e+02
1.573733806610107200e+00 1.740000000000000000e+02
1.711142368316650453e+00 1.280000000000000000e+02
1.848550930023193706e+00 1.080000000000000000e+02
1.985959491729736959e+00 9.000000000000000000e+01
2.123368053436279546e+00 6.200000000000000000e+01
2.260776615142822799e+00 5.500000000000000000e+01
2.398185176849366051e+00 3.400000000000000000e+01
2.535593738555908416e+00 2.300000000000000000e+01
2.673002300262451669e+00 9.000000000000000000e+00
2.810410861968994922e+00 8.000000000000000000e+00
2.947819423675537287e+00 7.000000000000000000e+00
3.085227985382080540e+00 3.000000000000000000e+00
3.222636547088623793e+00 2.000000000000000000e+00
