#     bins                         n
-2.311136432377385586e-01 1.000000000000000000e+00
-2.213227713840958677e-01 0.000000000000000000e+00
-2.115318995304531491e-01 0.000000000000000000e+00
-2.017410276768104582e-01 0.000000000000000000e+00
-1.919501558231677674e-01 1.000000000000000000e+00
-1.821592839695250765e-01 1.000000000000000000e+00
-1.723684121158823579e-01 1.000000000000000000e+00
-1.625775402622396670e-01 2.000000000000000000e+00
-1.527866684085969484e-01 1.000000000000000000e+00
-1.429957965549542576e-01 2.000000000000000000e+00
-1.332049247013115667e-01 1.000000000000000000e+00
-1.234140528476688758e-01 5.000000000000000000e+00
-1.136231809940261572e-01 4.000000000000000000e+00
-1.038323091403834664e-01 3.000000000000000000e+00
-9.404143728674077551e-02 4.000000000000000000e+00
-8.425056543309805690e-02 3.000000000000000000e+00
-7.445969357945536604e-02 3.000000000000000000e+00
-6.466882172581267518e-02 2.000000000000000000e+00
-5.487794987216995657e-02 0.000000000000000000e+00
-4.508707801852726571e-02 2.000000000000000000e+00
-3.529620616488457485e-02 4.000000000000000000e+00
-2.550533431124185624e-02 6.000000000000000000e+00
-1.571446245759916538e-02 1.000000000000000000e+00
-5.923590603956474521e-03 2.000000000000000000e+00
3.867281249686244093e-03 3.000000000000000000e+00
1.365815310332893495e-02 3.000000000000000000e+00
2.344902495697162581e-02 3.000000000000000000e+00
3.323989681061431667e-02 2.000000000000000000e+00
4.303076866425700753e-02 2.000000000000000000e+00
5.282164051789975390e-02 2.000000000000000000e+00
6.261251237154244476e-02 5.000000000000000000e+00
7.240338422518513561e-02 8.000000000000000000e+00
8.219425607882782647e-02 3.000000000000000000e+00
9.198512793247051733e-02 4.000000000000000000e+00
1.017759997861132082e-01 1.000000000000000000e+00
1.115668716397558990e-01 2.000000000000000000e+00
1.213577434933986454e-01 1.000000000000000000e+00
1.311486153470413363e-01 3.000000000000000000e+00
1.409394872006840271e-01 2.000000000000000000e+00
1.507303590543267180e-01 1.000000000000000000e+00
1.605212309079694089e-01 2.000000000000000000e+00
1.703121027616120997e-01 1.000000000000000000e+00
1.801029746152548461e-01 1.000000000000000000e+00
1.898938464688975369e-01 0.000000000000000000e+00
1.996847183225402278e-01 0.000000000000000000e+00
2.094755901761829187e-01 0.000000000000000000e+00
2.192664620298256095e-01 0.000000000000000000e+00
2.290573338834683004e-01 0.000000000000000000e+00
2.388482057371110467e-01 1.000000000000000000e+00
2.486390775907537376e-01 1.000000000000000000e+00
