#     bins                         n
-2.211436356219868282e-01 1.000000000000000000e+00
-2.128221856779994592e-01 2.000000000000000000e+00
-2.045007357340120624e-01 1.000000000000000000e+00
-1.961792857900246656e-01 0.000000000000000000e+00
-1.878578358460372966e-01 1.000000000000000000e+00
-1.795363859020499275e-01 0.000000000000000000e+00
-1.712149359580625307e-01 3.000000000000000000e+00
-1.628934860140751339e-01 1.000000000000000000e+00
-1.545720360700877649e-01 1.000000000000000000e+00
-1.462505861261003959e-01 1.000000000000000000e+00
-1.379291361821129991e-01 1.000000000000000000e+00
-1.296076862381256023e-01 2.000000000000000000e+00
-1.212862362941382333e-01 0.000000000000000000e+00
-1.129647863501508503e-01 2.000000000000000000e+00
-1.046433364061634674e-01 3.000000000000000000e+00
-9.632188646217608452e-02 2.000000000000000000e+00
-8.800043651818870161e-02 0.000000000000000000e+00
-7.967898657420133257e-02 2.000000000000000000e+00
-7.135753663021393578e-02 4.000000000000000000e+00
-6.303608668622653899e-02 5.000000000000000000e+00
-5.471463674223916995e-02 3.000000000000000000e+00
-4.639318679825180092e-02 4.000000000000000000e+00
-3.807173685426440413e-02 2.000000000000000000e+00
-2.975028691027700734e-02 2.000000000000000000e+00
-2.142883696628963830e-02 5.000000000000000000e+00
-1.310738702230226926e-02 4.000000000000000000e+00
-4.785937078314872473e-03 4.000000000000000000e+00
3.535512865672524319e-03 4.000000000000000000e+00
1.185696280965989335e-02 5.000000000000000000e+00
2.017841275364726239e-02 4.000000000000000000e+00
2.849986269763465918e-02 3.000000000000000000e+00
3.682131264162205597e-02 1.000000000000000000e+00
4.514276258560942501e-02 5.000000000000000000e+00
5.346421252959679404e-02 1.000000000000000000e+00
6.178566247358416308e-02 3.000000000000000000e+00
7.010711241757158763e-02 2.000000000000000000e+00
7.842856236155895666e-02 0.000000000000000000e+00
8.675001230554632570e-02 2.000000000000000000e+00
9.507146224953375024e-02 2.000000000000000000e+00
1.033929121935211193e-01 3.000000000000000000e+00
1.117143621375084883e-01 0.000000000000000000e+00
1.200358120814958574e-01 1.000000000000000000e+00
1.283572620254832264e-01 2.000000000000000000e+00
1.366787119694706509e-01 1.000000000000000000e+00
1.450001619134580200e-01 2.000000000000000000e+00
1.533216118574453890e-01 0.000000000000000000e+00
1.616430618014328136e-01 1.000000000000000000e+00
1.699645117454201826e-01 0.000000000000000000e+00
1.782859616894075516e-01 1.000000000000000000e+00
1.866074116333949207e-01 1.000000000000000000e+00
