#     bins                         n
-2.970997660160064946e+00 6.000000000000000000e+00
-2.842322375774383403e+00 8.000000000000000000e+00
-2.713647091388702748e+00 1.300000000000000000e+01
-2.584971807003021205e+00 1.700000000000000000e+01
-2.456296522617340550e+00 3.200000000000000000e+01
-2.327621238231659007e+00 2.600000000000000000e+01
-2.198945953845977463e+00 4.600000000000000000e+01
-2.070270669460296808e+00 7.300000000000000000e+01
-1.941595385074615487e+00 9.500000000000000000e+01
-1.812920100688934388e+00 9.400000000000000000e+01
-1.684244816303253289e+00 1.320000000000000000e+02
-1.555569531917571968e+00 1.650000000000000000e+02
-1.426894247531890869e+00 1.920000000000000000e+02
-1.298218963146209770e+00 2.410000000000000000e+02
-1.169543678760528449e+00 2.580000000000000000e+02
-1.040868394374847350e+00 2.940000000000000000e+02
-9.121931099891662509e-01 3.260000000000000000e+02
-7.835178256034851518e-01 3.490000000000000000e+02
-6.548425412178040528e-01 4.350000000000000000e+02
-5.261672568321229537e-01 4.330000000000000000e+02
-3.974919724464418547e-01 4.740000000000000000e+02
-2.688166880607603115e-01 4.380000000000000000e+02
-1.401414036750792125e-01 4.740000000000000000e+02
-1.146611928939811342e-02 5.090000000000000000e+02
1.172091650962829856e-01 4.860000000000000000e+02
2.458844494819640847e-01 4.760000000000000000e+02
3.745597338676451837e-01 4.830000000000000000e+02
5.032350182533262828e-01 4.090000000000000000e+02
6.319103026390078259e-01 4.430000000000000000e+02
7.605855870246889250e-01 4.100000000000000000e+02
8.892608714103700240e-01 3.490000000000000000e+02
1.017936155796051123e+00 2.880000000000000000e+02
1.146611440181732222e+00 2.410000000000000000e+02
1.275286724567413765e+00 2.380000000000000000e+02
1.403962008953094420e+00 2.170000000000000000e+02
1.532637293338775963e+00 1.790000000000000000e+02
1.661312577724456618e+00 1.310000000000000000e+02
1.789987862110138161e+00 1.160000000000000000e+02
1.918663146495818816e+00 7.800000000000000000e+01
2.047338430881500138e+00 7.200000000000000000e+01
2.176013715267180793e+00 4.500000000000000000e+01
2.304688999652862336e+00 3.900000000000000000e+01
2.433364284038543879e+00 2.500000000000000000e+01
2.562039568424224534e+00 2.200000000000000000e+01
2.690714852809906077e+00 1.500000000000000000e+01
2.819390137195586732e+00 6.000000000000000000e+00
2.948065421581268275e+00 2.000000000000000000e+00
3.076740705966948930e+00 1.000000000000000000e+00
3.205415990352630473e+00 2.000000000000000000e+00
3.334091274738312016e+00 1.000000000000000000e+00
