#     bins                         n
-1.978174394546274306e-01 4.000000000000000000e+00
-1.889174817677123919e-01 0.000000000000000000e+00
-1.800175240807972976e-01 0.000000000000000000e+00
-1.711175663938822034e-01 0.000000000000000000e+00
-1.622176087069671646e-01 0.000000000000000000e+00
-1.533176510200520704e-01 0.000000000000000000e+00
-1.444176933331369761e-01 3.000000000000000000e+00
-1.355177356462219374e-01 0.000000000000000000e+00
-1.266177779593068431e-01 1.000000000000000000e+00
-1.177178202723917905e-01 1.000000000000000000e+00
-1.088178625854767101e-01 4.000000000000000000e+00
-9.991790489856162971e-02 1.000000000000000000e+00
-9.101794721164656321e-02 0.000000000000000000e+00
-8.211798952473149671e-02 4.000000000000000000e+00
-7.321803183781641633e-02 2.000000000000000000e+00
-6.431807415090133595e-02 2.000000000000000000e+00
-5.541811646398626945e-02 4.000000000000000000e+00
-4.651815877707120295e-02 2.000000000000000000e+00
-3.761820109015613645e-02 5.000000000000000000e+00
-2.871824340324104219e-02 8.000000000000000000e+00
-1.981828571632597569e-02 2.000000000000000000e+00
-1.091832802941090919e-02 3.000000000000000000e+00
-2.018370342495814929e-03 7.000000000000000000e+00
6.881587344419251573e-03 2.000000000000000000e+00
1.578154503133431807e-02 1.000000000000000000e+00
2.468150271824938458e-02 3.000000000000000000e+00
3.358146040516445108e-02 2.000000000000000000e+00
4.248141809207954533e-02 3.000000000000000000e+00
5.138137577899461184e-02 3.000000000000000000e+00
6.028133346590967834e-02 2.000000000000000000e+00
6.918129115282477259e-02 5.000000000000000000e+00
7.808124883973981134e-02 2.000000000000000000e+00
8.698120652665490560e-02 3.000000000000000000e+00
9.588116421356999985e-02 1.000000000000000000e+00
1.047811219004850386e-01 3.000000000000000000e+00
1.136810795874001329e-01 1.000000000000000000e+00
1.225810372743151716e-01 2.000000000000000000e+00
1.314809949612302797e-01 2.000000000000000000e+00
1.403809526481453740e-01 4.000000000000000000e+00
1.492809103350604127e-01 1.000000000000000000e+00
1.581808680219755070e-01 2.000000000000000000e+00
1.670808257088906013e-01 1.000000000000000000e+00
1.759807833958056400e-01 0.000000000000000000e+00
1.848807410827207343e-01 1.000000000000000000e+00
1.937806987696358285e-01 1.000000000000000000e+00
2.026806564565508673e-01 0.000000000000000000e+00
2.115806141434659615e-01 0.000000000000000000e+00
2.204805718303810003e-01 0.000000000000000000e+00
2.293805295172960945e-01 0.000000000000000000e+00
2.382804872042111888e-01 2.000000000000000000e+00
