#     bins                         n
-2.998564710617065643e+00 1.000000000000000000e+00
-2.873536081314086665e+00 3.000000000000000000e+00
-2.748507452011108576e+00 5.000000000000000000e+00
-2.623478822708129599e+00 1.600000000000000000e+01
-2.498450193405151509e+00 2.100000000000000000e+01
-2.373421564102172532e+00 2.400000000000000000e+01
-2.248392934799194443e+00 4.700000000000000000e+01
-2.123364305496216353e+00 5.000000000000000000e+01
-1.998335676193237154e+00 8.500000000000000000e+01
-1.873307046890258842e+00 8.000000000000000000e+01
-1.748278417587280309e+00 1.380000000000000000e+02
-1.623249788284301776e+00 1.380000000000000000e+02
-1.498221158981323464e+00 1.720000000000000000e+02
-1.373192529678344931e+00 2.000000000000000000e+02
-1.248163900375366397e+00 2.510000000000000000e+02
-1.123135271072387864e+00 2.740000000000000000e+02
-9.981066417694093307e-01 3.270000000000000000e+02
-8.730780124664307973e-01 3.910000000000000000e+02
-7.480493831634522639e-01 3.700000000000000000e+02
-6.230207538604737305e-01 4.190000000000000000e+02
-4.979921245574951971e-01 4.240000000000000000e+02
-3.729634952545166637e-01 4.130000000000000000e+02
-2.479348659515381303e-01 4.650000000000000000e+02
-1.229062366485595970e-01 4.300000000000000000e+02
2.122392654418492342e-03 4.210000000000000000e+02
1.271510219573970257e-01 4.700000000000000000e+02
2.521796512603755591e-01 4.430000000000000000e+02
3.772082805633540925e-01 4.630000000000000000e+02
5.022369098663326259e-01 4.290000000000000000e+02
6.272655391693111593e-01 4.300000000000000000e+02
7.522941684722896927e-01 3.620000000000000000e+02
8.773227977752682261e-01 3.560000000000000000e+02
1.002351427078246759e+00 3.070000000000000000e+02
1.127380056381224849e+00 2.720000000000000000e+02
1.252408685684203826e+00 2.310000000000000000e+02
1.377437314987181916e+00 1.990000000000000000e+02
1.502465944290160893e+00 1.740000000000000000e+02
1.627494573593138982e+00 1.410000000000000000e+02
1.752523202896117960e+00 1.220000000000000000e+02
1.877551832199096049e+00 9.900000000000000000e+01
2.002580461502074805e+00 7.100000000000000000e+01
2.127609090805052894e+00 5.500000000000000000e+01
2.252637720108031871e+00 4.000000000000000000e+01
2.377666349411009961e+00 3.300000000000000000e+01
2.502694978713988938e+00 2.300000000000000000e+01
2.627723608016967027e+00 1.100000000000000000e+01
2.752752237319946005e+00 1.000000000000000000e+01
2.877780866622924094e+00 3.000000000000000000e+00
3.002809495925902183e+00 1.000000000000000000e+00
3.127838125228881161e+00 1.000000000000000000e+00
