#     bins                         n
-2.862278088561305278e-01 2.000000000000000000e+00
-2.741568130415584781e-01 0.000000000000000000e+00
-2.620858172269864839e-01 0.000000000000000000e+00
-2.500148214124144341e-01 1.000000000000000000e+00
-2.379438255978423844e-01 0.000000000000000000e+00
-2.258728297832703347e-01 0.000000000000000000e+00
-2.138018339686983127e-01 0.000000000000000000e+00
-2.017308381541262907e-01 0.000000000000000000e+00
-1.896598423395542410e-01 1.000000000000000000e+00
-1.775888465249821913e-01 0.000000000000000000e+00
-1.655178507104101693e-01 1.000000000000000000e+00
-1.534468548958381473e-01 2.000000000000000000e+00
-1.413758590812660976e-01 0.000000000000000000e+00
-1.293048632666940478e-01 4.000000000000000000e+00
-1.172338674521220259e-01 4.000000000000000000e+00
-1.051628716375500039e-01 2.000000000000000000e+00
-9.309187582297795416e-02 2.000000000000000000e+00
-8.102088000840590443e-02 2.000000000000000000e+00
-6.894988419383388245e-02 4.000000000000000000e+00
-5.687888837926186048e-02 3.000000000000000000e+00
-4.480789256468981074e-02 1.100000000000000000e+01
-3.273689675011776101e-02 0.000000000000000000e+00
-2.066590093554576679e-02 8.000000000000000000e+00
-8.594905120973717061e-03 3.000000000000000000e+00
3.476090693598332670e-03 8.000000000000000000e+00
1.554708650817038240e-02 1.000000000000000000e+00
2.761808232274243213e-02 4.000000000000000000e+00
3.968907813731442635e-02 7.000000000000000000e+00
5.176007395188647608e-02 2.000000000000000000e+00
6.383106976645852582e-02 2.000000000000000000e+00
7.590206558103052004e-02 4.000000000000000000e+00
8.797306139560256977e-02 2.000000000000000000e+00
1.000440572101746195e-01 4.000000000000000000e+00
1.121150530247466692e-01 2.000000000000000000e+00
1.241860488393187190e-01 4.000000000000000000e+00
1.362570446538907132e-01 1.000000000000000000e+00
1.483280404684627629e-01 0.000000000000000000e+00
1.603990362830348126e-01 0.000000000000000000e+00
1.724700320976068069e-01 1.000000000000000000e+00
1.845410279121788566e-01 1.000000000000000000e+00
1.966120237267509063e-01 3.000000000000000000e+00
2.086830195413229561e-01 0.000000000000000000e+00
2.207540153558950058e-01 2.000000000000000000e+00
2.328250111704670555e-01 1.000000000000000000e+00
2.448960069850389942e-01 0.000000000000000000e+00
2.569670027996110440e-01 0.000000000000000000e+00
2.690379986141830937e-01 0.000000000000000000e+00
2.811089944287551434e-01 0.000000000000000000e+00
2.931799902433271932e-01 0.000000000000000000e+00
3.052509860578992429e-01 1.000000000000000000e+00
