-1.344104934368676618e+00 9.961612669603336911e-01 -1.911872330384872587e+00 -4.325120297626788290e-01 -4.175111055374145508e-01 4.527881638676822112e-02 4.006310552358627319e-02
-1.242164346048362678e+00 -1.221678901448335797e+00 2.293187256564870324e+00 7.302605947980794765e-01 1.511672139167785645e-01 5.725793140835295364e-02 4.441806674003601074e-02
-1.140223757728048515e+00 4.768260175878110685e-01 1.019713585361732511e+00 9.304048050167287309e-01 2.830657362937927246e-01 7.240628114390634806e-02 5.644571781158447266e-02
-1.038283169407734352e+00 4.123225378634682858e-01 4.981671932753869436e-01 1.412015330493926191e-01 -3.170034289360046387e-01 9.156232892349289165e-02 6.874667195712819145e-02
-9.363425810874203004e-01 -3.215250084941168041e-03 -3.039594388983012374e-01 -2.199795368245885119e-01 9.601074457168579102e-02 1.157863647385992262e-01 6.031416711353120019e-02
-8.344019927671061376e-01 1.725289654104430470e-01 -1.436467745213103886e-01 2.872248852637044880e-01 1.355587989091873169e-01 1.464191924452036275e-01 6.200147079209149953e-02
-7.324614044467920859e-01 2.183276854919660170e-01 2.482434891036728718e-03 1.376265314031225040e-01 -2.382173389196395874e-01 1.851563434494690186e-01 6.902065597662404572e-02
-6.305208161264780342e-01 2.062074174215724476e-01 5.178198761331428979e-02 -3.557674299099568005e-01 2.857893407344818115e-01 2.341419246142055766e-01 6.613958279291788644e-02
-5.285802278061638715e-01 1.152015635733253385e-01 -1.010498947565364597e-01 -3.581258620283076510e-01 -3.967949151992797852e-01 2.960872948811820171e-01 5.840429693640358105e-02
-4.266396394858497643e-01 9.620330934155985059e-02 -2.056081954296250236e-01 -1.096156364133262229e-01 3.560551106929779053e-01 3.744211393773482222e-01 5.590444353572054936e-02
-3.246990511655356570e-01 9.111540453733368849e-02 -1.605928013434750334e-01 -1.800126217780556870e-01 -2.232660800218582153e-01 4.734792476282694285e-01 5.547486261793951878e-02
-2.227584628452216053e-01 7.719192809787323029e-02 -2.288878758077656783e-01 -3.175744365948773851e-01 -2.198750078678131104e-01 5.987445001300978342e-01 5.137420848127646766e-02
-1.208178745249074010e-01 5.851452097767961824e-02 -3.990024028379214882e-01 -3.586399396387612293e-01 1.899934411048889160e-01 7.571503465712541292e-01 4.779129355085105779e-02
-1.887728620459337356e-02 5.667296584141401361e-02 -7.408225179634734259e-01 -4.316800302466381467e-01 4.034993797540664673e-02 9.574645732669042619e-01 4.341354106497960497e-02
8.306330211572063305e-02 6.169206421878192792e-02 -1.310706332861338419e+00 -4.622100931003204627e-01 4.939098656177520752e-02 1.210774601388764360e+00 3.902450051180385293e-02
1.850038904360348513e-01 4.317090439160875537e-02 -2.060591894460511053e+00 -3.565879678482914428e-01 -8.577812463045120239e-02 1.531101177316839035e+00 3.494534023990826521e-02
2.869444787563488752e-01 5.774590955345448862e-02 -2.641647386254654339e+00 -2.877474203794259111e-01 -1.213576719164848328e-01 1.936174422962060326e+00 3.300925925330884525e-02
3.888850670766629825e-01 5.033764373395022140e-02 -2.900753156909305464e+00 -3.694067237557924765e-01 -1.748996078968048096e-01 2.448415200556477878e+00 3.052973190814348842e-02
4.908256553969770897e-01 4.670556431507377759e-02 -2.955932103780841480e+00 -5.295185598245718550e-01 3.736970424652099609e-01 3.096176110592845365e+00 2.775368795991964288e-02
5.927662437172912524e-01 5.112947861024019769e-02 -3.011773273244957583e+00 -6.625285829108474855e-01 3.448045253753662109e-01 3.915310812327523315e+00 2.381025922254374066e-02
6.947068320376054151e-01 5.033940897644229029e-02 -3.103280336472696632e+00 -7.507064961132439151e-01 -3.511905968189239502e-01 4.951158528961564720e+00 2.033497271817564372e-02
7.966474203579193558e-01 3.932789958293647636e-02 -3.318445784559195921e+00 -8.147210889960716518e-01 3.956037163734436035e-01 6.261053580146318964e+00 1.673821722962396882e-02
8.985880086782332965e-01 4.430612838771008644e-02 -3.673982394232975235e+00 -6.751354283536975531e-01 -2.269911393523216248e-02 7.917498844797613344e+00 1.387194313447447265e-02
1.000528596998547348e+00 4.357975551114201540e-02 -3.681696534392632447e+00 -5.572325055126027271e-01 8.994642645120620728e-02 1.001217880584030873e+01 1.219163057291198886e-02
1.102469185318861733e+00 4.218092778903936857e-02 -3.308518828482568619e+00 -7.277557096862524721e-01 -1.544485688209533691e-01 1.266103429948531556e+01 1.067893838985996616e-02
1.204409773639175674e+00 4.494327973841338864e-02 -3.136841152390628551e+00 -9.513803177782479414e-01 9.973508119583129883e-02 1.601067985713919839e+01 8.663354860436164873e-03
1.306350361959489836e+00 3.421634947988672071e-02 -3.264639202633291770e+00 -9.489658611329424565e-01 7.209271192550659180e-02 2.024651884074144093e+01 6.832183816525526365e-03
1.408290950279803777e+00 3.215771165009662091e-02 -3.368603932636498044e+00 -9.759202692335685603e-01 2.550826668739318848e-01 2.560300554543366047e+01 5.548937428147919342e-03
1.510231538600117940e+00 4.261458378317017903e-02 -3.421258617710208227e+00 -1.105213290086878075e+00 1.817868649959564209e-01 3.237662227841542517e+01 4.321034855187258321e-03
1.612172126920431880e+00 4.774493204174001804e-02 -3.524460085285054944e+00 -1.102129064445222184e+00 -1.259751319885253906e-01 4.094228969716183286e+01 3.302764755924094721e-03
1.714112715240746043e+00 3.661718929485768825e-02 -3.672281934259494118e+00 -1.074078954858659340e+00 -1.734087765216827393e-01 5.177411872157667005e+01 2.575635480451154286e-03
1.816053303561060206e+00 4.604437962248597582e-02 -3.749484802655669746e+00 -1.052468437670171619e+00 2.013095170259475708e-01 6.547165264139430008e+01 1.994771526464076111e-03
1.917993891881374591e+00 6.717229926457235489e-02 -3.761006830737028572e+00 -1.169258237235383246e+00 -1.730811446905136108e-01 8.279305192323818119e+01 1.571469280018395441e-03
2.019934480201688753e+00 6.553941686152531254e-02 -3.943231493992390035e+00 -1.293120723366964375e+00 -4.157548844814300537e-01 1.046970585011649604e+02 1.152135120017981759e-03
2.121875068522002472e+00 1.143007348360075559e-01 -3.964606265692040221e+00 -1.240725425533192539e+00 1.515846997499465942e-01 1.323960622801936324e+02 8.563729107077352369e-04
2.223815656842316635e+00 2.036538105635071760e-01 -3.726292157190109311e+00 -1.034008102221452230e+00 4.390548467636108398e-01 1.674232070913996608e+02 6.434915607254856245e-04
2.325756245162630798e+00 3.278078305752623045e-01 -3.362186723096391994e+00 3.508338724387599084e-01 -9.301754832267761230e-02 2.117172504228099683e+02 5.270455277140844190e-04
2.427696833482944960e+00 4.505512103894001585e-01 -2.968194276886273464e+00 2.257175085103618084e+00 -4.016126990318298340e-01 2.677298739243742034e+02 7.587020863040144867e-04
2.529637421803259123e+00 4.880577055749293347e-01 -2.945769941225517385e+00 2.620915857712985630e+00 -4.177215993404388428e-01 3.385613843388490523e+02 1.520700345727407253e-03
2.631578010123573286e+00 6.342852818688548000e-01 -3.160537062663300034e+00 1.977175498477379723e+00 1.374343633651733398e-01 4.281323159245788474e+02 2.596729353515126338e-03
2.733518598443887448e+00 7.880334143567127025e-01 -3.192449470356094388e+00 1.455171240647829656e+00 2.769411727786064148e-02 5.414004325888813582e+02 3.847268633367891162e-03
2.835459186764201611e+00 8.752578969512472273e-01 -3.249127589839381436e+00 1.193288287215151122e+00 2.360490709543228149e-01 6.846351408312375497e+02 5.141723423992316903e-03
2.937399775084515774e+00 9.223765582264937812e-01 -3.312848996810502822e+00 1.000776429863999173e+00 2.096899151802062988e-01 8.657645022920406745e+02 6.736611957056519093e-03
3.039340363404829493e+00 9.502097332489433112e-01 -3.442823817514083728e+00 9.277368273590897996e-01 3.544385433197021484e-01 1.094814053101238187e+03 8.225232598929271485e-03
3.141280951725143211e+00 9.697484089223213921e-01 -3.743778871386432616e+00 1.041820835622777830e+00 4.077537059783935547e-01 1.384461718740740707e+03 1.041332943197803909e-02
3.243221540045457374e+00 9.804403355032810241e-01 -3.968214072120108682e+00 1.127199144333779657e+00 -2.684165239334106445e-01 1.750739539037800796e+03 1.341392413871710793e-02
3.345162128365771537e+00 9.861446429805539315e-01 -4.323808322962454653e+00 1.218688597374688820e+00 -3.909347653388977051e-01 2.213921043868364904e+03 1.767682635094508514e-02
3.447102716686085699e+00 9.901314835263363978e-01 -4.934285959091969431e+00 1.373522281239087484e+00 8.135975897312164307e-02 2.799643395942839561e+03 2.376968963401621809e-02
