#     bins                         n
-2.474078418877937724e-01 1.000000000000000000e+00
-2.372172931046830635e-01 0.000000000000000000e+00
-2.270267443215723269e-01 0.000000000000000000e+00
-2.168361955384616180e-01 1.000000000000000000e+00
-2.066456467553509091e-01 0.000000000000000000e+00
-1.964550979722401725e-01 0.000000000000000000e+00
-1.862645491891294636e-01 0.000000000000000000e+00
-1.760740004060187547e-01 0.000000000000000000e+00
-1.658834516229080458e-01 0.000000000000000000e+00
-1.556929028397973092e-01 1.000000000000000000e+00
-1.455023540566866003e-01 2.000000000000000000e+00
-1.353118052735758636e-01 1.000000000000000000e+00
-1.251212564904651547e-01 0.000000000000000000e+00
-1.149307077073544459e-01 3.000000000000000000e+00
-1.047401589242437370e-01 2.000000000000000000e+00
-9.454961014113300033e-02 5.000000000000000000e+00
-8.435906135802229144e-02 3.000000000000000000e+00
-7.416851257491158256e-02 3.000000000000000000e+00
-6.397796379180084592e-02 5.000000000000000000e+00
-5.378741500869013703e-02 3.000000000000000000e+00
-4.359686622557942814e-02 4.000000000000000000e+00
-3.340631744246869150e-02 5.000000000000000000e+00
-2.321576865935798262e-02 2.000000000000000000e+00
-1.302521987624727373e-02 6.000000000000000000e+00
-2.834671093136537090e-03 3.000000000000000000e+00
7.355877689974171796e-03 5.000000000000000000e+00
1.754642647308488068e-02 5.000000000000000000e+00
2.773697525619558957e-02 2.000000000000000000e+00
3.792752403930629845e-02 6.000000000000000000e+00
4.811807282241706285e-02 2.000000000000000000e+00
5.830862160552777174e-02 8.000000000000000000e+00
6.849917038863848062e-02 4.000000000000000000e+00
7.868971917174918951e-02 1.000000000000000000e+00
8.888026795485989839e-02 3.000000000000000000e+00
9.907081673797060728e-02 1.000000000000000000e+00
1.092613655210813162e-01 2.000000000000000000e+00
1.194519143041920806e-01 2.000000000000000000e+00
1.296424630873027894e-01 2.000000000000000000e+00
1.398330118704134983e-01 1.000000000000000000e+00
1.500235606535242072e-01 2.000000000000000000e+00
1.602141094366349161e-01 1.000000000000000000e+00
1.704046582197456250e-01 0.000000000000000000e+00
1.805952070028563894e-01 0.000000000000000000e+00
1.907857557859670983e-01 0.000000000000000000e+00
2.009763045690778072e-01 0.000000000000000000e+00
2.111668533521885160e-01 2.000000000000000000e+00
2.213574021352992249e-01 0.000000000000000000e+00
2.315479509184099338e-01 0.000000000000000000e+00
2.417384997015206982e-01 0.000000000000000000e+00
2.519290484846313793e-01 1.000000000000000000e+00
