#     bins                         n
-3.171128957271576176e+00 3.000000000000000000e+00
-3.043035652637481547e+00 1.000000000000000000e+00
-2.914942348003387806e+00 2.000000000000000000e+00
-2.786849043369293177e+00 2.000000000000000000e+00
-2.658755738735199436e+00 1.200000000000000000e+01
-2.530662434101104807e+00 1.900000000000000000e+01
-2.402569129467010178e+00 3.200000000000000000e+01
-2.274475824832916437e+00 4.300000000000000000e+01
-2.146382520198821808e+00 5.700000000000000000e+01
-2.018289215564728067e+00 6.800000000000000000e+01
-1.890195910930633660e+00 8.200000000000000000e+01
-1.762102606296539253e+00 1.160000000000000000e+02
-1.634009301662445068e+00 1.670000000000000000e+02
-1.505915997028350883e+00 1.740000000000000000e+02
-1.377822692394256476e+00 2.030000000000000000e+02
-1.249729387760162291e+00 2.530000000000000000e+02
-1.121636083126068106e+00 3.090000000000000000e+02
-9.935427784919739214e-01 3.000000000000000000e+02
-8.654494738578797364e-01 3.530000000000000000e+02
-7.373561692237855514e-01 3.500000000000000000e+02
-6.092628645896913664e-01 4.540000000000000000e+02
-4.811695599555967373e-01 4.230000000000000000e+02
-3.530762553215025523e-01 4.440000000000000000e+02
-2.249829506874083673e-01 4.700000000000000000e+02
-9.688964605331418234e-02 4.850000000000000000e+02
3.120365858078000265e-02 4.970000000000000000e+02
1.592969632148741876e-01 4.600000000000000000e+02
2.873902678489683726e-01 4.640000000000000000e+02
4.154835724830630017e-01 4.670000000000000000e+02
5.435768771171571867e-01 3.900000000000000000e+02
6.716701817512513717e-01 3.970000000000000000e+02
7.997634863853455567e-01 3.310000000000000000e+02
9.278567910194397417e-01 3.880000000000000000e+02
1.055950095653534371e+00 2.970000000000000000e+02
1.184043400287628112e+00 2.760000000000000000e+02
1.312136704921722741e+00 2.120000000000000000e+02
1.440230009555816482e+00 2.010000000000000000e+02
1.568323314189911111e+00 1.720000000000000000e+02
1.696416618824004852e+00 1.170000000000000000e+02
1.824509923458099481e+00 1.280000000000000000e+02
1.952603228092193222e+00 7.600000000000000000e+01
2.080696532726287629e+00 6.800000000000000000e+01
2.208789837360382258e+00 4.800000000000000000e+01
2.336883141994475999e+00 3.700000000000000000e+01
2.464976446628570628e+00 2.000000000000000000e+01
2.593069751262664369e+00 1.600000000000000000e+01
2.721163055896758998e+00 4.000000000000000000e+00
2.849256360530852739e+00 5.000000000000000000e+00
2.977349665164947368e+00 3.000000000000000000e+00
3.105442969799041997e+00 2.000000000000000000e+00
