#     bins                         n
-2.591603278009672606e-01 1.000000000000000000e+00
-2.494596007492950185e-01 0.000000000000000000e+00
-2.397588736976227763e-01 1.000000000000000000e+00
-2.300581466459505342e-01 1.000000000000000000e+00
-2.203574195942782921e-01 0.000000000000000000e+00
-2.106566925426060499e-01 0.000000000000000000e+00
-2.009559654909338078e-01 2.000000000000000000e+00
-1.912552384392615656e-01 1.000000000000000000e+00
-1.815545113875893235e-01 2.000000000000000000e+00
-1.718537843359170814e-01 0.000000000000000000e+00
-1.621530572842448392e-01 0.000000000000000000e+00
-1.524523302325725971e-01 1.000000000000000000e+00
-1.427516031809003549e-01 1.000000000000000000e+00
-1.330508761292281128e-01 2.000000000000000000e+00
-1.233501490775558707e-01 0.000000000000000000e+00
-1.136494220258836285e-01 0.000000000000000000e+00
-1.039486949742113864e-01 0.000000000000000000e+00
-9.424796792253914424e-02 1.000000000000000000e+00
-8.454724087086690210e-02 4.000000000000000000e+00
-7.484651381919465996e-02 1.000000000000000000e+00
-6.514578676752241782e-02 6.000000000000000000e+00
-5.544505971585017567e-02 3.000000000000000000e+00
-4.574433266417793353e-02 7.000000000000000000e+00
-3.604360561250569139e-02 5.000000000000000000e+00
-2.634287856083344925e-02 3.000000000000000000e+00
-1.664215150916120711e-02 4.000000000000000000e+00
-6.941424457488964972e-03 5.000000000000000000e+00
2.759302594183277169e-03 5.000000000000000000e+00
1.246002964585551931e-02 4.000000000000000000e+00
2.216075669752776145e-02 3.000000000000000000e+00
3.186148374920000359e-02 5.000000000000000000e+00
4.156221080087224573e-02 3.000000000000000000e+00
5.126293785254448787e-02 5.000000000000000000e+00
6.096366490421673001e-02 2.000000000000000000e+00
7.066439195588897215e-02 3.000000000000000000e+00
8.036511900756121429e-02 3.000000000000000000e+00
9.006584605923345643e-02 0.000000000000000000e+00
9.976657311090569857e-02 4.000000000000000000e+00
1.094673001625779407e-01 5.000000000000000000e+00
1.191680272142501829e-01 1.000000000000000000e+00
1.288687542659224250e-01 0.000000000000000000e+00
1.385694813175946671e-01 2.000000000000000000e+00
1.482702083692669093e-01 1.000000000000000000e+00
1.579709354209391514e-01 1.000000000000000000e+00
1.676716624726113936e-01 0.000000000000000000e+00
1.773723895242836357e-01 0.000000000000000000e+00
1.870731165759558778e-01 0.000000000000000000e+00
1.967738436276281200e-01 0.000000000000000000e+00
2.064745706793003621e-01 0.000000000000000000e+00
2.161752977309726043e-01 2.000000000000000000e+00
