#     bins                         n
-3.225869994163513166e+00 6.000000000000000000e+00
-3.096732678413391060e+00 1.000000000000000000e+00
-2.967595362663268954e+00 3.000000000000000000e+00
-2.838458046913146848e+00 7.000000000000000000e+00
-2.709320731163024742e+00 1.200000000000000000e+01
-2.580183415412902637e+00 1.600000000000000000e+01
-2.451046099662780531e+00 3.800000000000000000e+01
-2.321908783912658425e+00 4.100000000000000000e+01
-2.192771468162536319e+00 4.900000000000000000e+01
-2.063634152412414213e+00 5.900000000000000000e+01
-1.934496836662292329e+00 9.600000000000000000e+01
-1.805359520912170224e+00 9.700000000000000000e+01
-1.676222205162048340e+00 1.350000000000000000e+02
-1.547084889411926234e+00 1.480000000000000000e+02
-1.417947573661804128e+00 1.930000000000000000e+02
-1.288810257911682022e+00 2.130000000000000000e+02
-1.159672942161559916e+00 2.340000000000000000e+02
-1.030535626411437811e+00 3.170000000000000000e+02
-9.013983106613157048e-01 3.360000000000000000e+02
-7.722609949111935990e-01 4.110000000000000000e+02
-6.431236791610714931e-01 4.230000000000000000e+02
-5.139863634109493873e-01 4.250000000000000000e+02
-3.848490476608272814e-01 4.470000000000000000e+02
-2.557117319107051756e-01 4.680000000000000000e+02
-1.265744161605835139e-01 4.870000000000000000e+02
2.562899589538591982e-03 4.930000000000000000e+02
1.317002153396606978e-01 4.820000000000000000e+02
2.608375310897828037e-01 4.880000000000000000e+02
3.899748468399049095e-01 4.670000000000000000e+02
5.191121625900270153e-01 4.590000000000000000e+02
6.482494783401491212e-01 4.090000000000000000e+02
7.773867940902712270e-01 4.280000000000000000e+02
9.065241098403933329e-01 3.680000000000000000e+02
1.035661425590515439e+00 2.950000000000000000e+02
1.164798741340637545e+00 2.660000000000000000e+02
1.293936057090759650e+00 2.250000000000000000e+02
1.423073372840881756e+00 1.870000000000000000e+02
1.552210688591003862e+00 1.500000000000000000e+02
1.681348004341125968e+00 1.140000000000000000e+02
1.810485320091248074e+00 9.900000000000000000e+01
1.939622635841370180e+00 8.500000000000000000e+01
2.068759951591492285e+00 6.800000000000000000e+01
2.197897267341614391e+00 5.500000000000000000e+01
2.327034583091736497e+00 4.300000000000000000e+01
2.456171898841858603e+00 2.100000000000000000e+01
2.585309214591980709e+00 1.400000000000000000e+01
2.714446530342102815e+00 1.600000000000000000e+01
2.843583846092224920e+00 1.200000000000000000e+01
2.972721161842346138e+00 3.000000000000000000e+00
3.101858477592468244e+00 5.000000000000000000e+00
