#     bins                         n
-2.968176729737829200e-01 1.000000000000000000e+00
-2.846370351319225112e-01 0.000000000000000000e+00
-2.724563972900621578e-01 0.000000000000000000e+00
-2.602757594482017489e-01 0.000000000000000000e+00
-2.480951216063413955e-01 1.000000000000000000e+00
-2.359144837644810144e-01 1.000000000000000000e+00
-2.237338459226206333e-01 0.000000000000000000e+00
-2.115532080807602244e-01 0.000000000000000000e+00
-1.993725702388998711e-01 0.000000000000000000e+00
-1.871919323970394622e-01 0.000000000000000000e+00
-1.750112945551791088e-01 0.000000000000000000e+00
-1.628306567133186999e-01 1.000000000000000000e+00
-1.506500188714583188e-01 0.000000000000000000e+00
-1.384693810295979377e-01 0.000000000000000000e+00
-1.262887431877375566e-01 8.000000000000000000e+00
-1.141081053458771755e-01 3.000000000000000000e+00
-1.019274675040167943e-01 3.000000000000000000e+00
-8.974682966215641322e-02 0.000000000000000000e+00
-7.756619182029603210e-02 1.000000000000000000e+00
-6.538555397843565098e-02 4.000000000000000000e+00
-5.320491613657526986e-02 5.000000000000000000e+00
-4.102427829471488874e-02 9.000000000000000000e+00
-2.884364045285447986e-02 3.000000000000000000e+00
-1.666300261099412650e-02 3.000000000000000000e+00
-4.482364769133717619e-03 6.000000000000000000e+00
7.698273072726635746e-03 8.000000000000000000e+00
1.987891091458704462e-02 8.000000000000000000e+00
3.205954875644739799e-02 6.000000000000000000e+00
4.424018659830780686e-02 3.000000000000000000e+00
5.642082444016816023e-02 3.000000000000000000e+00
6.860146228202856911e-02 1.000000000000000000e+00
8.078210012388892247e-02 4.000000000000000000e+00
9.296273796574933135e-02 5.000000000000000000e+00
1.051433758076097402e-01 1.000000000000000000e+00
1.173240136494700936e-01 2.000000000000000000e+00
1.295046514913305025e-01 0.000000000000000000e+00
1.416852893331908558e-01 0.000000000000000000e+00
1.538659271750512647e-01 3.000000000000000000e+00
1.660465650169116181e-01 0.000000000000000000e+00
1.782272028587720269e-01 4.000000000000000000e+00
1.904078407006323803e-01 1.000000000000000000e+00
2.025884785424927892e-01 0.000000000000000000e+00
2.147691163843531426e-01 0.000000000000000000e+00
2.269497542262135514e-01 1.000000000000000000e+00
2.391303920680739603e-01 0.000000000000000000e+00
2.513110299099342582e-01 0.000000000000000000e+00
2.634916677517946670e-01 0.000000000000000000e+00
2.756723055936550759e-01 0.000000000000000000e+00
2.878529434355154848e-01 0.000000000000000000e+00
3.000335812773758937e-01 1.000000000000000000e+00
