#     bins                         n
-1.911086974118053894e-01 1.000000000000000000e+00
-1.813477050179853889e-01 0.000000000000000000e+00
-1.715867126241653884e-01 0.000000000000000000e+00
-1.618257202303453879e-01 0.000000000000000000e+00
-1.520647278365253874e-01 0.000000000000000000e+00
-1.423037354427053869e-01 0.000000000000000000e+00
-1.325427430488853586e-01 1.000000000000000000e+00
-1.227817506550653581e-01 2.000000000000000000e+00
-1.130207582612453715e-01 1.000000000000000000e+00
-1.032597658674253710e-01 1.000000000000000000e+00
-9.349877347360537050e-02 1.000000000000000000e+00
-8.373778107978537000e-02 1.000000000000000000e+00
-7.397678868596535562e-02 1.000000000000000000e+00
-6.421579629214535512e-02 1.000000000000000000e+00
-5.445480389832535462e-02 0.000000000000000000e+00
-4.469381150450535412e-02 3.000000000000000000e+00
-3.493281911068535361e-02 3.000000000000000000e+00
-2.517182671686535311e-02 5.000000000000000000e+00
-1.541083432304535261e-02 4.000000000000000000e+00
-5.649841929225352111e-03 1.000000000000000000e+00
4.111150464594648390e-03 5.000000000000000000e+00
1.387214285841464889e-02 5.000000000000000000e+00
2.363313525223464939e-02 6.000000000000000000e+00
3.339412764605464989e-02 1.000000000000000000e+00
4.315512003987467815e-02 7.000000000000000000e+00
5.291611243369467865e-02 5.000000000000000000e+00
6.267710482751467915e-02 3.000000000000000000e+00
7.243809722133467965e-02 4.000000000000000000e+00
8.219908961515468016e-02 5.000000000000000000e+00
9.196008200897468066e-02 1.000000000000000000e+00
1.017210744027946812e-01 2.000000000000000000e+00
1.114820667966146817e-01 0.000000000000000000e+00
1.212430591904346822e-01 3.000000000000000000e+00
1.310040515842546827e-01 1.000000000000000000e+00
1.407650439780746832e-01 3.000000000000000000e+00
1.505260363718946837e-01 5.000000000000000000e+00
1.602870287657146842e-01 4.000000000000000000e+00
1.700480211595346847e-01 3.000000000000000000e+00
1.798090135533546852e-01 1.000000000000000000e+00
1.895700059471746857e-01 3.000000000000000000e+00
1.993309983409946862e-01 1.000000000000000000e+00
2.090919907348146867e-01 0.000000000000000000e+00
2.188529831286346872e-01 0.000000000000000000e+00
2.286139755224546877e-01 1.000000000000000000e+00
2.383749679162746882e-01 1.000000000000000000e+00
2.481359603100946887e-01 0.000000000000000000e+00
2.578969527039146614e-01 1.000000000000000000e+00
2.676579450977346619e-01 1.000000000000000000e+00
2.774189374915547734e-01 1.000000000000000000e+00
2.871799298853747739e-01 1.000000000000000000e+00
