#     bins                         n
4.159139359369874028e-02 4.900000000000000000e+01
8.977105883881450477e-02 1.050000000000000000e+02
1.379507240839302484e-01 1.200000000000000000e+02
1.861303893290460199e-01 1.850000000000000000e+02
2.343100545741617635e-01 2.120000000000000000e+02
2.824897198192775072e-01 2.440000000000000000e+02
3.306693850643933064e-01 2.500000000000000000e+02
3.788490503095090500e-01 3.080000000000000000e+02
4.270287155546247937e-01 3.560000000000000000e+02
4.752083807997405374e-01 3.830000000000000000e+02
5.233880460448563365e-01 3.600000000000000000e+02
5.715677112899720802e-01 3.560000000000000000e+02
6.197473765350879349e-01 3.670000000000000000e+02
6.679270417802036786e-01 4.040000000000000000e+02
7.161067070253194222e-01 3.850000000000000000e+02
7.642863722704351659e-01 3.640000000000000000e+02
8.124660375155509096e-01 3.600000000000000000e+02
8.606457027606666532e-01 3.340000000000000000e+02
9.088253680057823969e-01 3.560000000000000000e+02
9.570050332508981406e-01 3.560000000000000000e+02
1.005184698496013773e+00 3.650000000000000000e+02
1.053364363741129628e+00 3.520000000000000000e+02
1.101544028986245261e+00 3.250000000000000000e+02
1.149723694231361115e+00 3.050000000000000000e+02
1.197903359476476970e+00 2.860000000000000000e+02
1.246083024721592603e+00 2.330000000000000000e+02
1.294262689966708457e+00 2.530000000000000000e+02
1.342442355211824090e+00 2.440000000000000000e+02
1.390622020456939945e+00 2.260000000000000000e+02
1.438801685702055577e+00 1.880000000000000000e+02
1.486981350947171432e+00 1.880000000000000000e+02
1.535161016192287065e+00 1.710000000000000000e+02
1.583340681437402919e+00 1.550000000000000000e+02
1.631520346682518774e+00 1.240000000000000000e+02
1.679700011927634407e+00 1.310000000000000000e+02
1.727879677172750261e+00 1.090000000000000000e+02
1.776059342417865894e+00 7.500000000000000000e+01
1.824239007662981749e+00 7.300000000000000000e+01
1.872418672908097381e+00 5.800000000000000000e+01
1.920598338153213236e+00 5.100000000000000000e+01
1.968778003398328869e+00 3.700000000000000000e+01
2.016957668643444723e+00 3.200000000000000000e+01
2.065137333888560800e+00 1.600000000000000000e+01
2.113316999133676433e+00 1.600000000000000000e+01
2.161496664378792065e+00 8.000000000000000000e+00
2.209676329623908142e+00 9.000000000000000000e+00
2.257855994869023775e+00 6.000000000000000000e+00
2.306035660114139407e+00 4.000000000000000000e+00
2.354215325359255484e+00 1.000000000000000000e+00
2.402394990604371117e+00 2.000000000000000000e+00
