#     bins                         n
-3.174278528690337886e+00 3.000000000000000000e+00
-3.042185637950897359e+00 4.000000000000000000e+00
-2.910092747211455944e+00 1.000000000000000000e+01
-2.777999856472015416e+00 1.200000000000000000e+01
-2.645906965732574001e+00 1.900000000000000000e+01
-2.513814074993133474e+00 2.700000000000000000e+01
-2.381721184253692947e+00 2.800000000000000000e+01
-2.249628293514251531e+00 3.900000000000000000e+01
-2.117535402774811004e+00 6.000000000000000000e+01
-1.985442512035369811e+00 8.000000000000000000e+01
-1.853349621295928840e+00 9.300000000000000000e+01
-1.721256730556488090e+00 1.320000000000000000e+02
-1.589163839817047119e+00 1.580000000000000000e+02
-1.457070949077606148e+00 1.840000000000000000e+02
-1.324978058338165399e+00 2.260000000000000000e+02
-1.192885167598724427e+00 2.580000000000000000e+02
-1.060792276859283456e+00 3.000000000000000000e+02
-9.286993861198424849e-01 3.600000000000000000e+02
-7.966064953804015136e-01 3.950000000000000000e+02
-6.645136046409605424e-01 4.240000000000000000e+02
-5.324207139015195711e-01 4.410000000000000000e+02
-4.003278231620790439e-01 4.880000000000000000e+02
-2.682349324226380727e-01 4.590000000000000000e+02
-1.361420416831971014e-01 4.890000000000000000e+02
-4.049150943756130161e-03 5.020000000000000000e+02
1.280437397956848411e-01 4.990000000000000000e+02
2.601366305351258124e-01 4.660000000000000000e+02
3.922295212745667836e-01 4.900000000000000000e+02
5.243224120140073108e-01 4.640000000000000000e+02
6.564153027534482820e-01 4.040000000000000000e+02
7.885081934928892533e-01 4.020000000000000000e+02
9.206010842323306687e-01 3.740000000000000000e+02
1.052693974971771196e+00 2.970000000000000000e+02
1.184786865711211723e+00 2.730000000000000000e+02
1.316879756450653138e+00 2.240000000000000000e+02
1.448972647190093666e+00 1.900000000000000000e+02
1.581065537929535081e+00 1.560000000000000000e+02
1.713158428668975608e+00 1.100000000000000000e+02
1.845251319408417023e+00 9.200000000000000000e+01
1.977344210147857551e+00 8.100000000000000000e+01
2.109437100887299188e+00 5.500000000000000000e+01
2.241529991626739715e+00 5.600000000000000000e+01
2.373622882366180242e+00 3.400000000000000000e+01
2.505715773105621658e+00 1.900000000000000000e+01
2.637808663845062185e+00 2.000000000000000000e+01
2.769901554584503600e+00 7.000000000000000000e+00
2.901994445323944127e+00 3.000000000000000000e+00
3.034087336063385543e+00 3.000000000000000000e+00
3.166180226802826070e+00 3.000000000000000000e+00
3.298273117542266597e+00 1.000000000000000000e+00
