#     bins                         n
-2.342991541766163421e-01 1.000000000000000000e+00
-2.260126330839612452e-01 2.000000000000000000e+00
-2.177261119913060927e-01 1.000000000000000000e+00
-2.094395908986509958e-01 0.000000000000000000e+00
-2.011530698059958433e-01 0.000000000000000000e+00
-1.928665487133406908e-01 1.000000000000000000e+00
-1.845800276206855939e-01 0.000000000000000000e+00
-1.762935065280304414e-01 1.000000000000000000e+00
-1.680069854353753445e-01 1.000000000000000000e+00
-1.597204643427201920e-01 1.000000000000000000e+00
-1.514339432500650950e-01 0.000000000000000000e+00
-1.431474221574099426e-01 2.000000000000000000e+00
-1.348609010647547901e-01 1.000000000000000000e+00
-1.265743799720996932e-01 1.000000000000000000e+00
-1.182878588794445546e-01 2.000000000000000000e+00
-1.100013377867894299e-01 1.000000000000000000e+00
-1.017148166941343052e-01 2.000000000000000000e+00
-9.342829560147918044e-02 0.000000000000000000e+00
-8.514177450882405573e-02 3.000000000000000000e+00
-7.685525341616893102e-02 2.000000000000000000e+00
-6.856873232351380631e-02 5.000000000000000000e+00
-6.028221123085865385e-02 4.000000000000000000e+00
-5.199569013820352914e-02 5.000000000000000000e+00
-4.370916904554840443e-02 2.000000000000000000e+00
-3.542264795289327972e-02 3.000000000000000000e+00
-2.713612686023815501e-02 2.000000000000000000e+00
-1.884960576758303030e-02 2.000000000000000000e+00
-1.056308467492790559e-02 2.000000000000000000e+00
-2.276563582272753128e-03 5.000000000000000000e+00
6.009957510382371582e-03 2.000000000000000000e+00
1.429647860303749629e-02 3.000000000000000000e+00
2.258299969569259324e-02 3.000000000000000000e+00
3.086952078834774571e-02 7.000000000000000000e+00
3.915604188100289818e-02 1.000000000000000000e+00
4.744256297365799513e-02 3.000000000000000000e+00
5.572908406631314759e-02 1.000000000000000000e+00
6.401560515896824455e-02 3.000000000000000000e+00
7.230212625162339701e-02 2.000000000000000000e+00
8.058864734427849397e-02 5.000000000000000000e+00
8.887516843693364643e-02 5.000000000000000000e+00
9.716168952958874339e-02 2.000000000000000000e+00
1.054482106222438959e-01 0.000000000000000000e+00
1.137347317148990483e-01 0.000000000000000000e+00
1.220212528075541453e-01 3.000000000000000000e+00
1.303077739002093116e-01 3.000000000000000000e+00
1.385942949928644086e-01 0.000000000000000000e+00
1.468808160855195610e-01 2.000000000000000000e+00
1.551673371781746580e-01 2.000000000000000000e+00
1.634538582708298105e-01 0.000000000000000000e+00
1.717403793634849629e-01 1.000000000000000000e+00
