-1.209887245374729803e+00 -2.070189201572335325e+00 1.496161811731870905e+00 -9.915710646451778576e-01 -5.201522840393913577e-02 6.167551074285726465e-02 2.920543816354539621e-02
-1.127554500191670472e+00 2.302638232055380652e-01 -1.024818032070419077e-01 8.528403481888109372e-01 3.258999685446421074e-02 7.454963128344785361e-02 3.759896506865818833e-02
-1.045221755008611364e+00 -4.047036459187536295e-01 1.045641193297557781e+00 1.343112741787745312e+00 -1.395043849945068470e-02 9.011109040781901947e-02 4.035497665405273632e-02
-9.628890098255522556e-01 -1.046799267767557495e-01 3.352931618007784498e-01 1.123416764624022512e+00 -1.126340490121107915e-02 1.089208420577260084e-01 6.256626202509953105e-02
-8.805562646424931472e-01 1.920309890526047392e-01 -5.321290738856854219e-01 -5.539025165738663964e-02 2.585510597672573477e-02 1.316569334681435277e-01 6.178528763527094125e-02
-7.982235194594338168e-01 1.078081862650620559e-01 -3.067029632635958625e-01 -1.924203584741346895e-01 2.182310546627481366e-03 1.591389471727433225e-01 6.126597455439676543e-02
-7.158907742763745974e-01 9.754564337459903367e-02 -3.356599319633224443e-01 8.809187857325727344e-02 -1.074524972006238310e-02 1.923575450234606410e-01 5.743810194957105209e-02
-6.335580290933154890e-01 2.251345554468358046e-01 -4.145241876207783061e-01 -1.870792685331720134e-02 -1.200380671623698867e-02 2.325101792164560588e-01 6.334685213738980303e-02
-5.512252839102562696e-01 1.301026149986155289e-01 -3.921926580656943939e-02 -3.809897443480264601e-01 -1.304296274033803823e-03 2.810442576228296963e-01 5.703212193080357123e-02
-4.688925387271970502e-01 1.074124599325462226e-01 -2.520004238654212636e-01 -1.032650115755167491e-01 -3.505373695943307753e-03 3.397093194325712107e-01 5.482632996606045389e-02
-3.865597935441379418e-01 1.231290013178518716e-01 -1.962925252045318036e-01 -1.634482908300144421e-02 1.045572249878682454e-03 4.106201019207956771e-01 5.484226038637717016e-02
-3.042270483610787224e-01 1.057074070127070886e-01 -8.185371698165812282e-02 -9.961766541041569556e-02 -5.772918134430575325e-03 4.963327717446144316e-01 5.448760842241354152e-02
-2.218943031780194752e-01 1.195304546535539414e-01 -2.408549327599910361e-01 -3.558759286222947238e-01 -4.078485845458260442e-03 5.999370687293071880e-01 5.280946341041995590e-02
-1.395615579949603946e-01 6.023144060783247600e-02 -3.609922651233217761e-01 -3.997379016236223270e-01 3.660841184336378375e-03 7.251676837102158935e-01 4.760989919222448352e-02
-5.722881281190112662e-02 8.108568912444480414e-02 -5.541581122691097150e-01 -3.843451108318811094e-01 -1.161233232896703672e-03 8.765388853391766766e-01 4.538253143194003608e-02
2.510393237115809625e-02 6.307426420950767998e-02 -8.568911848614411131e-01 -5.253502221446613163e-01 -6.414986366100055995e-04 1.059507248834704818e+00 4.115369984942435916e-02
1.074366775542173053e-01 4.560625952920027704e-02 -1.366712041226973540e+00 -4.668487938156175576e-01 -1.890434888241261874e-03 1.280668352664026122e+00 3.718618839148599142e-02
1.897694227372765385e-01 5.187365212945083126e-02 -1.993938274356809925e+00 -4.040875859238339807e-01 5.407564750229660417e-04 1.547994533608959333e+00 3.447743911516729792e-02
2.721021679203355914e-01 4.306692774495501919e-02 -2.521345190781837609e+00 -3.237003072593564457e-01 2.460146303062976539e-05 1.871122270725672276e+00 3.190379783812301306e-02
3.544349131033948108e-01 5.304436347164886989e-02 -2.843728466663180576e+00 -2.998256380946087707e-01 1.441946123715285568e-03 2.261699557713046538e+00 3.049528737896472358e-02
4.367676582864540302e-01 5.627250320315968501e-02 -2.945487912988278278e+00 -3.911947835610568580e-01 -2.612758761877915863e-04 2.733805785645180286e+00 2.847550592662445243e-02
5.191004034695131386e-01 6.667382638411878393e-02 -2.947063927971605768e+00 -5.495608060655193805e-01 -1.218525080780408221e-03 3.304459271851388102e+00 2.629156568724141593e-02
6.014331486525723580e-01 5.197901754813138986e-02 -3.003555247713941334e+00 -6.790014939543739247e-01 -1.289171021070525621e-04 3.994230730164179732e+00 2.311946336838362898e-02
6.837658938356316884e-01 5.268489155343625274e-02 -3.097327303438671908e+00 -6.998661891367622401e-01 1.012396029119420676e-03 4.827984796692443403e+00 2.032396019004720916e-02
7.660986390186907968e-01 6.051528722897348000e-02 -3.196401207716165871e+00 -8.187379070105963441e-01 6.462464048599394703e-04 5.835776341377064469e+00 1.773102900029522450e-02
8.484313842017499052e-01 6.015326077759663992e-02 -3.484938823428949117e+00 -7.857911175385576819e-01 2.679517766996821616e-06 7.053933875249061458e+00 1.490014369179264858e-02
9.307641293848092356e-01 6.299274044122038507e-02 -3.786003900519934628e+00 -6.148414146255551938e-01 5.290880503121811115e-04 8.526369107669555802e+00 1.316258717257459340e-02
1.013096874567868344e+00 5.783807972915178119e-02 -3.679460936974218388e+00 -5.525165839905202825e-01 -5.734287345923143450e-04 1.030615986000504236e+01 1.180177399431842078e-02
1.095429619750927452e+00 4.927534190250371093e-02 -3.334913440047680311e+00 -6.840717949880175119e-01 -1.075342012105224556e-03 1.245746339604697184e+01 1.067482701881063319e-02
1.177762364933986783e+00 3.707458038304711767e-02 -3.122364739688030966e+00 -8.998535852286958514e-01 4.596792572402311791e-04 1.505782914022976193e+01 9.105510007308170381e-03
1.260095110117045891e+00 4.757822067873029859e-02 -3.179142155471633924e+00 -1.014241474710656954e+00 -1.755692326751045378e-04 1.820099415169074675e+01 7.589025538662524419e-03
1.342427855300105000e+00 3.055215507133857145e-02 -3.333515288051861258e+00 -9.486498516005356096e-01 -3.864920979955992100e-04 2.200026212442638140e+01 6.198601345947058090e-03
1.424760600483164330e+00 3.147831837336512173e-02 -3.363884487008368840e+00 -9.939435139639316574e-01 -1.004431184519260622e-03 2.659258771854003456e+01 5.296343223715896734e-03
1.507093345666223438e+00 1.531924895412184462e-02 -3.379759805072067191e+00 -1.190190865761927119e+00 -9.925504315449612536e-04 3.214351345310091546e+01 4.252315799979670616e-03
1.589426090849282547e+00 1.273401334013990471e-02 -3.591950069116572664e+00 -1.034578746403123750e+00 -1.293951344279382345e-03 3.885313712397161368e+01 3.372816849383865161e-03
1.671758836032341877e+00 2.194596595268327732e-02 -3.648955044709843332e+00 -1.000371687347340055e+00 -1.083887461572885557e-03 4.696332485795863221e+01 2.872540056705475200e-03
1.754091581215401208e+00 2.778741420821517760e-02 -3.614280552182876693e+00 -1.118342561125045043e+00 -1.688642141895576850e-03 5.676642981689559520e+01 2.308160817544499185e-03
1.836424326398460316e+00 3.468084321353681609e-02 -3.752237826422257783e+00 -1.055314992348347358e+00 -1.538628811828895342e-03 6.861583084040191238e+01 1.879808752121653326e-03
1.918757071581519424e+00 7.576220798962662872e-02 -3.948102280698013278e+00 -9.750072269155033444e-01 -9.822656164405929764e-04 8.293867092056143520e+01 1.547006375924240597e-03
2.001089816764578977e+00 8.795218057337428341e-02 -3.778289672196407434e+00 -1.134352194073269926e+00 4.823764852893956548e-04 1.002512547005238162e+02 1.298863833476434932e-03
2.083422561947637863e+00 9.288981418411679236e-02 -3.699408169348761710e+00 -1.120791031058477660e+00 -1.508718848781202533e-04 1.211776600405794113e+02 1.006244323353126281e-03
2.165755307130697194e+00 1.478200346655935693e-01 -4.137004755462664995e+00 -1.108018908013776560e+00 -1.338649520557888377e-03 1.464722345548212843e+02 8.491961556464488331e-04
2.248088052313756080e+00 1.450637497925189034e-01 -4.168376635293708610e+00 -1.573104466981770866e+00 -2.782483963550280021e-03 1.770467880655403121e+02 6.610753544376032995e-04
2.330420797496815410e+00 6.999008708363174680e-02 -3.962757823119625211e+00 -1.756141055830769737e+00 -2.654874083345819605e-03 2.140034611992789451e+02 4.677049873079913776e-04
2.412753542679874741e+00 7.944057339813892504e-02 -3.607150652368813049e+00 -1.237737545258418281e+00 3.826323106916864540e-04 2.586744549599944207e+02 3.396840371207455328e-04
2.495086287862933627e+00 1.446100747239619233e-01 -2.968554802205589649e+00 6.012781068771140269e-01 4.891604292693981816e-03 3.126700534368533795e+02 2.925225436041932101e-04
