#     bins                         n
2.954459055326879094e-02 2.100000000000000000e+01
7.574175451882184107e-02 6.400000000000000000e+01
1.219389184843748808e-01 8.600000000000000000e+01
1.681360824499279483e-01 1.280000000000000000e+02
2.143332464154809880e-01 1.700000000000000000e+02
2.605304103810340277e-01 1.810000000000000000e+02
3.067275743465870952e-01 2.040000000000000000e+02
3.529247383121401072e-01 2.590000000000000000e+02
3.991219022776931746e-01 2.780000000000000000e+02
4.453190662432462421e-01 3.160000000000000000e+02
4.915162302087992541e-01 3.080000000000000000e+02
5.377133941743522660e-01 2.960000000000000000e+02
5.839105581399053335e-01 3.600000000000000000e+02
6.301077221054584010e-01 3.580000000000000000e+02
6.763048860710113575e-01 3.630000000000000000e+02
7.225020500365644249e-01 3.820000000000000000e+02
7.686992140021174924e-01 3.750000000000000000e+02
8.148963779676705599e-01 3.730000000000000000e+02
8.610935419332236274e-01 4.010000000000000000e+02
9.072907058987765838e-01 3.840000000000000000e+02
9.534878698643296513e-01 3.690000000000000000e+02
9.996850338298827188e-01 3.410000000000000000e+02
1.045882197795435786e+00 3.700000000000000000e+02
1.092079361760988743e+00 3.330000000000000000e+02
1.138276525726541921e+00 3.560000000000000000e+02
1.184473689692094878e+00 3.020000000000000000e+02
1.230670853657648056e+00 3.140000000000000000e+02
1.276868017623201013e+00 2.780000000000000000e+02
1.323065181588753969e+00 2.660000000000000000e+02
1.369262345554307148e+00 2.400000000000000000e+02
1.415459509519860104e+00 2.100000000000000000e+02
1.461656673485413283e+00 1.870000000000000000e+02
1.507853837450966239e+00 1.610000000000000000e+02
1.554051001416519195e+00 1.590000000000000000e+02
1.600248165382072374e+00 1.340000000000000000e+02
1.646445329347625330e+00 1.130000000000000000e+02
1.692642493313178509e+00 8.900000000000000000e+01
1.738839657278731465e+00 8.700000000000000000e+01
1.785036821244284422e+00 6.400000000000000000e+01
1.831233985209837600e+00 6.000000000000000000e+01
1.877431149175390557e+00 4.400000000000000000e+01
1.923628313140943735e+00 3.500000000000000000e+01
1.969825477106496692e+00 2.600000000000000000e+01
2.016022641072049648e+00 1.500000000000000000e+01
2.062219805037603049e+00 1.500000000000000000e+01
2.108416969003156005e+00 1.000000000000000000e+01
2.154614132968708962e+00 5.000000000000000000e+00
2.200811296934262362e+00 1.000000000000000000e+00
2.247008460899815319e+00 0.000000000000000000e+00
2.293205624865368275e+00 1.000000000000000000e+00
