#     bins                         n
8.711880150386589472e-01 2.000000000000000000e+00
8.722684373376273781e-01 2.000000000000000000e+00
8.733488596365956980e-01 0.000000000000000000e+00
8.744292819355641289e-01 1.000000000000000000e+00
8.755097042345324487e-01 0.000000000000000000e+00
8.765901265335008796e-01 1.000000000000000000e+00
8.776705488324691995e-01 2.000000000000000000e+00
8.787509711314376304e-01 0.000000000000000000e+00
8.798313934304059503e-01 1.000000000000000000e+00
8.809118157293743812e-01 4.000000000000000000e+00
8.819922380283427010e-01 0.000000000000000000e+00
8.830726603273111319e-01 1.000000000000000000e+00
8.841530826262794518e-01 2.000000000000000000e+00
8.852335049252478827e-01 3.000000000000000000e+00
8.863139272242162026e-01 1.000000000000000000e+00
8.873943495231846335e-01 2.000000000000000000e+00
8.884747718221529533e-01 4.000000000000000000e+00
8.895551941211213842e-01 1.000000000000000000e+00
8.906356164200897041e-01 3.000000000000000000e+00
8.917160387190581350e-01 5.000000000000000000e+00
8.927964610180264549e-01 0.000000000000000000e+00
8.938768833169948858e-01 8.000000000000000000e+00
8.949573056159632056e-01 6.000000000000000000e+00
8.960377279149316365e-01 7.000000000000000000e+00
8.971181502138999564e-01 4.000000000000000000e+00
8.981985725128683873e-01 2.000000000000000000e+00
8.992789948118368182e-01 4.000000000000000000e+00
9.003594171108051381e-01 6.000000000000000000e+00
9.014398394097735689e-01 5.000000000000000000e+00
9.025202617087418888e-01 5.000000000000000000e+00
9.036006840077103197e-01 2.000000000000000000e+00
9.046811063066786396e-01 6.000000000000000000e+00
9.057615286056470705e-01 3.000000000000000000e+00
9.068419509046153903e-01 1.000000000000000000e+00
9.079223732035838212e-01 0.000000000000000000e+00
9.090027955025521411e-01 0.000000000000000000e+00
9.100832178015205720e-01 1.000000000000000000e+00
9.111636401004888919e-01 1.000000000000000000e+00
9.122440623994573228e-01 1.000000000000000000e+00
9.133244846984256426e-01 1.000000000000000000e+00
9.144049069973940735e-01 0.000000000000000000e+00
9.154853292963623934e-01 0.000000000000000000e+00
9.165657515953308243e-01 0.000000000000000000e+00
9.176461738942991442e-01 0.000000000000000000e+00
9.187265961932675751e-01 1.000000000000000000e+00
9.198070184922358949e-01 0.000000000000000000e+00
9.208874407912043258e-01 0.000000000000000000e+00
9.219678630901726457e-01 0.000000000000000000e+00
9.230482853891410766e-01 0.000000000000000000e+00
9.241287076881093965e-01 1.000000000000000000e+00
