#     bins                         n
-2.794639009778037142e-01 1.000000000000000000e+00
-2.700513061524736358e-01 0.000000000000000000e+00
-2.606387113271436684e-01 0.000000000000000000e+00
-2.512261165018137010e-01 0.000000000000000000e+00
-2.418135216764836504e-01 0.000000000000000000e+00
-2.324009268511536552e-01 0.000000000000000000e+00
-2.229883320258236601e-01 1.000000000000000000e+00
-2.135757372004936372e-01 0.000000000000000000e+00
-2.041631423751636421e-01 0.000000000000000000e+00
-1.947505475498336469e-01 2.000000000000000000e+00
-1.853379527245036240e-01 0.000000000000000000e+00
-1.759253578991736289e-01 1.000000000000000000e+00
-1.665127630738436337e-01 4.000000000000000000e+00
-1.571001682485136108e-01 1.000000000000000000e+00
-1.476875734231836157e-01 0.000000000000000000e+00
-1.382749785978535928e-01 4.000000000000000000e+00
-1.288623837725235977e-01 1.000000000000000000e+00
-1.194497889471936025e-01 2.000000000000000000e+00
-1.100371941218635796e-01 3.000000000000000000e+00
-1.006245992965335845e-01 6.000000000000000000e+00
-9.121200447120356158e-02 4.000000000000000000e+00
-8.179940964587356644e-02 3.000000000000000000e+00
-7.238681482054357130e-02 2.000000000000000000e+00
-6.297421999521354841e-02 2.000000000000000000e+00
-5.356162516988355327e-02 4.000000000000000000e+00
-4.414903034455355813e-02 2.000000000000000000e+00
-3.473643551922353523e-02 2.000000000000000000e+00
-2.532384069389351233e-02 1.000000000000000000e+00
-1.591124586856354495e-02 6.000000000000000000e+00
-6.498651043233522051e-03 2.000000000000000000e+00
2.913943782096500845e-03 4.000000000000000000e+00
1.232653860742646823e-02 2.000000000000000000e+00
2.173913343275649113e-02 1.000000000000000000e+00
3.115172825808651402e-02 5.000000000000000000e+00
4.056432308341648141e-02 7.000000000000000000e+00
4.997691790874650430e-02 2.000000000000000000e+00
5.938951273407652720e-02 1.000000000000000000e+00
6.880210755940649459e-02 7.000000000000000000e+00
7.821470238473651748e-02 2.000000000000000000e+00
8.762729721006654038e-02 0.000000000000000000e+00
9.703989203539656327e-02 4.000000000000000000e+00
1.064524868607265307e-01 1.000000000000000000e+00
1.158650816860565536e-01 1.000000000000000000e+00
1.252776765113865765e-01 0.000000000000000000e+00
1.346902713367165438e-01 2.000000000000000000e+00
1.441028661620465667e-01 1.000000000000000000e+00
1.535154609873765896e-01 0.000000000000000000e+00
1.629280558127065570e-01 3.000000000000000000e+00
1.723406506380365799e-01 2.000000000000000000e+00
1.817532454633666028e-01 1.000000000000000000e+00
