#     bins                         n
-3.426403789520263921e+00 1.000000000000000000e+00
-3.289385166168212749e+00 1.000000000000000000e+00
-3.152366542816162465e+00 2.000000000000000000e+00
-3.015347919464111293e+00 5.000000000000000000e+00
-2.878329296112061009e+00 8.000000000000000000e+00
-2.741310672760009837e+00 2.400000000000000000e+01
-2.604292049407958665e+00 3.300000000000000000e+01
-2.467273426055908381e+00 2.800000000000000000e+01
-2.330254802703857209e+00 3.800000000000000000e+01
-2.193236179351806925e+00 5.100000000000000000e+01
-2.056217555999755753e+00 7.600000000000000000e+01
-1.919198932647705025e+00 1.190000000000000000e+02
-1.782180309295654297e+00 1.060000000000000000e+02
-1.645161685943603569e+00 1.420000000000000000e+02
-1.508143062591552619e+00 1.870000000000000000e+02
-1.371124439239501891e+00 1.980000000000000000e+02
-1.234105815887451163e+00 2.440000000000000000e+02
-1.097087192535400435e+00 2.620000000000000000e+02
-9.600685691833497071e-01 3.140000000000000000e+02
-8.230499458312989791e-01 3.470000000000000000e+02
-6.860313224792482512e-01 4.400000000000000000e+02
-5.490126991271970791e-01 4.720000000000000000e+02
-4.119940757751463511e-01 4.800000000000000000e+02
-2.749754524230956232e-01 5.530000000000000000e+02
-1.379568290710448952e-01 5.660000000000000000e+02
-9.382057189941672704e-04 6.120000000000000000e+02
1.360804176330565607e-01 5.470000000000000000e+02
2.730990409851072886e-01 5.150000000000000000e+02
4.101176643371584607e-01 4.570000000000000000e+02
5.471362876892091887e-01 4.480000000000000000e+02
6.841549110412599166e-01 3.890000000000000000e+02
8.211735343933102005e-01 3.970000000000000000e+02
9.581921577453613725e-01 3.300000000000000000e+02
1.095210781097412545e+00 2.850000000000000000e+02
1.232229404449462828e+00 2.560000000000000000e+02
1.369248027801514001e+00 1.930000000000000000e+02
1.506266651153564284e+00 1.830000000000000000e+02
1.643285274505615456e+00 1.390000000000000000e+02
1.780303897857665740e+00 1.310000000000000000e+02
1.917322521209716912e+00 9.700000000000000000e+01
2.054341144561766974e+00 7.200000000000000000e+01
2.191359767913818146e+00 4.800000000000000000e+01
2.328378391265869318e+00 4.000000000000000000e+01
2.465397014617919602e+00 2.300000000000000000e+01
2.602415637969970774e+00 1.500000000000000000e+01
2.739434261322021058e+00 1.500000000000000000e+01
2.876452884674072230e+00 5.000000000000000000e+00
3.013471508026122514e+00 2.000000000000000000e+00
3.150490131378173686e+00 1.000000000000000000e+00
3.287508754730224858e+00 1.000000000000000000e+00
