#     bins                         n
-2.983243432044982768e+00 4.000000000000000000e+00
-2.856299777030945286e+00 4.000000000000000000e+00
-2.729356122016906916e+00 1.200000000000000000e+01
-2.602412467002868546e+00 1.400000000000000000e+01
-2.475468811988830176e+00 2.100000000000000000e+01
-2.348525156974792694e+00 2.400000000000000000e+01
-2.221581501960754323e+00 5.800000000000000000e+01
-2.094637846946715953e+00 6.300000000000000000e+01
-1.967694191932678249e+00 8.100000000000000000e+01
-1.840750536918640101e+00 1.020000000000000000e+02
-1.713806881904601953e+00 1.220000000000000000e+02
-1.586863226890564027e+00 1.620000000000000000e+02
-1.459919571876525879e+00 1.810000000000000000e+02
-1.332975916862487731e+00 2.220000000000000000e+02
-1.206032261848449805e+00 2.640000000000000000e+02
-1.079088606834411657e+00 3.080000000000000000e+02
-9.521449518203735085e-01 3.280000000000000000e+02
-8.252012968063355824e-01 3.400000000000000000e+02
-6.982576417922972123e-01 3.660000000000000000e+02
-5.713139867782592862e-01 4.330000000000000000e+02
-4.443703317642209161e-01 4.130000000000000000e+02
-3.174266767501829900e-01 4.630000000000000000e+02
-1.904830217361450639e-01 4.680000000000000000e+02
-6.353936672210669379e-02 5.170000000000000000e+02
6.340428829193123228e-02 4.710000000000000000e+02
1.903479433059691583e-01 4.910000000000000000e+02
3.172915983200075285e-01 4.540000000000000000e+02
4.442352533340454546e-01 4.350000000000000000e+02
5.711789083480833806e-01 4.120000000000000000e+02
6.981225633621217508e-01 3.790000000000000000e+02
8.250662183761596769e-01 3.300000000000000000e+02
9.520098733901980470e-01 3.380000000000000000e+02
1.078953528404235973e+00 2.800000000000000000e+02
1.205897183418274343e+00 2.430000000000000000e+02
1.332840838432311825e+00 2.140000000000000000e+02
1.459784493446350195e+00 2.070000000000000000e+02
1.586728148460388566e+00 1.950000000000000000e+02
1.713671803474426047e+00 1.150000000000000000e+02
1.840615458488464418e+00 9.900000000000000000e+01
1.967559113502502788e+00 9.200000000000000000e+01
2.094502768516541380e+00 5.800000000000000000e+01
2.221446423530578862e+00 4.400000000000000000e+01
2.348390078544617232e+00 3.300000000000000000e+01
2.475333733558655602e+00 1.900000000000000000e+01
2.602277388572693084e+00 1.600000000000000000e+01
2.729221043586731454e+00 5.000000000000000000e+00
2.856164698600769825e+00 2.000000000000000000e+00
2.983108353614807307e+00 2.000000000000000000e+00
3.110052008628845677e+00 1.000000000000000000e+00
3.236995663642884047e+00 1.000000000000000000e+00
