#     bins                         n
-3.290924711227416921e+00 1.000000000000000000e+00
-3.157396802902221467e+00 1.000000000000000000e+00
-3.023868894577026456e+00 7.000000000000000000e+00
-2.890340986251831001e+00 8.000000000000000000e+00
-2.756813077926635547e+00 1.300000000000000000e+01
-2.623285169601440536e+00 1.200000000000000000e+01
-2.489757261276245082e+00 2.100000000000000000e+01
-2.356229352951049627e+00 3.000000000000000000e+01
-2.222701444625854172e+00 4.900000000000000000e+01
-2.089173536300659162e+00 7.100000000000000000e+01
-1.955645627975463707e+00 8.700000000000000000e+01
-1.822117719650268475e+00 9.900000000000000000e+01
-1.688589811325073242e+00 1.450000000000000000e+02
-1.555061902999877788e+00 1.820000000000000000e+02
-1.421533994674682555e+00 2.060000000000000000e+02
-1.288006086349487322e+00 2.470000000000000000e+02
-1.154478178024291868e+00 2.430000000000000000e+02
-1.020950269699096413e+00 3.300000000000000000e+02
-8.874223613739014027e-01 3.830000000000000000e+02
-7.538944530487059481e-01 3.750000000000000000e+02
-6.203665447235104935e-01 4.420000000000000000e+02
-4.868386363983154830e-01 4.760000000000000000e+02
-3.533107280731200284e-01 4.610000000000000000e+02
-2.197828197479245738e-01 4.900000000000000000e+02
-8.625491142272956324e-02 5.040000000000000000e+02
4.727299690246589137e-02 4.960000000000000000e+02
1.808009052276613460e-01 4.890000000000000000e+02
3.143288135528568006e-01 4.810000000000000000e+02
4.478567218780518111e-01 4.990000000000000000e+02
5.813846302032472657e-01 4.690000000000000000e+02
7.149125385284422762e-01 4.140000000000000000e+02
8.484404468536377308e-01 3.840000000000000000e+02
9.819683551788331854e-01 3.520000000000000000e+02
1.115496263504028640e+00 2.830000000000000000e+02
1.249024171829224095e+00 2.330000000000000000e+02
1.382552080154419549e+00 2.180000000000000000e+02
1.516079988479614116e+00 1.510000000000000000e+02
1.649607896804809570e+00 1.270000000000000000e+02
1.783135805130005025e+00 1.050000000000000000e+02
1.916663713455200480e+00 8.500000000000000000e+01
2.050191621780395934e+00 7.300000000000000000e+01
2.183719530105591389e+00 5.100000000000000000e+01
2.317247438430785955e+00 4.300000000000000000e+01
2.450775346755981410e+00 2.900000000000000000e+01
2.584303255081176864e+00 2.300000000000000000e+01
2.717831163406372319e+00 1.100000000000000000e+01
2.851359071731567774e+00 9.000000000000000000e+00
2.984886980056763228e+00 5.000000000000000000e+00
3.118414888381957795e+00 0.000000000000000000e+00
3.251942796707153249e+00 2.000000000000000000e+00
