#     bins                         n
8.720858865226333023e-01 1.000000000000000000e+00
8.731267235447794928e-01 0.000000000000000000e+00
8.741675605669254612e-01 0.000000000000000000e+00
8.752083975890716516e-01 1.000000000000000000e+00
8.762492346112178421e-01 0.000000000000000000e+00
8.772900716333638105e-01 0.000000000000000000e+00
8.783309086555100009e-01 1.000000000000000000e+00
8.793717456776559693e-01 1.000000000000000000e+00
8.804125826998021598e-01 0.000000000000000000e+00
8.814534197219483502e-01 0.000000000000000000e+00
8.824942567440943186e-01 0.000000000000000000e+00
8.835350937662405091e-01 1.000000000000000000e+00
8.845759307883864775e-01 2.000000000000000000e+00
8.856167678105326679e-01 2.000000000000000000e+00
8.866576048326788584e-01 0.000000000000000000e+00
8.876984418548248268e-01 0.000000000000000000e+00
8.887392788769710172e-01 2.000000000000000000e+00
8.897801158991169856e-01 6.000000000000000000e+00
8.908209529212631761e-01 4.000000000000000000e+00
8.918617899434093665e-01 4.000000000000000000e+00
8.929026269655553349e-01 3.000000000000000000e+00
8.939434639877015254e-01 4.000000000000000000e+00
8.949843010098474938e-01 3.000000000000000000e+00
8.960251380319936843e-01 4.000000000000000000e+00
8.970659750541398747e-01 1.000000000000000000e+00
8.981068120762858431e-01 4.000000000000000000e+00
8.991476490984320336e-01 8.000000000000000000e+00
9.001884861205780020e-01 3.000000000000000000e+00
9.012293231427241924e-01 3.000000000000000000e+00
9.022701601648703829e-01 6.000000000000000000e+00
9.033109971870163513e-01 6.000000000000000000e+00
9.043518342091625417e-01 4.000000000000000000e+00
9.053926712313085101e-01 2.000000000000000000e+00
9.064335082534547006e-01 5.000000000000000000e+00
9.074743452756008910e-01 3.000000000000000000e+00
9.085151822977468594e-01 2.000000000000000000e+00
9.095560193198930499e-01 3.000000000000000000e+00
9.105968563420390183e-01 1.000000000000000000e+00
9.116376933641852087e-01 2.000000000000000000e+00
9.126785303863313992e-01 2.000000000000000000e+00
9.137193674084773676e-01 0.000000000000000000e+00
9.147602044306235580e-01 1.000000000000000000e+00
9.158010414527695264e-01 3.000000000000000000e+00
9.168418784749157169e-01 0.000000000000000000e+00
9.178827154970619073e-01 0.000000000000000000e+00
9.189235525192078757e-01 0.000000000000000000e+00
9.199643895413540662e-01 0.000000000000000000e+00
9.210052265635000346e-01 0.000000000000000000e+00
9.220460635856462250e-01 1.000000000000000000e+00
9.230869006077924155e-01 1.000000000000000000e+00
