-1.087691998831055384e+00 -1.183722000194700197e-01 7.445311795813992495e-01 2.428976980968511890e-01 -9.114210722876377874e-03 8.171616960822593312e-02 4.866048156237993277e-02
-8.257872369262934109e-01 5.701933166253347895e-02 -1.595684070599878712e-01 1.285028976592629824e-01 -3.979451000203228228e-03 1.493525916316219004e-01 5.928741164038551364e-02
-5.638824750215315484e-01 1.393493689730237461e-01 -2.514419923933706169e-01 -8.000707632571574246e-02 -2.479196240558396904e-03 2.729716374865001627e-01 5.681819647130831319e-02
-3.019777131167696860e-01 1.140785887426206680e-01 -2.700637336032225555e-01 -2.179220938326019985e-01 -5.088203752011282582e-03 4.989100895942188418e-01 5.383367420130272946e-02
-4.007295121200771942e-02 6.989536361739467907e-02 -8.494013510257076849e-01 -3.871110370425677738e-01 -4.469277068614882996e-04 9.118576559486750721e-01 4.368554679633378235e-02
2.218318106927542055e-01 4.623995944175762762e-02 -2.006925664393706565e+00 -3.815168621691644169e-01 -5.847713638603808332e-04 1.666601662412735996e+00 3.375060590543076805e-02
4.837365725975161235e-01 5.793390221599836742e-02 -2.847376363004649580e+00 -4.794269693815108591e-01 -6.661305611308069880e-04 3.046046806798136330e+00 2.757373580296729881e-02
7.456413345022779859e-01 5.665903576918529527e-02 -3.251333198531497715e+00 -6.623237645865912571e-01 -2.013215356497740673e-04 5.567257826787955111e+00 1.893011103544309931e-02
1.007546096407039737e+00 6.071899597209318156e-02 -3.419706122995297193e+00 -7.341331653365203991e-01 -8.377100065990601392e-04 1.017527361718764034e+01 1.240406731311431004e-02
1.269450858311801600e+00 3.773024056990026409e-02 -3.341758958195578888e+00 -8.772291264980949244e-01 -5.187688357262735216e-04 1.859734116973173812e+01 7.809212083289611590e-03
1.531355620216563906e+00 2.436739658724285107e-02 -3.450093504289017066e+00 -1.023135457213722121e+00 -1.657948560703577552e-03 3.399034872135383978e+01 4.305892105540715456e-03
1.793260382121325769e+00 2.520829542032088089e-02 -3.684297525808398532e+00 -1.054296732599444120e+00 -2.029647715585965791e-03 6.212413891076156602e+01 2.273417092938895961e-03
2.055165144026087631e+00 9.820438547437704280e-02 -3.883328231092002092e+00 -1.119973297482587782e+00 -5.321595777106378307e-04 1.135442494880611122e+02 1.207292419885629088e-03
2.317069905930849494e+00 1.255602229010501780e-01 -3.700738451217798985e+00 -7.411152602050308236e-01 -2.531291907062803524e-03 2.075247531450898464e+02 5.888795072559442232e-04
2.578974667835611356e+00 4.788318750397887458e-01 -3.027583441742729420e+00 1.438983291160038647e+00 1.088991830515307138e-02 3.792928603791494879e+02 4.938661296070252305e-04
2.840879429740373219e+00 8.522732739550127334e-01 -2.892320279122162052e+00 2.332540560095012871e+00 4.772821470748546402e-02 6.932333215884656283e+02 3.340254777581696480e-03
3.102784191645135081e+00 9.566954985681310752e-01 -3.479843422079882398e+00 1.267040731562303346e+00 8.320583059091238298e-02 1.267022104450334609e+03 8.230310168375580201e-03
3.364688953549896944e+00 9.867931423192323193e-01 -4.337240571953971724e+00 1.139956975963269281e+00 1.199106105122207111e-01 2.315735500837276959e+03 1.539811632169498998e-02
