-1.111237865905115862e+00 2.523114368494571158e-01 3.191676598851305724e-01 -1.396223755805883412e-02 -4.175111055374145508e-01 7.740377361929821898e-02 6.560451569764509661e-02
-8.636678656986389591e-01 1.141119712760420013e-01 -3.580744311687953513e-02 -1.803085541399226249e-02 1.511672139167785645e-01 1.368775220211714827e-01 6.224668079911314239e-02
-6.160978654921619446e-01 1.686826267296334114e-01 -1.132851681856910167e-02 -1.099666994906379619e-01 2.857893407344818115e-01 2.420483544743507187e-01 6.426965018083397041e-02
-3.685278652856847637e-01 8.483150739926259565e-02 -2.039207347598518960e-01 -2.690501866406666553e-01 2.830657362937927246e-01 4.280279554935175756e-01 5.491200314699544449e-02
-1.209578650792077908e-01 6.347126552803417088e-02 -5.861951064694899127e-01 -3.387820696674024856e-01 -3.511905968189239502e-01 7.569063259356909601e-01 4.729208119329007115e-02
1.266121351272692652e-01 5.233166327148597308e-02 -1.640883817718302495e+00 -3.651731195460790058e-01 -3.967949151992797852e-01 1.338480767175365349e+00 3.731837569951484274e-02
3.741821353337463907e-01 5.328665307132074425e-02 -2.650044516411643070e+00 -4.076498275478117050e-01 -2.269911393523216248e-02 2.366912129956975530e+00 3.118721598540472734e-02
6.217521355402234606e-01 4.942492365340289684e-02 -3.077945698344009440e+00 -6.203802833353472268e-01 3.560551106929779053e-01 4.185546156752109503e+00 2.344655262093395254e-02
8.693221357467005861e-01 4.224600475576500980e-02 -3.400270900428391752e+00 -6.990880788104182342e-01 8.994642645120620728e-02 7.401540770599203789e+00 1.537451817498713437e-02
1.116892135953177823e+00 4.369207171045474958e-02 -3.407760606584004037e+00 -7.741373418895366454e-01 -1.544485688209533691e-01 1.308856806905995462e+01 1.056653327953149986e-02
1.364462136159654726e+00 3.275278577896001408e-02 -3.312133680609276709e+00 -9.580968142002650456e-01 9.973508119583129883e-02 2.314526385896634864e+01 6.360557022640563225e-03
1.612032136366131629e+00 4.793534245067965216e-02 -3.525116214177081542e+00 -1.053775274556335573e+00 7.209271192550659180e-02 4.092909447959566904e+01 3.544381558258873251e-03
1.859602136572608755e+00 4.293471925588676630e-02 -3.746683060725302106e+00 -1.128059177141239378e+00 -2.232660800218582153e-01 7.237725977665661503e+01 1.913061186624634988e-03
2.107172136779085658e+00 9.398377312452332877e-02 -3.792791836411398165e+00 -1.005629997548624033e+00 -3.170034289360046387e-01 1.279888499705059530e+02 9.794747545943589297e-04
2.354742136985562784e+00 3.519818263780739587e-01 -3.376735613453207829e+00 6.887123967869249741e-01 -2.198750078678131104e-01 2.263300070674407891e+02 6.078567212174809621e-04
2.602312137192039909e+00 6.060294703505115788e-01 -3.105306785791059898e+00 1.877318362130131257e+00 9.601074457168579102e-02 4.002323023525273129e+02 2.147841864833642360e-03
2.849882137398517035e+00 8.728720863029844068e-01 -3.274291050161667105e+00 1.268743722341295177e+00 1.817868649959564209e-01 7.077536819882367354e+02 5.168168179322358939e-03
3.097452137604994160e+00 9.585897800553566661e-01 -3.607713100119167127e+00 1.031947610016821892e+00 -1.734087765216827393e-01 1.251561334314031683e+03 9.124478882856605633e-03
