#     bins                         n
-2.471745113834512564e-01 2.000000000000000000e+00
-2.375213061091390743e-01 2.000000000000000000e+00
-2.278681008348268366e-01 0.000000000000000000e+00
-2.182148955605145990e-01 0.000000000000000000e+00
-2.085616902862024169e-01 1.000000000000000000e+00
-1.989084850118901793e-01 1.000000000000000000e+00
-1.892552797375779416e-01 0.000000000000000000e+00
-1.796020744632657595e-01 1.000000000000000000e+00
-1.699488691889535219e-01 1.000000000000000000e+00
-1.602956639146412843e-01 0.000000000000000000e+00
-1.506424586403291022e-01 0.000000000000000000e+00
-1.409892533660168645e-01 2.000000000000000000e+00
-1.313360480917046269e-01 3.000000000000000000e+00
-1.216828428173924309e-01 1.000000000000000000e+00
-1.120296375430802210e-01 5.000000000000000000e+00
-1.023764322687679834e-01 5.000000000000000000e+00
-9.272322699445577354e-02 2.000000000000000000e+00
-8.307002172014356367e-02 1.000000000000000000e+00
-7.341681644583132604e-02 3.000000000000000000e+00
-6.376361117151911617e-02 4.000000000000000000e+00
-5.411040589720690630e-02 2.000000000000000000e+00
-4.445720062289466867e-02 6.000000000000000000e+00
-3.480399534858245880e-02 2.000000000000000000e+00
-2.515079007427024893e-02 3.000000000000000000e+00
-1.549758479995801130e-02 7.000000000000000000e+00
-5.844379525645801432e-03 4.000000000000000000e+00
3.808825748666408439e-03 3.000000000000000000e+00
1.346203102297864607e-02 4.000000000000000000e+00
2.311523629729082818e-02 1.000000000000000000e+00
3.276844157160306581e-02 3.000000000000000000e+00
4.242164684591530344e-02 5.000000000000000000e+00
5.207485212022748555e-02 3.000000000000000000e+00
6.172805739453972318e-02 5.000000000000000000e+00
7.138126266885196081e-02 2.000000000000000000e+00
8.103446794316414292e-02 1.000000000000000000e+00
9.068767321747638055e-02 2.000000000000000000e+00
1.003408784917886182e-01 2.000000000000000000e+00
1.099940837661008003e-01 3.000000000000000000e+00
1.196472890404130379e-01 1.000000000000000000e+00
1.293004943147252894e-01 1.000000000000000000e+00
1.389536995890374715e-01 2.000000000000000000e+00
1.486069048633497092e-01 0.000000000000000000e+00
1.582601101376619468e-01 0.000000000000000000e+00
1.679133154119741289e-01 2.000000000000000000e+00
1.775665206862863665e-01 0.000000000000000000e+00
1.872197259605986042e-01 0.000000000000000000e+00
1.968729312349107863e-01 1.000000000000000000e+00
2.065261365092230239e-01 0.000000000000000000e+00
2.161793417835352615e-01 0.000000000000000000e+00
2.258325470578474437e-01 1.000000000000000000e+00
