#     bins                         n
-3.048446478843688912e+00 4.000000000000000000e+00
-2.927751488685607750e+00 4.000000000000000000e+00
-2.807056498527526589e+00 1.100000000000000000e+01
-2.686361508369445872e+00 1.200000000000000000e+01
-2.565666518211364711e+00 2.000000000000000000e+01
-2.444971528053283549e+00 2.300000000000000000e+01
-2.324276537895202832e+00 3.500000000000000000e+01
-2.203581547737121671e+00 5.500000000000000000e+01
-2.082886557579040510e+00 5.800000000000000000e+01
-1.962191567420959348e+00 8.300000000000000000e+01
-1.841496577262878409e+00 9.600000000000000000e+01
-1.720801587104797470e+00 1.160000000000000000e+02
-1.600106596946716309e+00 1.400000000000000000e+02
-1.479411606788635147e+00 1.710000000000000000e+02
-1.358716616630554208e+00 1.880000000000000000e+02
-1.238021626472473269e+00 2.170000000000000000e+02
-1.117326636314392108e+00 2.220000000000000000e+02
-9.966316461563109463e-01 2.850000000000000000e+02
-8.759366559982297851e-01 3.350000000000000000e+02
-7.552416658401490679e-01 3.780000000000000000e+02
-6.345466756820679066e-01 4.160000000000000000e+02
-5.138516855239867454e-01 3.870000000000000000e+02
-3.931566953659060282e-01 4.330000000000000000e+02
-2.724617052078248669e-01 4.770000000000000000e+02
-1.517667150497437056e-01 4.740000000000000000e+02
-3.107172489166254437e-02 4.350000000000000000e+02
8.962326526641861690e-02 4.710000000000000000e+02
2.103182554244993341e-01 4.030000000000000000e+02
3.310132455825804954e-01 4.430000000000000000e+02
4.517082357406616566e-01 4.310000000000000000e+02
5.724032258987423738e-01 3.660000000000000000e+02
6.930982160568235351e-01 3.860000000000000000e+02
8.137932062149046963e-01 3.560000000000000000e+02
9.344881963729858576e-01 3.330000000000000000e+02
1.055183186531067019e+00 2.520000000000000000e+02
1.175878176689148180e+00 2.540000000000000000e+02
1.296573166847229341e+00 2.250000000000000000e+02
1.417268157005309615e+00 2.070000000000000000e+02
1.537963147163390776e+00 1.480000000000000000e+02
1.658658137321471937e+00 1.250000000000000000e+02
1.779353127479553098e+00 1.010000000000000000e+02
1.900048117637634260e+00 6.500000000000000000e+01
2.020743107795715421e+00 7.200000000000000000e+01
2.141438097953796582e+00 6.600000000000000000e+01
2.262133088111876855e+00 3.300000000000000000e+01
2.382828078269958016e+00 2.200000000000000000e+01
2.503523068428039178e+00 2.800000000000000000e+01
2.624218058586120339e+00 1.300000000000000000e+01
2.744913048744201500e+00 6.000000000000000000e+00
2.865608038902282662e+00 1.300000000000000000e+01
