#     bins                         n
-2.814271676540374578e+00 3.000000000000000000e+00
-2.699381554126739857e+00 2.000000000000000000e+00
-2.584491431713104248e+00 1.200000000000000000e+01
-2.469601309299468639e+00 1.400000000000000000e+01
-2.354711186885833918e+00 3.200000000000000000e+01
-2.239821064472198309e+00 3.800000000000000000e+01
-2.124930942058563588e+00 4.300000000000000000e+01
-2.010040819644927979e+00 6.100000000000000000e+01
-1.895150697231292813e+00 7.700000000000000000e+01
-1.780260574817657648e+00 1.240000000000000000e+02
-1.665370452404022261e+00 1.390000000000000000e+02
-1.550480329990387096e+00 1.440000000000000000e+02
-1.435590207576751931e+00 1.590000000000000000e+02
-1.320700085163116544e+00 1.550000000000000000e+02
-1.205809962749481379e+00 1.970000000000000000e+02
-1.090919840335845992e+00 2.140000000000000000e+02
-9.760297179222108266e-01 2.440000000000000000e+02
-8.611395955085756615e-01 2.780000000000000000e+02
-7.462494730949404964e-01 3.340000000000000000e+02
-6.313593506813048872e-01 4.130000000000000000e+02
-5.164692282676697221e-01 4.030000000000000000e+02
-4.015791058540345571e-01 3.870000000000000000e+02
-2.866889834403993920e-01 4.210000000000000000e+02
-1.717988610267642269e-01 4.420000000000000000e+02
-5.690873861312906179e-02 4.450000000000000000e+02
5.798138380050654739e-02 4.250000000000000000e+02
1.728715062141417125e-01 4.170000000000000000e+02
2.877616286277768776e-01 4.220000000000000000e+02
4.026517510414120427e-01 3.790000000000000000e+02
5.175418734550472077e-01 3.720000000000000000e+02
6.324319958686828169e-01 3.320000000000000000e+02
7.473221182823179820e-01 3.330000000000000000e+02
8.622122406959531471e-01 3.350000000000000000e+02
9.771023631095883122e-01 3.120000000000000000e+02
1.091992485523223477e+00 3.170000000000000000e+02
1.206882607936859086e+00 2.820000000000000000e+02
1.321772730350493807e+00 2.310000000000000000e+02
1.436662852764129417e+00 2.000000000000000000e+02
1.551552975177765026e+00 1.920000000000000000e+02
1.666443097591399747e+00 1.380000000000000000e+02
1.781333220005035356e+00 9.700000000000000000e+01
1.896223342418670077e+00 7.900000000000000000e+01
2.011113464832305908e+00 5.600000000000000000e+01
2.126003587245941517e+00 6.300000000000000000e+01
2.240893709659576238e+00 5.300000000000000000e+01
2.355783832073211848e+00 3.700000000000000000e+01
2.470673954486846569e+00 3.300000000000000000e+01
2.585564076900482178e+00 1.200000000000000000e+01
2.700454199314116899e+00 8.000000000000000000e+00
2.815344321727752508e+00 2.000000000000000000e+00
