#     bins                         n
8.809570896337155510e-01 1.000000000000000000e+00
8.819384432628405435e-01 0.000000000000000000e+00
8.829197968919653139e-01 0.000000000000000000e+00
8.839011505210903064e-01 0.000000000000000000e+00
8.848825041502150768e-01 0.000000000000000000e+00
8.858638577793400692e-01 0.000000000000000000e+00
8.868452114084648397e-01 0.000000000000000000e+00
8.878265650375896101e-01 0.000000000000000000e+00
8.888079186667146026e-01 1.000000000000000000e+00
8.897892722958393730e-01 0.000000000000000000e+00
8.907706259249643654e-01 0.000000000000000000e+00
8.917519795540891359e-01 4.000000000000000000e+00
8.927333331832141283e-01 5.000000000000000000e+00
8.937146868123388987e-01 0.000000000000000000e+00
8.946960404414638912e-01 1.000000000000000000e+00
8.956773940705886616e-01 0.000000000000000000e+00
8.966587476997134321e-01 1.000000000000000000e+00
8.976401013288384245e-01 3.000000000000000000e+00
8.986214549579631949e-01 6.000000000000000000e+00
8.996028085870881874e-01 0.000000000000000000e+00
9.005841622162129578e-01 5.000000000000000000e+00
9.015655158453379503e-01 5.000000000000000000e+00
9.025468694744627207e-01 5.000000000000000000e+00
9.035282231035877132e-01 0.000000000000000000e+00
9.045095767327124836e-01 4.000000000000000000e+00
9.054909303618374761e-01 3.000000000000000000e+00
9.064722839909622465e-01 3.000000000000000000e+00
9.074536376200870169e-01 2.000000000000000000e+00
9.084349912492120094e-01 3.000000000000000000e+00
9.094163448783367798e-01 3.000000000000000000e+00
9.103976985074617723e-01 1.000000000000000000e+00
9.113790521365865427e-01 4.000000000000000000e+00
9.123604057657115352e-01 3.000000000000000000e+00
9.133417593948363056e-01 6.000000000000000000e+00
9.143231130239612980e-01 0.000000000000000000e+00
9.153044666530860685e-01 4.000000000000000000e+00
9.162858202822108389e-01 5.000000000000000000e+00
9.172671739113358313e-01 2.000000000000000000e+00
9.182485275404606018e-01 4.000000000000000000e+00
9.192298811695855942e-01 2.000000000000000000e+00
9.202112347987103647e-01 1.000000000000000000e+00
9.211925884278353571e-01 2.000000000000000000e+00
9.221739420569601275e-01 0.000000000000000000e+00
9.231552956860851200e-01 2.000000000000000000e+00
9.241366493152098904e-01 1.000000000000000000e+00
9.251180029443348829e-01 0.000000000000000000e+00
9.260993565734596533e-01 3.000000000000000000e+00
9.270807102025844237e-01 1.000000000000000000e+00
9.280620638317094162e-01 2.000000000000000000e+00
9.290434174608341866e-01 2.000000000000000000e+00
