#     bins                         n
-3.376645658016204976e+00 1.000000000000000000e+00
-3.231760303974151149e+00 1.000000000000000000e+00
-3.086874949932098211e+00 2.000000000000000000e+00
-2.941989595890045273e+00 2.000000000000000000e+00
-2.797104241847992334e+00 9.000000000000000000e+00
-2.652218887805938508e+00 2.100000000000000000e+01
-2.507333533763885569e+00 2.800000000000000000e+01
-2.362448179721832631e+00 2.700000000000000000e+01
-2.217562825679778804e+00 6.800000000000000000e+01
-2.072677471637725866e+00 7.400000000000000000e+01
-1.927792117595672705e+00 9.300000000000000000e+01
-1.782906763553619323e+00 1.150000000000000000e+02
-1.638021409511566162e+00 1.470000000000000000e+02
-1.493136055469513002e+00 1.910000000000000000e+02
-1.348250701427459619e+00 2.370000000000000000e+02
-1.203365347385406681e+00 3.180000000000000000e+02
-1.058479993343353298e+00 3.320000000000000000e+02
-9.135946393012999156e-01 3.750000000000000000e+02
-7.687092852592469772e-01 4.190000000000000000e+02
-6.238239312171935946e-01 4.720000000000000000e+02
-4.789385771751406562e-01 4.970000000000000000e+02
-3.340532231330872737e-01 5.400000000000000000e+02
-1.891678690910338911e-01 5.520000000000000000e+02
-4.428251504898095270e-02 5.720000000000000000e+02
1.006028389930724298e-01 5.600000000000000000e+02
2.454881930351258124e-01 5.240000000000000000e+02
3.903735470771787508e-01 5.240000000000000000e+02
5.352589011192321333e-01 4.740000000000000000e+02
6.801442551612855159e-01 4.400000000000000000e+02
8.250296092033384543e-01 4.050000000000000000e+02
9.699149632453913927e-01 3.450000000000000000e+02
1.114800317287445219e+00 2.960000000000000000e+02
1.259685671329498158e+00 2.890000000000000000e+02
1.404571025371551096e+00 2.400000000000000000e+02
1.549456379413604923e+00 1.890000000000000000e+02
1.694341733455657861e+00 1.300000000000000000e+02
1.839227087497710800e+00 1.080000000000000000e+02
1.984112441539764626e+00 8.200000000000000000e+01
2.128997795581817343e+00 6.600000000000000000e+01
2.273883149623870281e+00 3.900000000000000000e+01
2.418768503665923220e+00 4.500000000000000000e+01
2.563653857707977046e+00 2.300000000000000000e+01
2.708539211750029985e+00 1.400000000000000000e+01
2.853424565792082923e+00 8.000000000000000000e+00
2.998309919834136750e+00 4.000000000000000000e+00
3.143195273876189688e+00 2.000000000000000000e+00
3.288080627918242627e+00 0.000000000000000000e+00
3.432965981960296453e+00 0.000000000000000000e+00
3.577851336002349392e+00 0.000000000000000000e+00
3.722736690044402330e+00 1.000000000000000000e+00
