#     bins                         n
-1.856996438372667535e-01 1.000000000000000000e+00
-1.777187979339406587e-01 0.000000000000000000e+00
-1.697379520306145639e-01 0.000000000000000000e+00
-1.617571061272884692e-01 0.000000000000000000e+00
-1.537762602239623744e-01 3.000000000000000000e+00
-1.457954143206362796e-01 0.000000000000000000e+00
-1.378145684173101848e-01 3.000000000000000000e+00
-1.298337225139840900e-01 0.000000000000000000e+00
-1.218528766106579952e-01 1.000000000000000000e+00
-1.138720307073319143e-01 4.000000000000000000e+00
-1.058911848040058196e-01 4.000000000000000000e+00
-9.791033890067972478e-02 0.000000000000000000e+00
-8.992949299735364388e-02 3.000000000000000000e+00
-8.194864709402754910e-02 5.000000000000000000e+00
-7.396780119070145432e-02 2.000000000000000000e+00
-6.598695528737535954e-02 3.000000000000000000e+00
-5.800610938404926475e-02 4.000000000000000000e+00
-5.002526348072316997e-02 2.000000000000000000e+00
-4.204441757739707519e-02 4.000000000000000000e+00
-3.406357167407098041e-02 5.000000000000000000e+00
-2.608272577074488563e-02 1.000000000000000000e+00
-1.810187986741879085e-02 6.000000000000000000e+00
-1.012103396409269607e-02 4.000000000000000000e+00
-2.140188060766601286e-03 2.000000000000000000e+00
5.840657842559465740e-03 6.000000000000000000e+00
1.382150374588556052e-02 2.000000000000000000e+00
2.180234964921165530e-02 2.000000000000000000e+00
2.978319555253775008e-02 0.000000000000000000e+00
3.776404145586384486e-02 1.000000000000000000e+00
4.574488735918993965e-02 3.000000000000000000e+00
5.372573326251603443e-02 1.000000000000000000e+00
6.170657916584212921e-02 4.000000000000000000e+00
6.968742506916822399e-02 3.000000000000000000e+00
7.766827097249431877e-02 2.000000000000000000e+00
8.564911687582041355e-02 3.000000000000000000e+00
9.362996277914650833e-02 3.000000000000000000e+00
1.016108086824726031e-01 4.000000000000000000e+00
1.095916545857986979e-01 0.000000000000000000e+00
1.175725004891247927e-01 0.000000000000000000e+00
1.255533463924508875e-01 1.000000000000000000e+00
1.335341922957769822e-01 3.000000000000000000e+00
1.415150381991030770e-01 0.000000000000000000e+00
1.494958841024291718e-01 2.000000000000000000e+00
1.574767300057552666e-01 2.000000000000000000e+00
1.654575759090813614e-01 0.000000000000000000e+00
1.734384218124074561e-01 0.000000000000000000e+00
1.814192677157335509e-01 0.000000000000000000e+00
1.894001136190596457e-01 0.000000000000000000e+00
1.973809595223856850e-01 0.000000000000000000e+00
2.053618054257117798e-01 1.000000000000000000e+00
