-1.369349939835164287e+00 -4.478715551676584194e-01 -1.137223419483260223e+00 1.603356034905692173e-01
-1.283656674440551537e+00 2.050484545326866082e-01 -2.161099677871650970e-01 7.904175910962911722e-01
-1.197963409045939009e+00 9.561829059184467905e-02 2.187505360546295186e-01 -4.707695933655887677e-01
-1.112270143651326482e+00 5.526020303869771944e-02 5.357277259887774923e-01 -5.289555868413042816e-01
-1.026576878256713732e+00 -4.949811430959560887e-02 1.939265307400493688e-01 1.263946091796485371e-01
-9.408836128621012040e-01 -9.974677013803168180e-03 -4.964403773222955119e-01 -1.681658204173837670e-02
-8.551903474674885652e-01 3.299576543514781690e-02 -3.964710780720308581e-01 -2.501660665381659210e-01
-7.694970820728758154e-01 1.729328190690504474e-02 -3.369512128301707654e-01 -1.298446005877275933e-01
-6.838038166782632876e-01 -5.161747757462142872e-02 -5.651460379887320862e-01 -4.145736909420637967e-02
-5.981105512836506488e-01 -1.080405310803933538e-02 -7.434995890226845372e-01 -8.616059129113977366e-02
-5.124172858890378990e-01 6.078791898865509857e-03 -8.156503147871071446e-01 -2.451479708416529624e-01
-4.267240204944253157e-01 -2.078834250736605327e-02 -1.088236878244936090e+00 -1.322502004839317680e-01
-3.410307550998127324e-01 -4.489503348732659660e-03 -1.360636493993850005e+00 -3.560023589379562869e-02
-2.553374897052000936e-01 4.702474667468869995e-03 -1.561502513626390254e+00 -7.590168746756757734e-02
-1.696442243105874548e-01 4.565258165725394335e-03 -1.873004738371862432e+00 -1.315789933451439464e-01
-8.395095891597487148e-02 -2.551598340802430087e-03 -2.162985408859974701e+00 -1.725148186220301361e-01
1.742306478637697725e-03 2.093126458408012258e-02 -2.443902516737710418e+00 -2.418146544529669317e-01
8.743557187325035063e-02 1.640816324640970159e-03 -2.633652700359706778e+00 -3.593933641658529909e-01
1.731288372678630172e-01 1.172254729461219558e-02 -2.774034838827771132e+00 -4.593003349093713883e-01
2.588221026624756282e-01 3.477536817833359883e-03 -2.947749781926538581e+00 -5.185251645771412621e-01
3.445153680570883226e-01 1.400290161831807545e-02 -3.099174386820400695e+00 -5.611129051986843974e-01
4.302086334517009059e-01 -2.307630423077244863e-02 -3.209654285816944785e+00 -6.115254584383583714e-01
5.159018988463134336e-01 -8.038092701764254500e-03 -3.274920887098764055e+00 -6.320172237704178020e-01
6.015951642409259614e-01 -3.875751694662366020e-03 -3.342415763443848942e+00 -6.890202977741164414e-01
6.872884296355387113e-01 1.642229464851863163e-02 -3.512704803724671088e+00 -6.674014453035271854e-01
7.729816950301514611e-01 3.645820237782060325e-02 -3.559649206101196839e+00 -7.943135172143945821e-01
8.586749604247639889e-01 2.870635515531316795e-02 -3.659862587388542199e+00 -8.604509039564224304e-01
9.443682258193765167e-01 5.817171271600340976e-02 -3.849147824599104872e+00 -6.995003991984345415e-01
1.030061491213989378e+00 9.962550433783756709e-02 -3.789662283935348430e+00 -6.601110264304219655e-01
1.115754756608602127e+00 1.469234911544933242e-01 -3.663566209815289909e+00 -7.866601030478780343e-01
1.201448022003214433e+00 1.710134350325730468e-01 -3.627102325193936494e+00 -1.098408891745384919e+00
1.287141287397826961e+00 1.512245685126684114e-01 -3.796836090054712454e+00 -1.351485728163484890e+00
1.372834552792439711e+00 1.720614700426399413e-01 -4.195664452048252890e+00 -1.105491439789793917e+00
1.458527818187052461e+00 1.807538139168256563e-01 -3.998150536132206501e+00 -1.266841617814004728e+00
1.544221083581664988e+00 2.046129042314805968e-01 -3.973135842457595324e+00 -2.153648961271503737e+00
1.629914348976277516e+00 5.665653437347939470e-02 -4.248410551680939840e+00 -2.451686590240303776e+00
1.715607614370890266e+00 4.699289459010724812e-02 -4.289861668834316966e+00 3.580717864344573620e-02
1.801300879765503016e+00 6.954953791165942034e-01 -5.926817267694802993e+00 3.656622653411010226e+00
1.886994145160115544e+00 9.424719920348724189e-01 -6.925111086464050381e+00 3.712749082096812536e+00
1.972687410554728293e+00 9.810841151621144673e-01 -6.004377375736194011e+00 1.247682705442580531e+00
2.058380675949340599e+00 9.887581083773780977e-01 -5.609996918215122363e+00 -6.249773917288675706e-02
2.144073941343953127e+00 9.931662648916356195e-01 -5.818682421942754424e+00 1.198025865491306741e+00
2.229767206738566099e+00 9.974054328485577603e-01 -5.823484680123860890e+00 2.675725493454347959e+00
2.315460472133178627e+00 9.989872035784204130e-01 -6.478085714258242866e+00 2.659251876145416471e+00
2.401153737527791154e+00 9.995700663118656237e-01 -9.198917913242009803e+00 2.088039324825498255e+00
