#     bins                         n
-2.396750255223409620e-01 1.000000000000000000e+00
-2.300152915519499686e-01 0.000000000000000000e+00
-2.203555575815589751e-01 2.000000000000000000e+00
-2.106958236111679539e-01 1.000000000000000000e+00
-2.010360896407769604e-01 0.000000000000000000e+00
-1.913763556703859670e-01 0.000000000000000000e+00
-1.817166216999949735e-01 0.000000000000000000e+00
-1.720568877296039800e-01 1.000000000000000000e+00
-1.623971537592129866e-01 0.000000000000000000e+00
-1.527374197888219931e-01 0.000000000000000000e+00
-1.430776858184309719e-01 0.000000000000000000e+00
-1.334179518480399784e-01 0.000000000000000000e+00
-1.237582178776489850e-01 3.000000000000000000e+00
-1.140984839072579915e-01 2.000000000000000000e+00
-1.044387499368669703e-01 1.000000000000000000e+00
-9.477901596647597682e-02 5.000000000000000000e+00
-8.511928199608498335e-02 5.000000000000000000e+00
-7.545954802569398989e-02 3.000000000000000000e+00
-6.579981405530299643e-02 4.000000000000000000e+00
-5.614008008491197521e-02 0.000000000000000000e+00
-4.648034611452098175e-02 3.000000000000000000e+00
-3.682061214412998829e-02 2.000000000000000000e+00
-2.716087817373899482e-02 3.000000000000000000e+00
-1.750114420334800136e-02 5.000000000000000000e+00
-7.841410232957007898e-03 5.000000000000000000e+00
1.818323737434013321e-03 1.000000000000000000e+00
1.147805770782497903e-02 5.000000000000000000e+00
2.113779167821602800e-02 3.000000000000000000e+00
3.079752564860702146e-02 3.000000000000000000e+00
4.045725961899801493e-02 9.000000000000000000e+00
5.011699358938900839e-02 2.000000000000000000e+00
5.977672755978000185e-02 3.000000000000000000e+00
6.943646153017099532e-02 5.000000000000000000e+00
7.909619550056198878e-02 2.000000000000000000e+00
8.875592947095298224e-02 2.000000000000000000e+00
9.841566344134397570e-02 2.000000000000000000e+00
1.080753974117349692e-01 4.000000000000000000e+00
1.177351313821259626e-01 2.000000000000000000e+00
1.273948653525170116e-01 1.000000000000000000e+00
1.370545993229080051e-01 2.000000000000000000e+00
1.467143332932989985e-01 1.000000000000000000e+00
1.563740672636899920e-01 3.000000000000000000e+00
1.660338012340809855e-01 1.000000000000000000e+00
1.756935352044719789e-01 0.000000000000000000e+00
1.853532691748629724e-01 1.000000000000000000e+00
1.950130031452539658e-01 1.000000000000000000e+00
2.046727371156449593e-01 0.000000000000000000e+00
2.143324710860359528e-01 0.000000000000000000e+00
2.239922050564269462e-01 0.000000000000000000e+00
2.336519390268179952e-01 1.000000000000000000e+00
