#     bins                         n
-2.512713735295539208e-01 1.000000000000000000e+00
-2.407084904914680301e-01 0.000000000000000000e+00
-2.301456074533821394e-01 0.000000000000000000e+00
-2.195827244152961932e-01 0.000000000000000000e+00
-2.090198413772103025e-01 0.000000000000000000e+00
-1.984569583391244119e-01 0.000000000000000000e+00
-1.878940753010384657e-01 1.000000000000000000e+00
-1.773311922629525750e-01 0.000000000000000000e+00
-1.667683092248666843e-01 1.000000000000000000e+00
-1.562054261867807381e-01 1.000000000000000000e+00
-1.456425431486948474e-01 1.000000000000000000e+00
-1.350796601106089567e-01 2.000000000000000000e+00
-1.245167770725230244e-01 2.000000000000000000e+00
-1.139538940344371337e-01 2.000000000000000000e+00
-1.033910109963512153e-01 2.000000000000000000e+00
-9.282812795826532459e-02 3.000000000000000000e+00
-8.226524492017940615e-02 2.000000000000000000e+00
-7.170236188209348771e-02 2.000000000000000000e+00
-6.113947884400759702e-02 4.000000000000000000e+00
-5.057659580592167858e-02 6.000000000000000000e+00
-4.001371276783578790e-02 6.000000000000000000e+00
-2.945082972974986946e-02 2.000000000000000000e+00
-1.888794669166395102e-02 2.000000000000000000e+00
-8.325063653578060330e-03 7.000000000000000000e+00
2.237819384507885867e-03 5.000000000000000000e+00
1.280070242259377655e-02 3.000000000000000000e+00
2.336358546067966724e-02 4.000000000000000000e+00
3.392646849876555792e-02 2.000000000000000000e+00
4.448935153685150412e-02 3.000000000000000000e+00
5.505223457493739481e-02 4.000000000000000000e+00
6.561511761302328549e-02 3.000000000000000000e+00
7.617800065110923169e-02 3.000000000000000000e+00
8.674088368919512237e-02 2.000000000000000000e+00
9.730376672728101306e-02 2.000000000000000000e+00
1.078666497653669593e-01 3.000000000000000000e+00
1.184295328034528499e-01 3.000000000000000000e+00
1.289924158415387545e-01 2.000000000000000000e+00
1.395552988796247007e-01 1.000000000000000000e+00
1.501181819177105914e-01 2.000000000000000000e+00
1.606810649557964821e-01 0.000000000000000000e+00
1.712439479938823728e-01 2.000000000000000000e+00
1.818068310319683190e-01 3.000000000000000000e+00
1.923697140700542096e-01 2.000000000000000000e+00
2.029325971081401003e-01 2.000000000000000000e+00
2.134954801462260465e-01 1.000000000000000000e+00
2.240583631843119372e-01 0.000000000000000000e+00
2.346212462223978279e-01 0.000000000000000000e+00
2.451841292604837741e-01 0.000000000000000000e+00
2.557470122985697203e-01 0.000000000000000000e+00
2.663098953366555555e-01 1.000000000000000000e+00
