-1.369349939835164287e+00 -3.663928981488704384e-01 -2.161099677871624880e-01 1.410023481283314339e+01
-1.283656674440551537e+00 2.417106766255679995e-01 -7.815570455813780626e-01 -1.354883930398106173e+00
-1.197963409045939009e+00 -7.405739776458126755e-01 -8.529422143030657155e-01 1.296237457318584418e+00
-1.112270143651326482e+00 3.826549118346170841e-01 -9.450980395624912767e-01 1.893799033691003331e+00
-1.026576878256713732e+00 2.571705933016976697e-02 1.825348958947785816e+00 -1.092770726008411186e+00
-9.408836128621012040e-01 -6.848842484121098195e-02 5.087420156362948420e-02 2.543156630551151043e-01
-8.551903474674885652e-01 2.877183961873304163e-01 -5.011298425280343860e-01 -3.239513787386215649e-01
-7.694970820728758154e-01 -6.236355514524594135e-02 -3.809026317912198034e-01 -7.213133299149716571e-01
-6.838038166782632876e-01 -1.757167384054854065e-01 3.786631238057583393e-01 4.838116738713957865e-01
-5.981105512836506488e-01 2.012152305655570128e-01 1.529548573151784663e-01 3.064348330065259085e-01
-5.124172858890378990e-01 1.320324415122861028e-01 4.078172154408282041e-02 -2.596323184866080047e-01
-4.267240204944253157e-01 9.826411213429675495e-02 -1.300429010289416709e-01 -1.725115703084976748e-01
-3.410307550998127324e-01 9.118863967861456921e-02 -2.033682393193754212e-01 -2.189454203141296129e-01
-2.553374897052000936e-01 7.492765714343696537e-02 -2.285392062438658667e-01 -1.703434405640021632e-01
-1.696442243105874548e-01 1.201558741951845866e-01 -3.107056173552151246e-01 -3.104132386563914769e-01
-8.395095891597487148e-02 7.663755650890724525e-02 -4.699187841196446613e-01 -4.867665518737945840e-01
1.742306478637697725e-03 7.026045709836181707e-02 -8.405385765385179342e-01 -4.113105180646214332e-01
8.743557187325035063e-02 8.662070629679996525e-02 -1.341849503596885818e+00 -4.655333640400373674e-01
1.731288372678630172e-01 6.235831875969810589e-02 -1.906116572836315859e+00 -4.198543999580442443e-01
2.588221026624756282e-01 7.974671989547621465e-02 -2.441171281628062850e+00 -2.811990073452170780e-01
3.445153680570883226e-01 7.936563363543225336e-02 -2.892489927611846756e+00 -2.857753226856797890e-01
4.302086334517009059e-01 7.307224474500928491e-02 -3.022830552039099228e+00 -3.264826828910326051e-01
5.159018988463134336e-01 7.853448844650467997e-02 -2.879366803499420868e+00 -5.429302825733394178e-01
6.015951642409259614e-01 9.214306886503442762e-02 -3.004832754849930954e+00 -7.083730304597696259e-01
6.872884296355387113e-01 7.584712465046317131e-02 -3.117910706532496246e+00 -7.862029878894218893e-01
7.729816950301514611e-01 6.707075863207101474e-02 -3.248380394418211470e+00 -7.924355685533941429e-01
8.586749604247639889e-01 9.742853032019249682e-02 -3.691576132914107689e+00 -5.961816215533009000e-01
9.443682258193765167e-01 8.391048914312071449e-02 -3.695823381370646477e+00 -5.703970666984111704e-01
1.030061491213989378e+00 8.262437148083978666e-02 -3.379196431242197374e+00 -6.755807067183079440e-01
1.115754756608602127e+00 7.582662302085685369e-02 -3.072868151968006778e+00 -7.738218256958853125e-01
1.201448022003214433e+00 8.013479731237327375e-02 -2.906332669968431315e+00 -8.735675388603777458e-01
1.287141287397826961e+00 5.945796012713089329e-02 -3.090630713084403070e+00 -6.187690734920394675e-01
1.372834552792439711e+00 7.208575274698680868e-02 -3.352197019602469741e+00 -2.201942265344502825e-01
1.458527818187052461e+00 9.681568504289239652e-02 -3.783035591241991291e+00 -8.370421490183919122e-01
1.544221083581664988e+00 7.320481210566576191e-02 -3.997496202757659933e+00 -2.021457166223586288e+00
1.629914348976277516e+00 7.414108547017916884e-02 -3.678888108728209705e+00 -1.741391157089780872e+00
1.715607614370890266e+00 5.320238689356227013e-02 -3.494932624507548713e+00 -1.071732501465120224e+00
1.801300879765503016e+00 6.622049970861509927e-02 -3.534235062127961680e+00 -1.083824957079551732e+00
1.886994145160115544e+00 1.267205134245839027e-01 -3.555810869480552583e+00 -4.737705972891859685e-01
1.972687410554728293e+00 1.663496088042294430e-01 -3.576999062222498083e+00 7.726579182157672365e-02
2.058380675949340599e+00 1.864853970934905458e-01 -3.774786659247875154e+00 -5.340529120404438057e-01
2.144073941343953127e+00 2.698614383061309629e-01 -3.852126469449590029e+00 -8.091920266378015425e-01
2.229767206738566099e+00 3.466765183521510751e-01 -3.650017161238908514e+00 1.937242158381628776e-01
2.315460472133178627e+00 4.422907659994239626e-01 -3.635055113281062678e+00 6.527123603229278981e-01
2.401153737527791154e+00 4.088086280006443252e-01 -3.516379871280904013e+00 8.493553522689393231e-01
2.486847002922404126e+00 4.399565295546655763e-01 -3.276711651200050035e+00 1.202363943819052317e+00
