#     bins                         n
-1.816187241836602073e-01 1.000000000000000000e+00
-1.723359033257762518e-01 2.000000000000000000e+00
-1.630530824678922686e-01 1.000000000000000000e+00
-1.537702616100083131e-01 1.000000000000000000e+00
-1.444874407521243576e-01 1.000000000000000000e+00
-1.352046198942404021e-01 0.000000000000000000e+00
-1.259217990363564188e-01 0.000000000000000000e+00
-1.166389781784724633e-01 1.000000000000000000e+00
-1.073561573205884939e-01 5.000000000000000000e+00
-9.807333646270452454e-02 6.000000000000000000e+00
-8.879051560482056904e-02 3.000000000000000000e+00
-7.950769474693659966e-02 0.000000000000000000e+00
-7.022487388905263028e-02 1.000000000000000000e+00
-6.094205303116867478e-02 1.000000000000000000e+00
-5.165923217328471928e-02 2.000000000000000000e+00
-4.237641131540073602e-02 3.000000000000000000e+00
-3.309359045751678052e-02 4.000000000000000000e+00
-2.381076959963282502e-02 8.000000000000000000e+00
-1.452794874174884177e-02 7.000000000000000000e+00
-5.245127883864886265e-03 4.000000000000000000e+00
4.037692974019069236e-03 3.000000000000000000e+00
1.332051383190305249e-02 3.000000000000000000e+00
2.260333468978700799e-02 2.000000000000000000e+00
3.188615554767096349e-02 6.000000000000000000e+00
4.116897640555494675e-02 3.000000000000000000e+00
5.045179726343890225e-02 1.000000000000000000e+00
5.973461812132285775e-02 2.000000000000000000e+00
6.901743897920681325e-02 2.000000000000000000e+00
7.830025983709076876e-02 4.000000000000000000e+00
8.758308069497477977e-02 4.000000000000000000e+00
9.686590155285873527e-02 1.000000000000000000e+00
1.061487224107426908e-01 2.000000000000000000e+00
1.154315432686266463e-01 0.000000000000000000e+00
1.247143641265106018e-01 2.000000000000000000e+00
1.339971849843945573e-01 4.000000000000000000e+00
1.432800058422785128e-01 2.000000000000000000e+00
1.525628267001625238e-01 1.000000000000000000e+00
1.618456475580464793e-01 0.000000000000000000e+00
1.711284684159304348e-01 2.000000000000000000e+00
1.804112892738143903e-01 1.000000000000000000e+00
1.896941101316983458e-01 0.000000000000000000e+00
1.989769309895823013e-01 1.000000000000000000e+00
2.082597518474663123e-01 1.000000000000000000e+00
2.175425727053502678e-01 0.000000000000000000e+00
2.268253935632342233e-01 1.000000000000000000e+00
2.361082144211181788e-01 0.000000000000000000e+00
2.453910352790021343e-01 0.000000000000000000e+00
2.546738561368860898e-01 0.000000000000000000e+00
2.639566769947701008e-01 0.000000000000000000e+00
2.732394978526540008e-01 1.000000000000000000e+00
