#     bins                         n
-2.568238161528758612e-01 2.000000000000000000e+00
-2.472535035666419134e-01 0.000000000000000000e+00
-2.376831909804080212e-01 0.000000000000000000e+00
-2.281128783941741289e-01 0.000000000000000000e+00
-2.185425658079402089e-01 0.000000000000000000e+00
-2.089722532217062889e-01 0.000000000000000000e+00
-1.994019406354723967e-01 1.000000000000000000e+00
-1.898316280492385044e-01 0.000000000000000000e+00
-1.802613154630045844e-01 0.000000000000000000e+00
-1.706910028767706644e-01 1.000000000000000000e+00
-1.611206902905367722e-01 2.000000000000000000e+00
-1.515503777043028799e-01 1.000000000000000000e+00
-1.419800651180689599e-01 0.000000000000000000e+00
-1.324097525318350399e-01 0.000000000000000000e+00
-1.228394399456011477e-01 1.000000000000000000e+00
-1.132691273593672554e-01 2.000000000000000000e+00
-1.036988147731333354e-01 3.000000000000000000e+00
-9.412850218689941539e-02 0.000000000000000000e+00
-8.455818960066552314e-02 0.000000000000000000e+00
-7.498787701443163090e-02 3.000000000000000000e+00
-6.541756442819771089e-02 3.000000000000000000e+00
-5.584725184196379089e-02 2.000000000000000000e+00
-4.627693925572989864e-02 3.000000000000000000e+00
-3.670662666949600639e-02 2.000000000000000000e+00
-2.713631408326208638e-02 0.000000000000000000e+00
-1.756600149702816638e-02 6.000000000000000000e+00
-7.995688910794274129e-03 5.000000000000000000e+00
1.574623675439618120e-03 6.000000000000000000e+00
1.114493626167353812e-02 3.000000000000000000e+00
2.071524884790745813e-02 6.000000000000000000e+00
3.028556143414132262e-02 6.000000000000000000e+00
3.985587402037524263e-02 2.000000000000000000e+00
4.942618660660916263e-02 5.000000000000000000e+00
5.899649919284308264e-02 3.000000000000000000e+00
6.856681177907700264e-02 3.000000000000000000e+00
7.813712436531086714e-02 2.000000000000000000e+00
8.770743695154478714e-02 2.000000000000000000e+00
9.727774953777870715e-02 6.000000000000000000e+00
1.068480621240125716e-01 2.000000000000000000e+00
1.164183747102464916e-01 2.000000000000000000e+00
1.259886872964804116e-01 6.000000000000000000e+00
1.355589998827143317e-01 2.000000000000000000e+00
1.451293124689482517e-01 1.000000000000000000e+00
1.546996250551821162e-01 0.000000000000000000e+00
1.642699376414160362e-01 1.000000000000000000e+00
1.738402502276499562e-01 2.000000000000000000e+00
1.834105628138838207e-01 1.000000000000000000e+00
1.929808754001177407e-01 1.000000000000000000e+00
2.025511879863516607e-01 0.000000000000000000e+00
2.121215005725855807e-01 1.000000000000000000e+00
