#     bins                         n
-3.198630177974700839e+00 1.000000000000000000e+00
-3.060557377338409157e+00 1.000000000000000000e+00
-2.922484576702117920e+00 2.000000000000000000e+00
-2.784411776065826238e+00 7.000000000000000000e+00
-2.646338975429535001e+00 7.000000000000000000e+00
-2.508266174793243319e+00 3.100000000000000000e+01
-2.370193374156951638e+00 3.200000000000000000e+01
-2.232120573520659956e+00 4.900000000000000000e+01
-2.094047772884368719e+00 6.000000000000000000e+01
-1.955974972248077481e+00 8.600000000000000000e+01
-1.817902171611785800e+00 1.090000000000000000e+02
-1.679829370975494118e+00 1.620000000000000000e+02
-1.541756570339202659e+00 1.900000000000000000e+02
-1.403683769702911199e+00 2.010000000000000000e+02
-1.265610969066619518e+00 2.760000000000000000e+02
-1.127538168430328280e+00 2.870000000000000000e+02
-9.894653677940365988e-01 3.070000000000000000e+02
-8.513925671577449172e-01 3.470000000000000000e+02
-7.133197665214536798e-01 4.360000000000000000e+02
-5.752469658851619982e-01 4.620000000000000000e+02
-4.371741652488707608e-01 5.120000000000000000e+02
-2.991013646125790792e-01 4.920000000000000000e+02
-1.610285639762873977e-01 5.450000000000000000e+02
-2.295576333999616025e-02 5.660000000000000000e+02
1.151170372962955213e-01 5.220000000000000000e+02
2.531898379325872028e-01 5.070000000000000000e+02
3.912626385688784403e-01 5.090000000000000000e+02
5.293354392051701218e-01 4.800000000000000000e+02
6.674082398414618034e-01 4.250000000000000000e+02
8.054810404777534849e-01 3.760000000000000000e+02
9.435538411140442783e-01 3.290000000000000000e+02
1.081626641750335960e+00 2.960000000000000000e+02
1.219699442386627641e+00 2.300000000000000000e+02
1.357772243022919323e+00 2.290000000000000000e+02
1.495845043659211004e+00 1.740000000000000000e+02
1.633917844295501798e+00 1.680000000000000000e+02
1.771990644931793479e+00 1.330000000000000000e+02
1.910063445568085161e+00 9.400000000000000000e+01
2.048136246204376842e+00 6.500000000000000000e+01
2.186209046840668524e+00 6.700000000000000000e+01
2.324281847476959317e+00 3.900000000000000000e+01
2.462354648113250999e+00 3.700000000000000000e+01
2.600427448749542680e+00 1.700000000000000000e+01
2.738500249385834362e+00 1.600000000000000000e+01
2.876573050022126044e+00 1.000000000000000000e+01
3.014645850658417725e+00 2.000000000000000000e+00
3.152718651294708518e+00 3.000000000000000000e+00
3.290791451931000200e+00 0.000000000000000000e+00
3.428864252567291881e+00 0.000000000000000000e+00
3.566937053203583563e+00 1.000000000000000000e+00
