#     bins                         n
8.488247873174956659e-01 1.000000000000000000e+00
8.502111390211739561e-01 0.000000000000000000e+00
8.515974907248524683e-01 0.000000000000000000e+00
8.529838424285307585e-01 1.000000000000000000e+00
8.543701941322090487e-01 0.000000000000000000e+00
8.557565458358875610e-01 0.000000000000000000e+00
8.571428975395658512e-01 0.000000000000000000e+00
8.585292492432443634e-01 0.000000000000000000e+00
8.599156009469226536e-01 0.000000000000000000e+00
8.613019526506011658e-01 0.000000000000000000e+00
8.626883043542794560e-01 0.000000000000000000e+00
8.640746560579577462e-01 1.000000000000000000e+00
8.654610077616362585e-01 1.000000000000000000e+00
8.668473594653145486e-01 1.000000000000000000e+00
8.682337111689930609e-01 2.000000000000000000e+00
8.696200628726713511e-01 2.000000000000000000e+00
8.710064145763498633e-01 2.000000000000000000e+00
8.723927662800281535e-01 3.000000000000000000e+00
8.737791179837064437e-01 4.000000000000000000e+00
8.751654696873849559e-01 5.000000000000000000e+00
8.765518213910632461e-01 3.000000000000000000e+00
8.779381730947417584e-01 7.000000000000000000e+00
8.793245247984200486e-01 3.000000000000000000e+00
8.807108765020985608e-01 4.000000000000000000e+00
8.820972282057768510e-01 4.000000000000000000e+00
8.834835799094551412e-01 4.000000000000000000e+00
8.848699316131336534e-01 5.000000000000000000e+00
8.862562833168119436e-01 2.000000000000000000e+00
8.876426350204904558e-01 2.000000000000000000e+00
8.890289867241687460e-01 5.000000000000000000e+00
8.904153384278472583e-01 4.000000000000000000e+00
8.918016901315255485e-01 0.000000000000000000e+00
8.931880418352038387e-01 3.000000000000000000e+00
8.945743935388823509e-01 3.000000000000000000e+00
8.959607452425606411e-01 7.000000000000000000e+00
8.973470969462391533e-01 5.000000000000000000e+00
8.987334486499174435e-01 4.000000000000000000e+00
9.001198003535959558e-01 4.000000000000000000e+00
9.015061520572742459e-01 1.000000000000000000e+00
9.028925037609525361e-01 3.000000000000000000e+00
9.042788554646310484e-01 1.000000000000000000e+00
9.056652071683093386e-01 1.000000000000000000e+00
9.070515588719878508e-01 0.000000000000000000e+00
9.084379105756661410e-01 0.000000000000000000e+00
9.098242622793446532e-01 1.000000000000000000e+00
9.112106139830229434e-01 0.000000000000000000e+00
9.125969656867012336e-01 0.000000000000000000e+00
9.139833173903797459e-01 0.000000000000000000e+00
9.153696690940580361e-01 0.000000000000000000e+00
9.167560207977365483e-01 1.000000000000000000e+00
