-1.188666512399836117e+00 -2.345532936523411216e-01 1.945521838472060505e+00 1.128259527155855091e+00 2.326926902720802617e-02 6.476397367761962953e-02 4.304162765804089852e-02
-9.887155598124067746e-01 -5.094626207272567875e-02 2.473226677245870253e-01 3.448560522725339639e-01 -1.271837577223777771e-02 1.026323894686307497e-01 5.721159279346466064e-02
-7.887646072249772100e-01 9.378486623540849276e-02 -2.593410261997963762e-01 1.583059050841377491e-02 3.864182735219971569e-03 1.626430061329100507e-01 5.912855674297364666e-02
-5.888136546375477565e-01 1.387055026294259363e-01 -2.658241827995347362e-01 -7.745006683683862414e-02 -3.477712103729505011e-03 2.577426831910115679e-01 5.805167058266032937e-02
-3.888627020501183029e-01 1.183594761128425876e-01 -1.784053137534201416e-01 -1.622925952064065702e-01 -4.919739456864091059e-03 4.084484929171515732e-01 5.505856007069080682e-02
-1.889117494626889049e-01 8.628692395525139336e-02 -3.613386376631589347e-01 -3.039337794343528465e-01 6.486147054547447988e-04 6.472741313190084611e-01 4.999350711027761296e-02
1.103920312474056600e-02 6.205111280035779941e-02 -9.626481790161500740e-01 -4.238355097999364496e-01 -8.326373654988961266e-04 1.025744514522565209e+00 4.161799481853078325e-02
2.109901557121700300e-01 4.714327546038998840e-02 -2.022695953153103243e+00 -3.778173398756659029e-01 -3.106820462930082226e-04 1.625511909349859341e+00 3.383926927383958810e-02
4.109411082995995113e-01 5.890519677593542003e-02 -2.783121118272243066e+00 -4.096015749388879912e-01 3.477789625623917483e-04 2.575971823420458495e+00 2.938943775787281054e-02
6.108920608870288538e-01 5.417631321290261592e-02 -3.038128972834022168e+00 -6.215644125267905107e-01 -1.888161391104113847e-04 4.082179156540360232e+00 2.320708142955694997e-02
8.108430134744583073e-01 6.011835305064106016e-02 -3.370469620597017713e+00 -7.060557676289191953e-01 5.859037046135940653e-04 6.469087322533415119e+00 1.658160193258433751e-02
1.010793966061887872e+00 5.620982093403037450e-02 -3.491802312957322574e+00 -6.982504428014782993e-01 -5.301480608149938085e-04 1.025165461430399283e+01 1.211343963663966475e-02
1.210744918649317325e+00 4.599898764213172786e-02 -3.307764043303908164e+00 -8.471836023197915067e-01 1.821350650640235220e-04 1.624594275685593558e+01 8.717557139358008550e-03
1.410695871236746557e+00 2.674371385178730964e-02 -3.337902439218054962e+00 -1.018811915351119701e+00 -6.131020259009741001e-04 2.574517636311907509e+01 5.552353940604678670e-03
1.610646823824176233e+00 2.058990053398190856e-02 -3.529688002981214989e+00 -1.061823936176270022e+00 -1.283133231349572415e-03 4.079874685563520842e+01 3.411693253475927678e-03
1.810597776411605908e+00 3.139663564463390788e-02 -3.727214020879168199e+00 -1.046172897709230831e+00 -1.671617963840981011e-03 6.465435394626841514e+01 2.088582947584593976e-03
2.010548728999035362e+00 8.678569646743794497e-02 -3.851152537985837565e+00 -1.068745220791856854e+00 7.002048179006564428e-05 1.024586735225171594e+02 1.301977388083836503e-03
2.210499681586464593e+00 1.422195489222966014e-01 -3.948723594727340913e+00 -1.368522926113479476e+00 -1.878667657006719525e-03 1.623677160043704077e+02 7.806537997015288149e-04
