#     bins                         n
8.560133473250659542e-01 1.000000000000000000e+00
8.571996239222650082e-01 0.000000000000000000e+00
8.583859005194639513e-01 0.000000000000000000e+00
8.595721771166630054e-01 0.000000000000000000e+00
8.607584537138620595e-01 0.000000000000000000e+00
8.619447303110610026e-01 0.000000000000000000e+00
8.631310069082600567e-01 1.000000000000000000e+00
8.643172835054591108e-01 0.000000000000000000e+00
8.655035601026581649e-01 0.000000000000000000e+00
8.666898366998571079e-01 1.000000000000000000e+00
8.678761132970561620e-01 1.000000000000000000e+00
8.690623898942552161e-01 0.000000000000000000e+00
8.702486664914541592e-01 0.000000000000000000e+00
8.714349430886532133e-01 2.000000000000000000e+00
8.726212196858522674e-01 2.000000000000000000e+00
8.738074962830513215e-01 3.000000000000000000e+00
8.749937728802502646e-01 2.000000000000000000e+00
8.761800494774493187e-01 6.000000000000000000e+00
8.773663260746483727e-01 6.000000000000000000e+00
8.785526026718473158e-01 2.000000000000000000e+00
8.797388792690463699e-01 4.000000000000000000e+00
8.809251558662454240e-01 5.000000000000000000e+00
8.821114324634443671e-01 8.000000000000000000e+00
8.832977090606434212e-01 3.000000000000000000e+00
8.844839856578424753e-01 1.000000000000000000e+00
8.856702622550414183e-01 5.000000000000000000e+00
8.868565388522404724e-01 7.000000000000000000e+00
8.880428154494395265e-01 6.000000000000000000e+00
8.892290920466385806e-01 6.000000000000000000e+00
8.904153686438375237e-01 1.000000000000000000e+00
8.916016452410365778e-01 1.000000000000000000e+00
8.927879218382356319e-01 3.000000000000000000e+00
8.939741984354345750e-01 3.000000000000000000e+00
8.951604750326336291e-01 5.000000000000000000e+00
8.963467516298326832e-01 1.000000000000000000e+00
8.975330282270317372e-01 1.000000000000000000e+00
8.987193048242306803e-01 4.000000000000000000e+00
8.999055814214297344e-01 2.000000000000000000e+00
9.010918580186287885e-01 0.000000000000000000e+00
9.022781346158277316e-01 0.000000000000000000e+00
9.034644112130267857e-01 1.000000000000000000e+00
9.046506878102258398e-01 1.000000000000000000e+00
9.058369644074247828e-01 0.000000000000000000e+00
9.070232410046238369e-01 1.000000000000000000e+00
9.082095176018228910e-01 1.000000000000000000e+00
9.093957941990218341e-01 1.000000000000000000e+00
9.105820707962208882e-01 1.000000000000000000e+00
9.117683473934199423e-01 0.000000000000000000e+00
9.129546239906189964e-01 0.000000000000000000e+00
9.141409005878179395e-01 1.000000000000000000e+00
