#     bins                         n
2.715551809058524765e-02 4.000000000000000000e+01
8.014869767124764566e-02 1.340000000000000000e+02
1.331418772519100402e-01 2.070000000000000000e+02
1.861350568325724486e-01 2.310000000000000000e+02
2.391282364132348570e-01 2.880000000000000000e+02
2.921214159938972377e-01 3.790000000000000000e+02
3.451145955745596461e-01 3.360000000000000000e+02
3.981077751552220545e-01 3.490000000000000000e+02
4.511009547358844629e-01 3.720000000000000000e+02
5.040941343165468158e-01 4.520000000000000000e+02
5.570873138972092242e-01 4.060000000000000000e+02
6.100804934778716326e-01 3.740000000000000000e+02
6.630736730585340410e-01 4.180000000000000000e+02
7.160668526391964495e-01 4.100000000000000000e+02
7.690600322198588579e-01 3.960000000000000000e+02
8.220532118005212663e-01 4.070000000000000000e+02
8.750463913811836747e-01 3.400000000000000000e+02
9.280395709618460831e-01 3.800000000000000000e+02
9.810327505425084915e-01 3.790000000000000000e+02
1.034025930123170678e+00 3.530000000000000000e+02
1.087019109703833086e+00 3.290000000000000000e+02
1.140012289284495495e+00 3.340000000000000000e+02
1.193005468865157903e+00 2.750000000000000000e+02
1.245998648445820312e+00 2.530000000000000000e+02
1.298991828026482720e+00 2.380000000000000000e+02
1.351985007607145128e+00 2.020000000000000000e+02
1.404978187187807537e+00 1.890000000000000000e+02
1.457971366768469945e+00 2.200000000000000000e+02
1.510964546349132354e+00 1.770000000000000000e+02
1.563957725929794762e+00 1.440000000000000000e+02
1.616950905510457170e+00 1.180000000000000000e+02
1.669944085091119579e+00 1.050000000000000000e+02
1.722937264671781987e+00 1.220000000000000000e+02
1.775930444252444396e+00 1.000000000000000000e+02
1.828923623833106804e+00 8.400000000000000000e+01
1.881916803413769212e+00 6.900000000000000000e+01
1.934909982994431621e+00 5.300000000000000000e+01
1.987903162575094029e+00 5.500000000000000000e+01
2.040896342155756216e+00 4.700000000000000000e+01
2.093889521736418846e+00 2.800000000000000000e+01
2.146882701317081032e+00 4.000000000000000000e+01
2.199875880897743663e+00 1.700000000000000000e+01
2.252869060478405849e+00 2.700000000000000000e+01
2.305862240059068480e+00 1.200000000000000000e+01
2.358855419639730666e+00 1.300000000000000000e+01
2.411848599220393297e+00 8.000000000000000000e+00
2.464841778801055483e+00 6.000000000000000000e+00
2.517834958381718113e+00 3.000000000000000000e+00
2.570828137962380300e+00 0.000000000000000000e+00
2.623821317543042930e+00 4.000000000000000000e+00
