#     bins                         n
-3.056104679107666033e+00 2.000000000000000000e+00
-2.925933418273925835e+00 5.000000000000000000e+00
-2.795762157440185636e+00 6.000000000000000000e+00
-2.665590896606445437e+00 1.800000000000000000e+01
-2.535419635772705238e+00 9.000000000000000000e+00
-2.405248374938965039e+00 3.200000000000000000e+01
-2.275077114105224840e+00 4.500000000000000000e+01
-2.144905853271484641e+00 5.500000000000000000e+01
-2.014734592437744443e+00 8.300000000000000000e+01
-1.884563331604004022e+00 1.040000000000000000e+02
-1.754392070770263823e+00 1.390000000000000000e+02
-1.624220809936523624e+00 1.720000000000000000e+02
-1.494049549102783203e+00 1.640000000000000000e+02
-1.363878288269043004e+00 1.980000000000000000e+02
-1.233707027435302805e+00 2.430000000000000000e+02
-1.103535766601562607e+00 2.930000000000000000e+02
-9.733645057678224077e-01 3.240000000000000000e+02
-8.431932449340822089e-01 3.480000000000000000e+02
-7.130219841003420100e-01 3.520000000000000000e+02
-5.828507232666018112e-01 4.160000000000000000e+02
-4.526794624328616123e-01 4.560000000000000000e+02
-3.225082015991214135e-01 4.570000000000000000e+02
-1.923369407653812146e-01 4.960000000000000000e+02
-6.216567993164101580e-02 5.270000000000000000e+02
6.800558090209962714e-02 4.660000000000000000e+02
1.981768417358398260e-01 4.840000000000000000e+02
3.283481025695800248e-01 4.860000000000000000e+02
4.585193634033202237e-01 4.560000000000000000e+02
5.886906242370604225e-01 4.240000000000000000e+02
7.188618850708006214e-01 4.170000000000000000e+02
8.490331459045408202e-01 3.330000000000000000e+02
9.792044067382810191e-01 3.270000000000000000e+02
1.109375667572021218e+00 2.760000000000000000e+02
1.239546928405761417e+00 2.930000000000000000e+02
1.369718189239501616e+00 2.490000000000000000e+02
1.499889450073241814e+00 1.630000000000000000e+02
1.630060710906982013e+00 1.460000000000000000e+02
1.760231971740722212e+00 1.170000000000000000e+02
1.890403232574462411e+00 8.300000000000000000e+01
2.020574493408202610e+00 7.900000000000000000e+01
2.150745754241942809e+00 4.600000000000000000e+01
2.280917015075683008e+00 4.700000000000000000e+01
2.411088275909423206e+00 1.900000000000000000e+01
2.541259536743163405e+00 2.100000000000000000e+01
2.671430797576903604e+00 8.000000000000000000e+00
2.801602058410643803e+00 7.000000000000000000e+00
2.931773319244384002e+00 5.000000000000000000e+00
3.061944580078124201e+00 0.000000000000000000e+00
3.192115840911865288e+00 0.000000000000000000e+00
3.322287101745605487e+00 2.000000000000000000e+00
