#     bins                         n
8.768680863745954568e-01 1.000000000000000000e+00
8.779100817502598630e-01 0.000000000000000000e+00
8.789520771259244913e-01 0.000000000000000000e+00
8.799940725015888976e-01 0.000000000000000000e+00
8.810360678772535259e-01 0.000000000000000000e+00
8.820780632529179321e-01 0.000000000000000000e+00
8.831200586285825604e-01 0.000000000000000000e+00
8.841620540042471887e-01 0.000000000000000000e+00
8.852040493799115950e-01 0.000000000000000000e+00
8.862460447555762233e-01 0.000000000000000000e+00
8.872880401312406295e-01 0.000000000000000000e+00
8.883300355069052578e-01 0.000000000000000000e+00
8.893720308825696641e-01 2.000000000000000000e+00
8.904140262582342924e-01 0.000000000000000000e+00
8.914560216338986987e-01 1.000000000000000000e+00
8.924980170095633270e-01 2.000000000000000000e+00
8.935400123852277332e-01 0.000000000000000000e+00
8.945820077608923615e-01 0.000000000000000000e+00
8.956240031365567678e-01 2.000000000000000000e+00
8.966659985122213961e-01 1.000000000000000000e+00
8.977079938878860244e-01 1.000000000000000000e+00
8.987499892635504306e-01 1.000000000000000000e+00
8.997919846392150589e-01 3.000000000000000000e+00
9.008339800148794652e-01 1.000000000000000000e+00
9.018759753905440935e-01 4.000000000000000000e+00
9.029179707662084997e-01 9.000000000000000000e+00
9.039599661418731280e-01 4.000000000000000000e+00
9.050019615175375343e-01 3.000000000000000000e+00
9.060439568932021626e-01 0.000000000000000000e+00
9.070859522688665688e-01 7.000000000000000000e+00
9.081279476445311971e-01 7.000000000000000000e+00
9.091699430201956034e-01 4.000000000000000000e+00
9.102119383958602317e-01 5.000000000000000000e+00
9.112539337715248600e-01 6.000000000000000000e+00
9.122959291471892662e-01 1.000000000000000000e+00
9.133379245228538945e-01 6.000000000000000000e+00
9.143799198985183008e-01 2.000000000000000000e+00
9.154219152741829291e-01 1.000000000000000000e+00
9.164639106498473353e-01 3.000000000000000000e+00
9.175059060255119636e-01 3.000000000000000000e+00
9.185479014011763699e-01 6.000000000000000000e+00
9.195898967768409982e-01 2.000000000000000000e+00
9.206318921525054044e-01 1.000000000000000000e+00
9.216738875281700327e-01 1.000000000000000000e+00
9.227158829038344390e-01 4.000000000000000000e+00
9.237578782794990673e-01 2.000000000000000000e+00
9.247998736551636956e-01 2.000000000000000000e+00
9.258418690308281018e-01 0.000000000000000000e+00
9.268838644064927301e-01 0.000000000000000000e+00
9.279258597821571364e-01 2.000000000000000000e+00
