#     bins                         n
-2.549791259765624929e+00 2.000000000000000000e+00
-2.446715602874755646e+00 0.000000000000000000e+00
-2.343639945983886808e+00 6.000000000000000000e+00
-2.240564289093017525e+00 2.500000000000000000e+01
-2.137488632202148242e+00 3.000000000000000000e+01
-2.034412975311279403e+00 5.800000000000000000e+01
-1.931337318420410121e+00 1.010000000000000000e+02
-1.828261661529540838e+00 1.170000000000000000e+02
-1.725186004638671777e+00 1.300000000000000000e+02
-1.622110347747802717e+00 1.360000000000000000e+02
-1.519034690856933434e+00 1.460000000000000000e+02
-1.415959033966064373e+00 2.240000000000000000e+02
-1.312883377075195312e+00 2.500000000000000000e+02
-1.209807720184326030e+00 3.270000000000000000e+02
-1.106732063293456969e+00 3.420000000000000000e+02
-1.003656406402587686e+00 3.460000000000000000e+02
-9.005807495117186257e-01 3.410000000000000000e+02
-7.975050926208495650e-01 3.520000000000000000e+02
-6.944294357299802822e-01 3.490000000000000000e+02
-5.913537788391112215e-01 3.050000000000000000e+02
-4.882781219482419388e-01 3.250000000000000000e+02
-3.852024650573731002e-01 3.460000000000000000e+02
-2.821268081665038174e-01 3.040000000000000000e+02
-1.790511512756345347e-01 3.260000000000000000e+02
-7.597549438476569605e-02 3.240000000000000000e+02
2.710016250610358668e-02 3.560000000000000000e+02
1.301758193969728694e-01 3.500000000000000000e+02
2.332514762878421521e-01 3.180000000000000000e+02
3.363271331787109908e-01 2.820000000000000000e+02
4.394027900695802735e-01 3.220000000000000000e+02
5.424784469604495563e-01 3.120000000000000000e+02
6.455541038513183949e-01 2.980000000000000000e+02
7.486297607421876776e-01 2.650000000000000000e+02
8.517054176330569604e-01 2.570000000000000000e+02
9.547810745239257990e-01 2.340000000000000000e+02
1.057856731414795082e+00 2.590000000000000000e+02
1.160932388305664364e+00 2.260000000000000000e+02
1.264008045196533203e+00 2.080000000000000000e+02
1.367083702087402486e+00 1.990000000000000000e+02
1.470159358978271769e+00 1.830000000000000000e+02
1.573235015869141051e+00 1.520000000000000000e+02
1.676310672760010334e+00 1.580000000000000000e+02
1.779386329650878729e+00 1.210000000000000000e+02
1.882461986541748011e+00 8.600000000000000000e+01
1.985537643432617294e+00 5.400000000000000000e+01
2.088613300323486577e+00 3.200000000000000000e+01
2.191688957214355860e+00 1.000000000000000000e+01
2.294764614105225142e+00 1.000000000000000000e+01
2.397840270996093537e+00 1.000000000000000000e+00
2.500915927886962820e+00 1.000000000000000000e+00
