#     bins                         n
-2.703342673999445944e-01 1.000000000000000000e+00
-2.602543061364203103e-01 0.000000000000000000e+00
-2.501743448728959152e-01 0.000000000000000000e+00
-2.400943836093715755e-01 0.000000000000000000e+00
-2.300144223458472359e-01 0.000000000000000000e+00
-2.199344610823228963e-01 1.000000000000000000e+00
-2.098544998187985289e-01 0.000000000000000000e+00
-1.997745385552741892e-01 1.000000000000000000e+00
-1.896945772917498496e-01 1.000000000000000000e+00
-1.796146160282255100e-01 0.000000000000000000e+00
-1.695346547647011703e-01 0.000000000000000000e+00
-1.594546935011768030e-01 0.000000000000000000e+00
-1.493747322376524633e-01 1.000000000000000000e+00
-1.392947709741281237e-01 0.000000000000000000e+00
-1.292148097106037563e-01 0.000000000000000000e+00
-1.191348484470794167e-01 2.000000000000000000e+00
-1.090548871835550770e-01 4.000000000000000000e+00
-9.897492592003073741e-02 2.000000000000000000e+00
-8.889496465650639778e-02 1.000000000000000000e+00
-7.881500339298203039e-02 3.000000000000000000e+00
-6.873504212945769076e-02 2.000000000000000000e+00
-5.865508086593335113e-02 3.000000000000000000e+00
-4.857511960240898374e-02 3.000000000000000000e+00
-3.849515833888464411e-02 7.000000000000000000e+00
-2.841519707536030448e-02 4.000000000000000000e+00
-1.833523581183596485e-02 4.000000000000000000e+00
-8.255274548311625216e-03 5.000000000000000000e+00
1.824686715212714416e-03 7.000000000000000000e+00
1.190464797873710956e-02 4.000000000000000000e+00
2.198460924226144919e-02 5.000000000000000000e+00
3.206457050578578882e-02 6.000000000000000000e+00
4.214453176931012846e-02 3.000000000000000000e+00
5.222449303283446809e-02 4.000000000000000000e+00
6.230445429635880772e-02 4.000000000000000000e+00
7.238441555988314735e-02 3.000000000000000000e+00
8.246437682340748698e-02 3.000000000000000000e+00
9.254433808693182661e-02 4.000000000000000000e+00
1.026242993504562218e-01 2.000000000000000000e+00
1.127042606139805614e-01 1.000000000000000000e+00
1.227842218775049010e-01 2.000000000000000000e+00
1.328641831410292407e-01 1.000000000000000000e+00
1.429441444045535803e-01 2.000000000000000000e+00
1.530241056680779199e-01 0.000000000000000000e+00
1.631040669316022595e-01 0.000000000000000000e+00
1.731840281951266547e-01 1.000000000000000000e+00
1.832639894586509943e-01 1.000000000000000000e+00
1.933439507221753340e-01 0.000000000000000000e+00
2.034239119856996736e-01 1.000000000000000000e+00
2.135038732492240132e-01 0.000000000000000000e+00
2.235838345127483529e-01 1.000000000000000000e+00
