#     bins                         n
-2.530167772769927659e+00 1.000000000000000000e+01
-2.422722442150115896e+00 1.400000000000000000e+01
-2.315277111530304133e+00 2.900000000000000000e+01
-2.207831780910491482e+00 3.600000000000000000e+01
-2.100386450290679718e+00 5.200000000000000000e+01
-1.992941119670867733e+00 8.500000000000000000e+01
-1.885495789051055748e+00 9.400000000000000000e+01
-1.778050458431243763e+00 1.070000000000000000e+02
-1.670605127811431778e+00 1.280000000000000000e+02
-1.563159797191619793e+00 1.560000000000000000e+02
-1.455714466571807808e+00 1.750000000000000000e+02
-1.348269135951995823e+00 1.890000000000000000e+02
-1.240823805332183616e+00 2.200000000000000000e+02
-1.133378474712371631e+00 2.450000000000000000e+02
-1.025933144092559646e+00 2.710000000000000000e+02
-9.184878134727476606e-01 2.790000000000000000e+02
-8.110424828529356756e-01 3.060000000000000000e+02
-7.035971522331236905e-01 3.420000000000000000e+02
-5.961518216133117054e-01 3.330000000000000000e+02
-4.887064909934994983e-01 3.740000000000000000e+02
-3.812611603736877353e-01 3.360000000000000000e+02
-2.738158297538755281e-01 3.770000000000000000e+02
-1.663704991340637651e-01 3.860000000000000000e+02
-5.892516851425155799e-02 3.590000000000000000e+02
4.852016210556064912e-02 3.940000000000000000e+02
1.559654927253724122e-01 3.870000000000000000e+02
2.634108233451846193e-01 3.850000000000000000e+02
3.708561539649963823e-01 3.690000000000000000e+02
4.783014845848085894e-01 3.520000000000000000e+02
5.857468152046203524e-01 3.360000000000000000e+02
6.931921458244325596e-01 3.360000000000000000e+02
8.006374764442443226e-01 3.000000000000000000e+02
9.080828070640565297e-01 3.060000000000000000e+02
1.015528137683868737e+00 2.690000000000000000e+02
1.122973468303680500e+00 2.490000000000000000e+02
1.230418798923492707e+00 2.460000000000000000e+02
1.337864129543304470e+00 2.160000000000000000e+02
1.445309460163116677e+00 1.900000000000000000e+02
1.552754790782928884e+00 1.630000000000000000e+02
1.660200121402740647e+00 1.300000000000000000e+02
1.767645452022552410e+00 9.600000000000000000e+01
1.875090782642365062e+00 1.030000000000000000e+02
1.982536113262176825e+00 6.700000000000000000e+01
2.089981443881988810e+00 3.000000000000000000e+01
2.197426774501800573e+00 4.200000000000000000e+01
2.304872105121613224e+00 3.000000000000000000e+01
2.412317435741424987e+00 2.100000000000000000e+01
2.519762766361236750e+00 9.000000000000000000e+00
2.627208096981049401e+00 4.000000000000000000e+00
2.734653427600861164e+00 3.000000000000000000e+00
