#     bins                         n
-2.899858241081237686e+00 1.000000000000000000e+00
-2.787467732429504075e+00 1.000000000000000000e+00
-2.675077223777770907e+00 2.000000000000000000e+00
-2.562686715126037296e+00 4.000000000000000000e+00
-2.450296206474304128e+00 1.700000000000000000e+01
-2.337905697822570517e+00 1.800000000000000000e+01
-2.225515189170837349e+00 3.200000000000000000e+01
-2.113124680519103737e+00 5.200000000000000000e+01
-2.000734171867370570e+00 6.800000000000000000e+01
-1.888343663215636958e+00 9.700000000000000000e+01
-1.775953154563903569e+00 1.260000000000000000e+02
-1.663562645912170179e+00 1.510000000000000000e+02
-1.551172137260436790e+00 1.790000000000000000e+02
-1.438781628608703400e+00 1.950000000000000000e+02
-1.326391119956970011e+00 2.300000000000000000e+02
-1.214000611305236621e+00 2.340000000000000000e+02
-1.101610102653503231e+00 2.540000000000000000e+02
-9.892195940017698419e-01 2.690000000000000000e+02
-8.768290853500362303e-01 2.730000000000000000e+02
-7.644385766983030628e-01 3.560000000000000000e+02
-6.520480680465694512e-01 3.600000000000000000e+02
-5.396575593948362837e-01 3.760000000000000000e+02
-4.272670507431026721e-01 3.590000000000000000e+02
-3.148765420913695046e-01 3.920000000000000000e+02
-2.024860334396358930e-01 3.910000000000000000e+02
-9.009552478790272545e-02 4.010000000000000000e+02
2.229498386383088615e-02 4.290000000000000000e+02
1.346854925155640537e-01 4.220000000000000000e+02
2.470760011672976653e-01 3.840000000000000000e+02
3.594665098190308328e-01 3.630000000000000000e+02
4.718570184707644444e-01 3.510000000000000000e+02
5.842475271224976119e-01 3.510000000000000000e+02
6.966380357742312235e-01 3.380000000000000000e+02
8.090285444259648351e-01 3.220000000000000000e+02
9.214190530776980026e-01 3.310000000000000000e+02
1.033809561729431614e+00 2.470000000000000000e+02
1.146200070381165226e+00 2.490000000000000000e+02
1.258590579032897949e+00 2.300000000000000000e+02
1.370981087684631561e+00 2.210000000000000000e+02
1.483371596336365172e+00 1.920000000000000000e+02
1.595762104988098784e+00 1.470000000000000000e+02
1.708152613639831507e+00 1.340000000000000000e+02
1.820543122291565119e+00 1.080000000000000000e+02
1.932933630943298731e+00 9.400000000000000000e+01
2.045324139595032342e+00 5.400000000000000000e+01
2.157714648246765066e+00 4.300000000000000000e+01
2.270105156898498677e+00 2.800000000000000000e+01
2.382495665550232289e+00 2.200000000000000000e+01
2.494886174201965900e+00 1.100000000000000000e+01
2.607276682853699512e+00 4.000000000000000000e+00
