#           logr                   beta                      gamma                  kappa                  VR_average                  r                  sigmarad2                  r_r2                   rho
-1.233841123305862597e+00 1.695973590865189617e-01 1.616653155756457183e+00 4.845561495874251001e+00 -1.715291043122609341e-02 5.836585833544889745e-02 7.057397067546844482e-02 3.682636698364198657e-02 1.474937705119975032e-02
-1.174916613927040832e+00 -5.427471707146525048e-01 -1.267953481431204343e+00 -2.611501251510185195e+00 3.626495227217674255e-02 6.684722542792351230e-02 4.021235555410385132e-02 4.217774784187146297e-02 1.374447594555128042e-02
-1.115992104548219288e+00 -1.532197359951246174e-01 4.645678365805534088e-02 1.383490773665299045e+00 9.541862540774874446e-03 7.656105255454827285e-02 3.474415010876125837e-02 4.830675841042628843e-02 1.045554328724007664e-02
-1.057067595169397523e+00 2.136268158087063496e-01 1.991740389897590724e+00 2.814161891358037515e+00 2.927891121191136814e-02 8.768643321749283737e-02 5.853323726093067475e-02 5.532639904984908152e-02 1.391884094109704234e-02
-9.981430857905757570e-01 4.662576549187077424e-01 1.876685773127948764e-01 9.682764450720392213e-02 1.931853219866752625e-02 1.004284856837310558e-01 7.456377893686294556e-02 6.336609063717404955e-02 1.795028114051882770e-02
-9.392185764117539915e-01 -5.372316880833283292e-03 -3.866659318337828388e-01 -1.510229225580939527e+00 -7.559365951097928027e-03 1.150221347435912145e-01 6.009157498677571152e-02 7.257406069425928474e-02 1.464602022783093906e-02
-8.802940670329324480e-01 -1.933936090716787959e-01 5.251295084267058183e-02 8.184969466861968801e-02 -3.501258790493011475e-02 1.317364430111690743e-01 4.949358105659484863e-02 8.312007625359355001e-02 1.616229592707438267e-02
-8.213695576541106824e-01 -7.433020576015536562e-02 -5.344337606801530249e-01 6.083824636028373201e-01 1.341699334708127203e-02 1.508795716226433714e-01 6.144117225300182311e-02 9.519857384733217132e-02 1.485621682766774185e-02
-7.624450482752889169e-01 -8.330397628389496489e-03 -5.530771911806614538e-01 -6.316771781164880473e-01 -1.538764565221724910e-02 1.728044617927197713e-01 5.837758894889585187e-02 1.090322443270634739e-01 1.398043098803511755e-02
-7.035205388964672624e-01 -1.704542006209526228e-01 -5.520136480556985248e-01 -1.184499510085962742e-01 3.219492295209099020e-02 1.979153419798685976e-01 5.176270428825827108e-02 1.248761386075071950e-01 1.278582114703296149e-02
-6.445960295176456079e-01 -3.068878285672616002e-02 -2.544252233053370671e-01 3.708887336702434423e-01 4.993278781572977644e-03 2.266751806327409469e-01 5.653103590011596818e-02 1.430223700316023416e-01 1.203555975014925124e-02
-5.856715201388238423e-01 1.182163582440819427e-01 -7.203526406393090387e-02 -2.407772009907286348e-01 -2.358865003291966012e-03 2.596142219237967952e-01 5.724345402223389445e-02 1.638055000543303941e-01 1.193286870376734921e-02
-5.267470107600021878e-01 -4.633710778366029182e-02 -4.856949161344273347e-02 -1.509804091075097054e-01 6.758419972545695771e-03 2.973397618431773970e-01 5.295556266352815372e-02 1.876087065409442756e-01 1.180258150111177309e-02
-4.678225013811804778e-01 8.188077722339315301e-03 -2.654979201107490194e-01 3.277795182372542082e-01 -1.528928381970307004e-02 3.405473448943341919e-01 5.494560222481600226e-02 2.148708484043095890e-01 1.177662904234883824e-02
-4.088979920023588788e-01 6.276325057009224384e-02 -2.312495295960690922e-01 -7.602490767343587919e-02 5.913829203132244970e-04 3.900335878245125842e-01 5.788154053173476948e-02 2.460945568318366750e-01 1.098217446477640739e-02
-3.499734826235372243e-01 3.566164492609136261e-02 -6.615840723061174045e-02 3.099289886132370817e-02 5.195877923409805439e-04 4.467108668207760425e-01 5.382369106079536863e-02 2.818555022796820908e-01 1.106033968118031764e-02
-2.910489732447154032e-01 1.267987142799397171e-01 -1.792685396128161912e-01 2.923427908152540639e-02 6.069010728365415407e-03 5.116241389589061273e-01 5.837038585117885342e-02 3.228130080894767717e-01 1.078677538250531406e-02
-2.321244638658938042e-01 8.166654633226977378e-02 -1.954710083200077164e-01 -4.455669701430217677e-01 -3.500412377743965069e-03 5.859702080416635539e-01 5.425236914332641491e-02 3.697222064104743744e-01 1.053517717119865568e-02
-1.731999544870721219e-01 9.044148821240116654e-02 -2.864754824635082908e-01 -2.099970048490433783e-01 2.441613153739421397e-03 6.711197900300193142e-01 5.172290798384755056e-02 4.234479605454458118e-01 1.022952737313216620e-02
-1.142754451082503564e-01 1.096872735477767424e-01 -4.320244858128819976e-01 -2.009508856596345650e-01 -5.026727362037905662e-03 7.686427848869629154e-01 5.124727379536590799e-02 4.849808104061384961e-01 9.747224952009417992e-03
-5.535093572942868800e-02 1.191088978346180882e-01 -5.318383643516427783e-01 -2.824959443843428342e-01 9.280736033698418989e-04 8.803372207700188579e-01 4.897800252370913821e-02 5.554552350641246417e-01 9.097915672202847026e-03
3.573573649392941358e-03 1.427787855433572117e-01 -7.319064073957652905e-01 -4.263892642227455343e-01 2.182849142617065454e-03 1.008262404215570562e+00 4.746559150309829361e-02 6.361705691030715704e-01 8.437316870360318799e-03
6.249808302821469735e-02 1.381411415839031154e-01 -1.056689849872230358e+00 -4.726256441990228652e-01 3.412045986943930496e-03 1.154776887503816907e+00 4.362661455673984973e-02 7.286149584065111373e-01 7.459117615007484527e-03
1.214225924070364004e-01 1.696619403747433585e-01 -1.448036137566044435e+00 -2.699399444057412611e-01 4.428794819616378893e-04 1.322581953207384586e+00 4.175230235797728479e-02 8.344927970531584860e-01 6.333948060530200479e-03
1.803471017858580550e-01 1.967912768656846501e-01 -1.928132921304815062e+00 -1.637770038396719474e-01 2.081667552792168530e-03 1.514771417646751717e+00 4.054519143517936602e-02 9.557561511728921433e-01 5.035444541840290548e-03
2.392716111646797927e-01 2.465714378220807967e-01 -2.376803062259690513e+00 -9.211707436818905581e-02 -1.581803447999968184e-03 1.734888671477102129e+00 3.993737072286723117e-02 1.094640749123962697e+00 3.753582148090725979e-03
2.981961205435014750e-01 2.861349038273059975e-01 -2.660291856765845786e+00 -2.322161986755095012e-02 1.190762949055984999e-03 1.986992009061980813e+00 3.954425959545403158e-02 1.253707201541111482e+00 2.642006662925437763e-03
3.571206299223231295e-01 3.282124597785740505e-01 -2.864050054329905670e+00 -1.171747187669501186e-02 1.037142861392348087e-03 2.275729451109206991e+00 3.968650227855700929e-02 1.435888211227232869e+00 1.823614933749521374e-03
4.160451393011448395e-01 3.787065870266149714e-01 -2.978941788970274285e+00 -1.475312581296566727e-01 -5.729142731392871182e-04 2.606424440071446913e+00 3.941872345727254895e-02 1.644542643295754614e+00 1.214530484408002766e-03
4.749696486799664941e-01 3.914019162446469302e-01 -2.930505748877414440e+00 -2.531308714909136226e-01 -1.772209649389261616e-03 2.985173988274651524e+00 3.812908738146434523e-02 1.883517452453121521e+00 8.125830767477096100e-04
5.338941580587880376e-01 4.385710285922468366e-01 -2.922820699481324613e+00 -4.037322709479977401e-01 4.114681117811883212e-04 3.418961088328082099e+00 3.680199238090459124e-02 2.157218609172598001e+00 5.483415975448360270e-04
5.928186674376098031e-01 4.499343623198048814e-01 -2.997633662010437572e+00 -5.744383327761600766e-01 5.116289892692294427e-04 3.915783458322857236e+00 3.417251624213685224e-02 2.470692332422857351e+00 3.676344674975310679e-04
6.517431768164315686e-01 4.642310197756774892e-01 -3.085387716635886068e+00 -5.914544723944611393e-01 1.514237595757400203e-05 4.484800995489870878e+00 3.149012156713037330e-02 2.829718126636415754e+00 2.430989076252645464e-04
7.106676861952531121e-01 4.817950846586015468e-01 -3.135934604943694026e+00 -6.502325983790793185e-01 -5.445590822901688892e-05 5.136504656915215961e+00 2.910547084790714861e-02 3.240915338237370324e+00 1.591498768588162733e-04
7.695921955740748777e-01 4.841698867712413978e-01 -3.156190551460087867e+00 -7.251505893885957788e-01 -7.109742993634931554e-04 5.882909880961139315e+00 2.639642204410642262e-02 3.711865196307529757e+00 1.038045024732279538e-04
8.285167049528966432e-01 5.109567573503058791e-01 -3.377674097642811901e+00 -7.109407009357309182e-01 9.131840127086943300e-05 6.737778115496695364e+00 2.390651902013943980e-02 4.251250587450555507e+00 6.758531579978341579e-05
8.874412143317181867e-01 5.272804947917453244e-01 -3.703324042768970425e+00 -4.987371660384635752e-01 -4.174261657574101689e-04 7.716870537246643735e+00 2.176513671875000139e-02 4.869016141878583781e+00 4.151075315847123874e-05
9.463657237105399522e-01 5.608626412443908915e-01 -3.857216540919823800e+00 -3.565155536670929215e-01 3.810226548882144162e-04 8.838238640073624808e+00 2.088048867088247718e-02 5.576551582223088666e+00 2.474111356979779127e-05
1.005290233089361829e+00 5.869560188937407164e-01 -3.721904048445559443e+00 -3.223343633907881922e-01 2.612237717548004088e-04 1.012255704975989978e+01 1.975815514935438943e-02 6.386901715465765683e+00 1.457442496584340721e-05
1.064214742468183372e+00 6.085149038065009730e-01 -3.462506765845123180e+00 -3.973215354705234015e-01 1.832142871199796044e-03 1.159350470138360301e+01 1.913171355618682734e-02 7.315006939603633462e+00 9.011487877640036727e-06
1.123139251847005138e+00 6.219708202910252393e-01 -3.233508098439213274e+00 -7.535161046284508668e-01 5.868360973699605953e-04 1.327820140704386986e+01 1.773872652341172695e-02 8.377978699261564799e+00 5.695585869390297991e-06
1.182063761225826903e+00 6.186405800254126675e-01 -3.050925391561333910e+00 -9.621034460721695769e-01 1.352290914516256258e-03 1.520770786291917531e+01 1.559382788208697572e-02 9.595414968818037238e+00 3.747405986792275458e-06
1.240988270604648447e+00 6.255185738259763095e-01 -3.135625006238639489e+00 -9.445264885044496461e-01 4.671631247258412403e-04 1.741759831427216199e+01 1.366279308416232761e-02 1.098976157959585365e+01 2.488799095002256917e-06
1.299912779983470212e+00 6.305831399487779043e-01 -3.283102297992668284e+00 -8.701707955494467628e-01 9.280002643832990046e-04 1.994861643660631856e+01 1.206816436456217313e-02 1.258672605289505775e+01 1.600296355195614810e-06
1.358837289362291978e+00 6.482565027539084479e-01 -3.332177798684136771e+00 -8.106688898530719500e-01 1.539730491794335404e-04 2.284742652543305397e+01 1.078923659642690505e-02 1.441575156869356711e+01 1.021126285679670046e-06
