#     bins                         n
-2.954406945705414067e+00 3.000000000000000000e+00
-2.824968006610870219e+00 9.000000000000000000e+00
-2.695529067516327260e+00 1.800000000000000000e+01
-2.566090128421783412e+00 2.400000000000000000e+01
-2.436651189327240452e+00 3.000000000000000000e+01
-2.307212250232696604e+00 3.400000000000000000e+01
-2.177773311138152756e+00 4.800000000000000000e+01
-2.048334372043609797e+00 7.700000000000000000e+01
-1.918895432949066171e+00 8.700000000000000000e+01
-1.789456493854522767e+00 1.020000000000000000e+02
-1.660017554759979364e+00 1.180000000000000000e+02
-1.530578615665435738e+00 1.710000000000000000e+02
-1.401139676570892334e+00 2.140000000000000000e+02
-1.271700737476348930e+00 2.420000000000000000e+02
-1.142261798381805304e+00 3.090000000000000000e+02
-1.012822859287261901e+00 3.270000000000000000e+02
-8.833839201927184970e-01 3.720000000000000000e+02
-7.539449810981750932e-01 4.030000000000000000e+02
-6.245060420036316895e-01 3.970000000000000000e+02
-4.950671029090882858e-01 4.350000000000000000e+02
-3.656281638145448820e-01 4.620000000000000000e+02
-2.361892247200010342e-01 4.550000000000000000e+02
-1.067502856254576304e-01 4.900000000000000000e+02
2.268865346908577330e-02 4.600000000000000000e+02
1.521275925636291770e-01 4.960000000000000000e+02
2.815665316581725808e-01 4.420000000000000000e+02
4.110054707527159845e-01 4.140000000000000000e+02
5.404444098472593883e-01 4.390000000000000000e+02
6.698833489418032361e-01 4.070000000000000000e+02
7.993222880363466398e-01 3.780000000000000000e+02
9.287612271308900436e-01 3.590000000000000000e+02
1.058200166225433003e+00 3.080000000000000000e+02
1.187639105319976851e+00 2.720000000000000000e+02
1.317078044414520699e+00 2.430000000000000000e+02
1.446516983509063659e+00 1.840000000000000000e+02
1.575955922603607506e+00 1.690000000000000000e+02
1.705394861698150466e+00 1.220000000000000000e+02
1.834833800792694314e+00 9.300000000000000000e+01
1.964272739887237273e+00 8.600000000000000000e+01
2.093711678981780899e+00 6.200000000000000000e+01
2.223150618076323859e+00 4.400000000000000000e+01
2.352589557170867707e+00 2.600000000000000000e+01
2.482028496265411555e+00 1.600000000000000000e+01
2.611467435359954514e+00 1.100000000000000000e+01
2.740906374454498362e+00 1.000000000000000000e+01
2.870345313549041322e+00 3.000000000000000000e+00
2.999784252643585170e+00 0.000000000000000000e+00
3.129223191738128129e+00 3.000000000000000000e+00
3.258662130832671977e+00 0.000000000000000000e+00
3.388101069927215825e+00 3.000000000000000000e+00
