#     bins                         n
3.304909133352339212e-02 2.900000000000000000e+01
8.142856585793196988e-02 8.000000000000000000e+01
1.298080403823405615e-01 9.900000000000000000e+01
1.781875149067491115e-01 1.510000000000000000e+02
2.265669894311577170e-01 2.160000000000000000e+02
2.749464639555663226e-01 2.310000000000000000e+02
3.233259384799748726e-01 2.530000000000000000e+02
3.717054130043834226e-01 3.200000000000000000e+02
4.200848875287920281e-01 3.360000000000000000e+02
4.684643620532006336e-01 3.580000000000000000e+02
5.168438365776091281e-01 3.810000000000000000e+02
5.652233111020177336e-01 3.680000000000000000e+02
6.136027856264263391e-01 3.560000000000000000e+02
6.619822601508349447e-01 4.180000000000000000e+02
7.103617346752434392e-01 3.840000000000000000e+02
7.587412091996520447e-01 3.940000000000000000e+02
8.071206837240606502e-01 3.930000000000000000e+02
8.555001582484692557e-01 3.820000000000000000e+02
9.038796327728778612e-01 4.000000000000000000e+02
9.522591072972863557e-01 3.810000000000000000e+02
1.000638581821694961e+00 3.470000000000000000e+02
1.049018056346103345e+00 3.290000000000000000e+02
1.097397530870511950e+00 3.250000000000000000e+02
1.145777005394920556e+00 3.120000000000000000e+02
1.194156479919329161e+00 2.920000000000000000e+02
1.242535954443737767e+00 2.540000000000000000e+02
1.290915428968146372e+00 2.500000000000000000e+02
1.339294903492554978e+00 2.220000000000000000e+02
1.387674378016963361e+00 2.270000000000000000e+02
1.436053852541371967e+00 1.840000000000000000e+02
1.484433327065780572e+00 1.870000000000000000e+02
1.532812801590189178e+00 1.650000000000000000e+02
1.581192276114597783e+00 1.220000000000000000e+02
1.629571750639006389e+00 1.210000000000000000e+02
1.677951225163414994e+00 1.290000000000000000e+02
1.726330699687823600e+00 8.500000000000000000e+01
1.774710174212232205e+00 8.000000000000000000e+01
1.823089648736640589e+00 6.400000000000000000e+01
1.871469123261049194e+00 5.500000000000000000e+01
1.919848597785457800e+00 5.500000000000000000e+01
1.968228072309866405e+00 3.800000000000000000e+01
2.016607546834275233e+00 2.900000000000000000e+01
2.064987021358683617e+00 2.900000000000000000e+01
2.113366495883092444e+00 2.400000000000000000e+01
2.161745970407500828e+00 2.200000000000000000e+01
2.210125444931909655e+00 6.000000000000000000e+00
2.258504919456318039e+00 1.000000000000000000e+01
2.306884393980726866e+00 5.000000000000000000e+00
2.355263868505135250e+00 2.000000000000000000e+00
2.403643343029543633e+00 4.000000000000000000e+00
