#     bins                         n
8.475852362116407246e-01 1.000000000000000000e+00
8.490107382918277157e-01 0.000000000000000000e+00
8.504362403720144847e-01 0.000000000000000000e+00
8.518617424522012538e-01 0.000000000000000000e+00
8.532872445323882449e-01 0.000000000000000000e+00
8.547127466125750139e-01 0.000000000000000000e+00
8.561382486927620050e-01 1.000000000000000000e+00
8.575637507729487741e-01 0.000000000000000000e+00
8.589892528531357652e-01 0.000000000000000000e+00
8.604147549333225342e-01 0.000000000000000000e+00
8.618402570135093033e-01 0.000000000000000000e+00
8.632657590936962944e-01 0.000000000000000000e+00
8.646912611738830634e-01 0.000000000000000000e+00
8.661167632540700545e-01 1.000000000000000000e+00
8.675422653342568236e-01 0.000000000000000000e+00
8.689677674144435926e-01 0.000000000000000000e+00
8.703932694946305837e-01 4.000000000000000000e+00
8.718187715748173527e-01 1.000000000000000000e+00
8.732442736550043438e-01 1.000000000000000000e+00
8.746697757351911129e-01 3.000000000000000000e+00
8.760952778153778819e-01 1.000000000000000000e+00
8.775207798955648730e-01 2.000000000000000000e+00
8.789462819757516421e-01 4.000000000000000000e+00
8.803717840559386332e-01 3.000000000000000000e+00
8.817972861361254022e-01 4.000000000000000000e+00
8.832227882163123933e-01 2.000000000000000000e+00
8.846482902964991624e-01 5.000000000000000000e+00
8.860737923766859314e-01 5.000000000000000000e+00
8.874992944568729225e-01 4.000000000000000000e+00
8.889247965370596916e-01 4.000000000000000000e+00
8.903502986172466827e-01 6.000000000000000000e+00
8.917758006974334517e-01 7.000000000000000000e+00
8.932013027776202208e-01 3.000000000000000000e+00
8.946268048578072118e-01 5.000000000000000000e+00
8.960523069379939809e-01 0.000000000000000000e+00
8.974778090181809720e-01 4.000000000000000000e+00
8.989033110983677410e-01 7.000000000000000000e+00
9.003288131785545101e-01 4.000000000000000000e+00
9.017543152587415012e-01 1.000000000000000000e+00
9.031798173389282702e-01 4.000000000000000000e+00
9.046053194191152613e-01 2.000000000000000000e+00
9.060308214993020304e-01 2.000000000000000000e+00
9.074563235794887994e-01 1.000000000000000000e+00
9.088818256596757905e-01 2.000000000000000000e+00
9.103073277398625596e-01 1.000000000000000000e+00
9.117328298200495507e-01 3.000000000000000000e+00
9.131583319002363197e-01 0.000000000000000000e+00
9.145838339804233108e-01 1.000000000000000000e+00
9.160093360606100799e-01 0.000000000000000000e+00
9.174348381407968489e-01 1.000000000000000000e+00
