#     bins                         n
3.224545595701783923e-02 4.600000000000000000e+01
8.221559513825923982e-02 1.350000000000000000e+02
1.321857343195006196e-01 1.740000000000000000e+02
1.821558735007420271e-01 2.640000000000000000e+02
2.321260126819834069e-01 3.290000000000000000e+02
2.820961518632247866e-01 3.230000000000000000e+02
3.320662910444662219e-01 3.240000000000000000e+02
3.820364302257076017e-01 3.880000000000000000e+02
4.320065694069489814e-01 3.620000000000000000e+02
4.819767085881903612e-01 4.000000000000000000e+02
5.319468477694317965e-01 3.430000000000000000e+02
5.819169869506731763e-01 3.840000000000000000e+02
6.318871261319146670e-01 3.380000000000000000e+02
6.818572653131560468e-01 3.650000000000000000e+02
7.318274044943974266e-01 3.530000000000000000e+02
7.817975436756388063e-01 3.370000000000000000e+02
8.317676828568801861e-01 3.490000000000000000e+02
8.817378220381215659e-01 3.420000000000000000e+02
9.317079612193629456e-01 3.150000000000000000e+02
9.816781004006043254e-01 3.410000000000000000e+02
1.031648239581845594e+00 3.380000000000000000e+02
1.081618378763087085e+00 2.830000000000000000e+02
1.131588517944328354e+00 2.740000000000000000e+02
1.181558657125569844e+00 2.590000000000000000e+02
1.231528796306811335e+00 2.360000000000000000e+02
1.281498935488052604e+00 2.440000000000000000e+02
1.331469074669294095e+00 1.990000000000000000e+02
1.381439213850535364e+00 2.260000000000000000e+02
1.431409353031776854e+00 1.830000000000000000e+02
1.481379492213018123e+00 1.670000000000000000e+02
1.531349631394259614e+00 1.910000000000000000e+02
1.581319770575500883e+00 1.610000000000000000e+02
1.631289909756742373e+00 1.340000000000000000e+02
1.681260048937983864e+00 1.400000000000000000e+02
1.731230188119225133e+00 1.190000000000000000e+02
1.781200327300466624e+00 1.100000000000000000e+02
1.831170466481707892e+00 9.400000000000000000e+01
1.881140605662949383e+00 7.300000000000000000e+01
1.931110744844190652e+00 6.700000000000000000e+01
1.981080884025432143e+00 5.700000000000000000e+01
2.031051023206673634e+00 3.300000000000000000e+01
2.081021162387915346e+00 2.600000000000000000e+01
2.130991301569156615e+00 2.300000000000000000e+01
2.180961440750397884e+00 2.400000000000000000e+01
2.230931579931639153e+00 1.600000000000000000e+01
2.280901719112880865e+00 4.000000000000000000e+00
2.330871858294122134e+00 3.000000000000000000e+00
2.380841997475363403e+00 0.000000000000000000e+00
2.430812136656605116e+00 2.000000000000000000e+00
2.480782275837846385e+00 2.000000000000000000e+00
