#     bins                         n
-3.273350114822387802e+00 3.000000000000000000e+00
-3.146158800125122390e+00 2.000000000000000000e+00
-3.018967485427856534e+00 6.000000000000000000e+00
-2.891776170730590678e+00 6.000000000000000000e+00
-2.764584856033325266e+00 1.300000000000000000e+01
-2.637393541336059855e+00 1.600000000000000000e+01
-2.510202226638793999e+00 3.000000000000000000e+01
-2.383010911941528143e+00 3.800000000000000000e+01
-2.255819597244262731e+00 4.700000000000000000e+01
-2.128628282546997319e+00 6.400000000000000000e+01
-2.001436967849731463e+00 8.000000000000000000e+01
-1.874245653152465829e+00 8.000000000000000000e+01
-1.747054338455200195e+00 1.250000000000000000e+02
-1.619863023757934561e+00 1.360000000000000000e+02
-1.492671709060668928e+00 1.660000000000000000e+02
-1.365480394363403294e+00 2.010000000000000000e+02
-1.238289079666137660e+00 2.140000000000000000e+02
-1.111097764968872248e+00 2.730000000000000000e+02
-9.839064502716063920e-01 2.890000000000000000e+02
-8.567151355743405361e-01 3.350000000000000000e+02
-7.295238208770751243e-01 3.690000000000000000e+02
-6.023325061798097124e-01 4.140000000000000000e+02
-4.751411914825438565e-01 4.460000000000000000e+02
-3.479498767852780006e-01 4.520000000000000000e+02
-2.207585620880125887e-01 4.950000000000000000e+02
-9.356724739074717689e-02 5.490000000000000000e+02
3.362406730651867903e-02 5.020000000000000000e+02
1.608153820037845350e-01 5.380000000000000000e+02
2.880066967010499468e-01 4.950000000000000000e+02
4.151980113983153586e-01 4.170000000000000000e+02
5.423893260955812146e-01 4.350000000000000000e+02
6.695806407928470705e-01 4.100000000000000000e+02
7.967719554901124823e-01 3.600000000000000000e+02
9.239632701873778942e-01 2.680000000000000000e+02
1.051154584884643306e+00 2.590000000000000000e+02
1.178345899581909606e+00 2.320000000000000000e+02
1.305537214279175018e+00 2.530000000000000000e+02
1.432728528976440430e+00 1.910000000000000000e+02
1.559919843673706730e+00 1.630000000000000000e+02
1.687111158370972142e+00 1.270000000000000000e+02
1.814302473068237553e+00 9.500000000000000000e+01
1.941493787765502965e+00 7.500000000000000000e+01
2.068685102462768377e+00 6.600000000000000000e+01
2.195876417160034677e+00 5.000000000000000000e+01
2.323067731857300089e+00 4.800000000000000000e+01
2.450259046554565501e+00 2.600000000000000000e+01
2.577450361251831801e+00 1.400000000000000000e+01
2.704641675949097213e+00 1.500000000000000000e+01
2.831832990646362624e+00 6.000000000000000000e+00
2.959024305343628036e+00 4.000000000000000000e+00
