#     bins                         n
-2.805846254069047641e-01 1.000000000000000000e+00
-2.703768391677617844e-01 1.000000000000000000e+00
-2.601690529286186937e-01 0.000000000000000000e+00
-2.499612666894756863e-01 0.000000000000000000e+00
-2.397534804503326789e-01 0.000000000000000000e+00
-2.295456942111896437e-01 1.000000000000000000e+00
-2.193379079720466085e-01 0.000000000000000000e+00
-2.091301217329036011e-01 0.000000000000000000e+00
-1.989223354937605659e-01 1.000000000000000000e+00
-1.887145492546175307e-01 0.000000000000000000e+00
-1.785067630154744955e-01 1.000000000000000000e+00
-1.682989767763314604e-01 3.000000000000000000e+00
-1.580911905371884252e-01 0.000000000000000000e+00
-1.478834042980453900e-01 2.000000000000000000e+00
-1.376756180589023826e-01 0.000000000000000000e+00
-1.274678318197593474e-01 5.000000000000000000e+00
-1.172600455806163122e-01 1.000000000000000000e+00
-1.070522593414732770e-01 1.000000000000000000e+00
-9.684447310233024186e-02 2.000000000000000000e+00
-8.663668686318723444e-02 5.000000000000000000e+00
-7.642890062404419926e-02 2.000000000000000000e+00
-6.622111438490116408e-02 3.000000000000000000e+00
-5.601332814575812891e-02 2.000000000000000000e+00
-4.580554190661509373e-02 4.000000000000000000e+00
-3.559775566747205855e-02 4.000000000000000000e+00
-2.538996942832902337e-02 3.000000000000000000e+00
-1.518218318918598819e-02 6.000000000000000000e+00
-4.974396950043008525e-03 1.000000000000000000e+00
5.233389289100026653e-03 7.000000000000000000e+00
1.544117552824306183e-02 4.000000000000000000e+00
2.564896176738609701e-02 3.000000000000000000e+00
3.585674800652913219e-02 2.000000000000000000e+00
4.606453424567216737e-02 3.000000000000000000e+00
5.627232048481520255e-02 1.000000000000000000e+00
6.648010672395823772e-02 5.000000000000000000e+00
7.668789296310127290e-02 4.000000000000000000e+00
8.689567920224430808e-02 0.000000000000000000e+00
9.710346544138734326e-02 3.000000000000000000e+00
1.073112516805303229e-01 5.000000000000000000e+00
1.175190379196733581e-01 2.000000000000000000e+00
1.277268241588163933e-01 1.000000000000000000e+00
1.379346103979594285e-01 3.000000000000000000e+00
1.481423966371024636e-01 1.000000000000000000e+00
1.583501828762454988e-01 0.000000000000000000e+00
1.685579691153885340e-01 0.000000000000000000e+00
1.787657553545315692e-01 3.000000000000000000e+00
1.889735415936746044e-01 1.000000000000000000e+00
1.991813278328176395e-01 1.000000000000000000e+00
2.093891140719606747e-01 1.000000000000000000e+00
2.195969003111036544e-01 1.000000000000000000e+00
