#     bins                         n
-2.699927341938018976e+00 2.000000000000000000e+00
-2.591959989070891979e+00 2.000000000000000000e+00
-2.483992636203765869e+00 9.000000000000000000e+00
-2.376025283336639760e+00 1.900000000000000000e+01
-2.268057930469512762e+00 4.300000000000000000e+01
-2.160090577602386652e+00 4.300000000000000000e+01
-2.052123224735259654e+00 5.200000000000000000e+01
-1.944155871868133323e+00 8.100000000000000000e+01
-1.836188519001006991e+00 1.020000000000000000e+02
-1.728221166133880660e+00 1.030000000000000000e+02
-1.620253813266754106e+00 1.540000000000000000e+02
-1.512286460399627552e+00 1.830000000000000000e+02
-1.404319107532500999e+00 1.860000000000000000e+02
-1.296351754665374667e+00 2.080000000000000000e+02
-1.188384401798248113e+00 2.580000000000000000e+02
-1.080417048931121782e+00 2.640000000000000000e+02
-9.724496960639952281e-01 2.750000000000000000e+02
-8.644823431968686744e-01 2.990000000000000000e+02
-7.565149903297423428e-01 2.930000000000000000e+02
-6.485476374626160112e-01 3.210000000000000000e+02
-5.405802845954894575e-01 3.820000000000000000e+02
-4.326129317283629039e-01 3.630000000000000000e+02
-3.246455788612363502e-01 3.700000000000000000e+02
-2.166782259941097966e-01 3.620000000000000000e+02
-1.087108731269832429e-01 3.660000000000000000e+02
-7.435202598571333255e-04 3.960000000000000000e+02
1.072238326072694203e-01 3.770000000000000000e+02
2.151911854743959740e-01 3.720000000000000000e+02
3.231585383415225277e-01 4.040000000000000000e+02
4.311258912086490813e-01 3.520000000000000000e+02
5.390932440757751909e-01 3.910000000000000000e+02
6.470605969429017446e-01 3.250000000000000000e+02
7.550279498100282982e-01 3.310000000000000000e+02
8.629953026771548519e-01 2.780000000000000000e+02
9.709626555442814055e-01 2.920000000000000000e+02
1.078930008411407515e+00 2.440000000000000000e+02
1.186897361278534069e+00 2.520000000000000000e+02
1.294864714145660622e+00 2.040000000000000000e+02
1.402832067012786732e+00 1.960000000000000000e+02
1.510799419879913730e+00 1.620000000000000000e+02
1.618766772747039839e+00 1.520000000000000000e+02
1.726734125614166837e+00 1.250000000000000000e+02
1.834701478481292947e+00 9.600000000000000000e+01
1.942668831348419056e+00 6.800000000000000000e+01
2.050636184215545832e+00 5.900000000000000000e+01
2.158603537082671942e+00 4.700000000000000000e+01
2.266570889949798939e+00 3.400000000000000000e+01
2.374538242816925049e+00 2.500000000000000000e+01
2.482505595684052047e+00 8.000000000000000000e+00
2.590472948551178156e+00 6.000000000000000000e+00
