#     bins                         n
-2.265007198560662904e-01 1.000000000000000000e+00
-2.170672329789511967e-01 1.000000000000000000e+00
-2.076337461018361030e-01 1.000000000000000000e+00
-1.982002592247209538e-01 0.000000000000000000e+00
-1.887667723476058601e-01 0.000000000000000000e+00
-1.793332854704907109e-01 2.000000000000000000e+00
-1.698997985933756172e-01 2.000000000000000000e+00
-1.604663117162605235e-01 1.000000000000000000e+00
-1.510328248391453743e-01 1.000000000000000000e+00
-1.415993379620302806e-01 1.000000000000000000e+00
-1.321658510849151869e-01 3.000000000000000000e+00
-1.227323642078000515e-01 1.000000000000000000e+00
-1.132988773306849301e-01 1.000000000000000000e+00
-1.038653904535698086e-01 3.000000000000000000e+00
-9.443190357645471489e-02 1.000000000000000000e+00
-8.499841669933959343e-02 0.000000000000000000e+00
-7.556492982222447197e-02 3.000000000000000000e+00
-6.613144294510935051e-02 3.000000000000000000e+00
-5.669795606799422905e-02 0.000000000000000000e+00
-4.726446919087913534e-02 3.000000000000000000e+00
-3.783098231376401388e-02 4.000000000000000000e+00
-2.839749543664889242e-02 4.000000000000000000e+00
-1.896400855953379871e-02 6.000000000000000000e+00
-9.530521682418677254e-03 2.000000000000000000e+00
-9.703480530355579337e-05 4.000000000000000000e+00
9.336452071811565667e-03 5.000000000000000000e+00
1.876993894892668713e-02 3.000000000000000000e+00
2.820342582604178083e-02 3.000000000000000000e+00
3.763691270315687454e-02 2.000000000000000000e+00
4.707039958027202375e-02 2.000000000000000000e+00
5.650388645738711746e-02 3.000000000000000000e+00
6.593737333450226668e-02 5.000000000000000000e+00
7.537086021161736038e-02 4.000000000000000000e+00
8.480434708873245409e-02 3.000000000000000000e+00
9.423783396584760330e-02 1.000000000000000000e+00
1.036713208429626970e-01 2.000000000000000000e+00
1.131048077200778462e-01 2.000000000000000000e+00
1.225382945971929399e-01 2.000000000000000000e+00
1.319717814743080475e-01 2.000000000000000000e+00
1.414052683514231967e-01 2.000000000000000000e+00
1.508387552285382904e-01 1.000000000000000000e+00
1.602722421056533841e-01 2.000000000000000000e+00
1.697057289827685334e-01 1.000000000000000000e+00
1.791392158598836271e-01 2.000000000000000000e+00
1.885727027369987208e-01 1.000000000000000000e+00
1.980061896141138700e-01 2.000000000000000000e+00
2.074396764912289637e-01 0.000000000000000000e+00
2.168731633683441129e-01 1.000000000000000000e+00
2.263066502454592066e-01 0.000000000000000000e+00
2.357401371225743003e-01 1.000000000000000000e+00
