#     bins                         n
8.736172334251305349e-01 1.000000000000000000e+00
8.747485893770542420e-01 0.000000000000000000e+00
8.758799453289780601e-01 0.000000000000000000e+00
8.770113012809017672e-01 0.000000000000000000e+00
8.781426572328255853e-01 0.000000000000000000e+00
8.792740131847492924e-01 0.000000000000000000e+00
8.804053691366731105e-01 1.000000000000000000e+00
8.815367250885968176e-01 0.000000000000000000e+00
8.826680810405205246e-01 1.000000000000000000e+00
8.837994369924443427e-01 1.000000000000000000e+00
8.849307929443680498e-01 1.000000000000000000e+00
8.860621488962918679e-01 0.000000000000000000e+00
8.871935048482155750e-01 1.000000000000000000e+00
8.883248608001392821e-01 3.000000000000000000e+00
8.894562167520631002e-01 1.000000000000000000e+00
8.905875727039868073e-01 4.000000000000000000e+00
8.917189286559106254e-01 1.000000000000000000e+00
8.928502846078343325e-01 2.000000000000000000e+00
8.939816405597581506e-01 3.000000000000000000e+00
8.951129965116818576e-01 4.000000000000000000e+00
8.962443524636055647e-01 1.000000000000000000e+00
8.973757084155293828e-01 4.000000000000000000e+00
8.985070643674530899e-01 6.000000000000000000e+00
8.996384203193769080e-01 2.000000000000000000e+00
9.007697762713006151e-01 1.000000000000000000e+00
9.019011322232243222e-01 1.000000000000000000e+00
9.030324881751481403e-01 4.000000000000000000e+00
9.041638441270718474e-01 5.000000000000000000e+00
9.052952000789956655e-01 3.000000000000000000e+00
9.064265560309193726e-01 2.000000000000000000e+00
9.075579119828431907e-01 6.000000000000000000e+00
9.086892679347668977e-01 4.000000000000000000e+00
9.098206238866906048e-01 0.000000000000000000e+00
9.109519798386144229e-01 2.000000000000000000e+00
9.120833357905381300e-01 6.000000000000000000e+00
9.132146917424619481e-01 4.000000000000000000e+00
9.143460476943856552e-01 1.000000000000000000e+00
9.154774036463094733e-01 3.000000000000000000e+00
9.166087595982331804e-01 4.000000000000000000e+00
9.177401155501568875e-01 5.000000000000000000e+00
9.188714715020807056e-01 3.000000000000000000e+00
9.200028274540044126e-01 2.000000000000000000e+00
9.211341834059282307e-01 1.000000000000000000e+00
9.222655393578519378e-01 1.000000000000000000e+00
9.233968953097756449e-01 1.000000000000000000e+00
9.245282512616994630e-01 1.000000000000000000e+00
9.256596072136231701e-01 1.000000000000000000e+00
9.267909631655469882e-01 0.000000000000000000e+00
9.279223191174706953e-01 1.000000000000000000e+00
9.290536750693945134e-01 1.000000000000000000e+00
