-1.188666512399836117e+00 -3.243708894302232970e-02 -1.181275212387343121e+00 4.032082419846134136e-01 3.363980038901411528e-03 6.476397367761962953e-02 7.176642086956309952e-02
-9.887155598124067746e-01 1.280821906922569031e-02 -1.277805187934828668e+00 3.449258730660399452e-01 1.729873305053134490e-03 1.026323894686307497e-01 8.811742468777417070e-02
-7.887646072249772100e-01 9.040125769623097440e-03 -1.442143987277932915e+00 2.012892776497111902e-01 3.183154750961620684e-03 1.626430061329100507e-01 9.859566066576086474e-02
-5.888136546375477565e-01 -5.302106674305973044e-03 -1.629796870126618558e+00 6.858520847501288487e-02 1.925243459141650140e-03 2.577426831910115679e-01 1.060614991930232259e-01
-3.888627020501183029e-01 -3.446643461298526390e-03 -1.878915862228773603e+00 -7.907354484935842642e-02 1.170390938070870650e-03 4.084484929171515732e-01 1.050231782633911648e-01
-1.889117494626889049e-01 -6.727906866739186142e-03 -2.175363790283226795e+00 -2.090544065891809244e-01 -2.757472452080302842e-03 6.472741313190084611e-01 9.861343807989027266e-02
1.103920312474056600e-02 6.411381554630724011e-04 -2.506602592080854564e+00 -3.707726758866430328e-01 -4.944298029088939990e-04 1.025744514522565209e+00 8.663310926160221193e-02
2.109901557121700300e-01 -1.526737203114469921e-03 -2.835148365610592691e+00 -5.252454385755206401e-01 7.562957745029493320e-04 1.625511909349859341e+00 7.009118475152353867e-02
4.109411082995995113e-01 7.186022287485327453e-04 -3.135244808601521438e+00 -6.382230431238353763e-01 8.478214861500139215e-04 2.575971823420458495e+00 5.341180440434840915e-02
6.108920608870288538e-01 2.684082184345126798e-03 -3.381782894650638749e+00 -7.457638482601592900e-01 -8.855441066572239503e-05 4.082179156540360232e+00 3.894366225279431715e-02
8.108430134744583073e-01 -3.268537329546017389e-04 -3.578414393147987038e+00 -8.488908918821279626e-01 -9.626780724139279502e-04 6.469087322533415119e+00 2.687848995409058278e-02
1.010793966061887872e+00 -2.026682441924609890e-04 -3.719385293201999065e+00 -9.430995571837642588e-01 8.094276473715363289e-05 1.025165461430399283e+01 1.782229816566555797e-02
1.210744918649317325e+00 -3.634271295255508960e-03 -3.800606383361099461e+00 -1.083251401082446774e+00 -2.049162320202627585e-04 1.624594275685593558e+01 1.127866134145899188e-02
1.410695871236746557e+00 1.436714827862017874e-02 -3.883707848799268891e+00 -1.395875521099117167e+00 -5.763392666275358447e-04 2.574517636311907509e+01 6.573087385648660602e-03
1.610646823824176233e+00 -5.870763911525411771e-03 -4.570108418154110730e+00 -2.245669398943065165e+00 -4.146491629313918555e-04 4.079874685563520842e+01 3.119207570517414270e-03
