#     bins                         n
-3.257850403641073811e-01 1.000000000000000000e+00
-3.159029727231379425e-01 0.000000000000000000e+00
-3.060209050821686150e-01 0.000000000000000000e+00
-2.961388374411992874e-01 0.000000000000000000e+00
-2.862567698002298489e-01 0.000000000000000000e+00
-2.763747021592605213e-01 1.000000000000000000e+00
-2.664926345182910827e-01 0.000000000000000000e+00
-2.566105668773217552e-01 0.000000000000000000e+00
-2.467284992363523999e-01 0.000000000000000000e+00
-2.368464315953830168e-01 0.000000000000000000e+00
-2.269643639544136615e-01 1.000000000000000000e+00
-2.170822963134443062e-01 0.000000000000000000e+00
-2.072002286724749232e-01 0.000000000000000000e+00
-1.973181610315055401e-01 0.000000000000000000e+00
-1.874360933905361848e-01 1.000000000000000000e+00
-1.775540257495668295e-01 1.000000000000000000e+00
-1.676719581085974464e-01 0.000000000000000000e+00
-1.577898904676280634e-01 1.000000000000000000e+00
-1.479078228266587081e-01 2.000000000000000000e+00
-1.380257551856893528e-01 2.000000000000000000e+00
-1.281436875447199697e-01 2.000000000000000000e+00
-1.182616199037505866e-01 1.000000000000000000e+00
-1.083795522627812313e-01 1.000000000000000000e+00
-9.849748462181187603e-02 1.000000000000000000e+00
-8.861541698084249297e-02 2.000000000000000000e+00
-7.873334933987310991e-02 2.000000000000000000e+00
-6.885128169890372685e-02 5.000000000000000000e+00
-5.896921405793439930e-02 3.000000000000000000e+00
-4.908714641696501624e-02 1.000000000000000000e+00
-3.920507877599563318e-02 4.000000000000000000e+00
-2.932301113502630563e-02 5.000000000000000000e+00
-1.944094349405692257e-02 8.000000000000000000e+00
-9.558875853087539509e-03 3.000000000000000000e+00
3.231917878818435508e-04 3.000000000000000000e+00
1.020525942885122661e-02 3.000000000000000000e+00
2.008732706982055416e-02 9.000000000000000000e+00
2.996939471078993722e-02 2.000000000000000000e+00
3.985146235175932028e-02 3.000000000000000000e+00
4.973352999272864783e-02 4.000000000000000000e+00
5.961559763369803089e-02 7.000000000000000000e+00
6.949766527466741395e-02 2.000000000000000000e+00
7.937973291563679701e-02 3.000000000000000000e+00
8.926180055660618007e-02 2.000000000000000000e+00
9.914386819757550762e-02 4.000000000000000000e+00
1.090259358385448907e-01 2.000000000000000000e+00
1.189080034795142737e-01 2.000000000000000000e+00
1.287900711204836013e-01 1.000000000000000000e+00
1.386721387614529843e-01 2.000000000000000000e+00
1.485542064024223674e-01 1.000000000000000000e+00
1.584362740433917505e-01 2.000000000000000000e+00
