#     bins                         n
-2.660604667663574396e+00 3.000000000000000000e+00
-2.549969768524169567e+00 9.000000000000000000e+00
-2.439334869384765625e+00 1.500000000000000000e+01
-2.328699970245361683e+00 3.000000000000000000e+01
-2.218065071105956854e+00 3.500000000000000000e+01
-2.107430171966552912e+00 6.200000000000000000e+01
-1.996795272827148304e+00 6.600000000000000000e+01
-1.886160373687743919e+00 7.900000000000000000e+01
-1.775525474548339755e+00 9.500000000000000000e+01
-1.664890575408935591e+00 1.230000000000000000e+02
-1.554255676269531206e+00 1.320000000000000000e+02
-1.443620777130126820e+00 1.720000000000000000e+02
-1.332985877990722434e+00 2.040000000000000000e+02
-1.222350978851318271e+00 2.440000000000000000e+02
-1.111716079711913885e+00 2.830000000000000000e+02
-1.001081180572509721e+00 2.640000000000000000e+02
-8.904462814331053355e-01 3.200000000000000000e+02
-7.798113822937009498e-01 3.460000000000000000e+02
-6.691764831542967862e-01 3.550000000000000000e+02
-5.585415840148926225e-01 3.650000000000000000e+02
-4.479066848754882368e-01 3.430000000000000000e+02
-3.372717857360838511e-01 3.930000000000000000e+02
-2.266368865966794655e-01 3.850000000000000000e+02
-1.160019874572750798e-01 3.950000000000000000e+02
-5.367088317870694070e-03 3.910000000000000000e+02
1.052678108215332475e-01 3.960000000000000000e+02
2.159027099609376332e-01 4.100000000000000000e+02
3.265376091003420189e-01 3.800000000000000000e+02
4.371725082397464046e-01 3.570000000000000000e+02
5.478074073791507903e-01 3.760000000000000000e+02
6.584423065185547319e-01 3.420000000000000000e+02
7.690772056579591176e-01 3.200000000000000000e+02
8.797121047973635033e-01 3.400000000000000000e+02
9.903470039367678890e-01 2.830000000000000000e+02
1.100981903076172275e+00 2.670000000000000000e+02
1.211616802215576216e+00 2.350000000000000000e+02
1.322251701354980602e+00 2.010000000000000000e+02
1.432886600494384988e+00 1.600000000000000000e+02
1.543521499633788929e+00 1.520000000000000000e+02
1.654156398773193759e+00 1.110000000000000000e+02
1.764791297912597701e+00 1.040000000000000000e+02
1.875426197052002530e+00 7.000000000000000000e+01
1.986061096191406472e+00 7.700000000000000000e+01
2.096695995330810192e+00 6.800000000000000000e+01
2.207330894470215021e+00 4.800000000000000000e+01
2.317965793609618963e+00 3.500000000000000000e+01
2.428600692749023793e+00 3.100000000000000000e+01
2.539235591888427734e+00 1.400000000000000000e+01
2.649870491027832564e+00 1.600000000000000000e+01
2.760505390167236506e+00 6.000000000000000000e+00
