#     bins                         n
-3.149012780189514249e+00 4.000000000000000000e+00
-3.018389868736267356e+00 3.000000000000000000e+00
-2.887766957283020020e+00 5.000000000000000000e+00
-2.757144045829773127e+00 1.400000000000000000e+01
-2.626521134376525790e+00 1.500000000000000000e+01
-2.495898222923278897e+00 2.400000000000000000e+01
-2.365275311470032005e+00 2.900000000000000000e+01
-2.234652400016785112e+00 5.300000000000000000e+01
-2.104029488563537775e+00 6.400000000000000000e+01
-1.973406577110290439e+00 6.700000000000000000e+01
-1.842783665657043546e+00 1.120000000000000000e+02
-1.712160754203796653e+00 1.030000000000000000e+02
-1.581537842750549538e+00 1.540000000000000000e+02
-1.450914931297302424e+00 2.100000000000000000e+02
-1.320292019844055531e+00 2.220000000000000000e+02
-1.189669108390808416e+00 2.410000000000000000e+02
-1.059046196937561302e+00 3.200000000000000000e+02
-9.284232854843144089e-01 3.400000000000000000e+02
-7.978003740310670722e-01 3.760000000000000000e+02
-6.671774625778201795e-01 4.130000000000000000e+02
-5.365545511245728427e-01 4.400000000000000000e+02
-4.059316396713259500e-01 4.900000000000000000e+02
-2.753087282180790574e-01 4.880000000000000000e+02
-1.446858167648317206e-01 4.830000000000000000e+02
-1.406290531158482793e-02 5.420000000000000000e+02
1.165600061416620647e-01 4.920000000000000000e+02
2.471829175949094015e-01 4.960000000000000000e+02
3.778058290481562942e-01 4.970000000000000000e+02
5.084287405014031869e-01 4.370000000000000000e+02
6.390516519546505236e-01 4.120000000000000000e+02
7.696745634078974163e-01 3.540000000000000000e+02
9.002974748611447531e-01 3.350000000000000000e+02
1.030920386314391646e+00 2.890000000000000000e+02
1.161543297767638538e+00 2.580000000000000000e+02
1.292166209220885431e+00 2.050000000000000000e+02
1.422789120674133212e+00 2.090000000000000000e+02
1.553412032127380105e+00 1.550000000000000000e+02
1.684034943580626997e+00 1.330000000000000000e+02
1.814657855033873890e+00 1.100000000000000000e+02
1.945280766487120783e+00 8.100000000000000000e+01
2.075903677940368564e+00 6.800000000000000000e+01
2.206526589393615456e+00 6.400000000000000000e+01
2.337149500846862349e+00 3.700000000000000000e+01
2.467772412300109242e+00 3.200000000000000000e+01
2.598395323753356134e+00 1.200000000000000000e+01
2.729018235206603027e+00 1.200000000000000000e+01
2.859641146659850808e+00 8.000000000000000000e+00
2.990264058113097700e+00 4.000000000000000000e+00
3.120886969566344593e+00 2.000000000000000000e+00
3.251509881019591486e+00 1.000000000000000000e+00
