#     bins                         n
-3.379379382133484100e+00 3.000000000000000000e+00
-3.248086781501769771e+00 3.000000000000000000e+00
-3.116794180870056330e+00 4.000000000000000000e+00
-2.985501580238342001e+00 1.000000000000000000e+01
-2.854208979606628560e+00 7.000000000000000000e+00
-2.722916378974914231e+00 1.200000000000000000e+01
-2.591623778343200790e+00 1.700000000000000000e+01
-2.460331177711487349e+00 3.500000000000000000e+01
-2.329038577079773020e+00 4.400000000000000000e+01
-2.197745976448059579e+00 6.000000000000000000e+01
-2.066453375816345250e+00 6.100000000000000000e+01
-1.935160775184631587e+00 1.030000000000000000e+02
-1.803868174552917703e+00 8.400000000000000000e+01
-1.672575573921203818e+00 1.530000000000000000e+02
-1.541282973289489933e+00 1.620000000000000000e+02
-1.409990372657776048e+00 1.990000000000000000e+02
-1.278697772026062163e+00 2.110000000000000000e+02
-1.147405171394348278e+00 2.390000000000000000e+02
-1.016112570762634393e+00 2.680000000000000000e+02
-8.848199701309205079e-01 2.950000000000000000e+02
-7.535273694992066229e-01 4.020000000000000000e+02
-6.222347688674927380e-01 4.100000000000000000e+02
-4.909421682357788530e-01 4.570000000000000000e+02
-3.596495676040649681e-01 5.200000000000000000e+02
-2.283569669723515272e-01 5.370000000000000000e+02
-9.706436634063764224e-02 5.860000000000000000e+02
3.422823429107624271e-02 5.890000000000000000e+02
1.655208349227901277e-01 5.440000000000000000e+02
2.968134355545040126e-01 5.050000000000000000e+02
4.281060361862178976e-01 4.890000000000000000e+02
5.593986368179317825e-01 4.420000000000000000e+02
6.906912374496461116e-01 3.670000000000000000e+02
8.219838380813595524e-01 3.190000000000000000e+02
9.532764387130729933e-01 2.660000000000000000e+02
1.084569039344787322e+00 2.390000000000000000e+02
1.215861639976500763e+00 2.340000000000000000e+02
1.347154240608215092e+00 1.820000000000000000e+02
1.478446841239928533e+00 1.800000000000000000e+02
1.609739441871642862e+00 1.590000000000000000e+02
1.741032042503356303e+00 1.210000000000000000e+02
1.872324643135070632e+00 9.600000000000000000e+01
2.003617243766783851e+00 7.800000000000000000e+01
2.134909844398498180e+00 7.100000000000000000e+01
2.266202445030211621e+00 5.100000000000000000e+01
2.397495045661925950e+00 3.600000000000000000e+01
2.528787646293639391e+00 2.800000000000000000e+01
2.660080246925353720e+00 1.500000000000000000e+01
2.791372847557067161e+00 8.000000000000000000e+00
2.922665448188780601e+00 6.000000000000000000e+00
3.053958048820494930e+00 3.000000000000000000e+00
