#     bins                         n
-2.915997245311737096e+00 7.000000000000000000e+00
-2.789413149356842148e+00 5.000000000000000000e+00
-2.662829053401947199e+00 1.300000000000000000e+01
-2.536244957447052251e+00 2.200000000000000000e+01
-2.409660861492156858e+00 2.100000000000000000e+01
-2.283076765537261910e+00 3.600000000000000000e+01
-2.156492669582366961e+00 5.700000000000000000e+01
-2.029908573627472013e+00 7.400000000000000000e+01
-1.903324477672576842e+00 8.800000000000000000e+01
-1.776740381717681894e+00 1.080000000000000000e+02
-1.650156285762786723e+00 1.410000000000000000e+02
-1.523572189807891775e+00 1.520000000000000000e+02
-1.396988093852996826e+00 2.110000000000000000e+02
-1.270403997898101656e+00 2.470000000000000000e+02
-1.143819901943206707e+00 2.860000000000000000e+02
-1.017235805988311537e+00 3.170000000000000000e+02
-8.906517100334165882e-01 3.310000000000000000e+02
-7.640676140785216397e-01 4.140000000000000000e+02
-6.374835181236266912e-01 4.350000000000000000e+02
-5.108994221687312987e-01 4.230000000000000000e+02
-3.843153262138363502e-01 4.260000000000000000e+02
-2.577312302589414017e-01 4.600000000000000000e+02
-1.311471343040464532e-01 4.830000000000000000e+02
-4.563038349151504747e-03 4.570000000000000000e+02
1.220210576057434437e-01 4.340000000000000000e+02
2.486051535606388363e-01 4.380000000000000000e+02
3.751892495155337848e-01 4.210000000000000000e+02
5.017733454704287333e-01 4.250000000000000000e+02
6.283574414253236817e-01 4.000000000000000000e+02
7.549415373802186302e-01 3.660000000000000000e+02
8.815256333351140228e-01 3.790000000000000000e+02
1.008109729290008971e+00 3.120000000000000000e+02
1.134693825244903920e+00 3.030000000000000000e+02
1.261277921199798868e+00 2.620000000000000000e+02
1.387862017154693817e+00 2.000000000000000000e+02
1.514446113109588765e+00 1.680000000000000000e+02
1.641030209064483714e+00 1.310000000000000000e+02
1.767614305019378662e+00 1.160000000000000000e+02
1.894198400974274499e+00 9.000000000000000000e+01
2.020782496929169447e+00 7.100000000000000000e+01
2.147366592884064396e+00 5.200000000000000000e+01
2.273950688838959344e+00 4.500000000000000000e+01
2.400534784793854293e+00 2.300000000000000000e+01
2.527118880748749241e+00 2.100000000000000000e+01
2.653702976703644190e+00 1.100000000000000000e+01
2.780287072658539138e+00 6.000000000000000000e+00
2.906871168613434087e+00 3.000000000000000000e+00
3.033455264568329035e+00 2.000000000000000000e+00
3.160039360523223984e+00 0.000000000000000000e+00
3.286623456478119820e+00 1.000000000000000000e+00
