#     bins                         n
-2.900435791825008436e-01 1.000000000000000000e+00
-2.788586744521043825e-01 0.000000000000000000e+00
-2.676737697217079215e-01 0.000000000000000000e+00
-2.564888649913114604e-01 0.000000000000000000e+00
-2.453039602609149994e-01 0.000000000000000000e+00
-2.341190555305185383e-01 0.000000000000000000e+00
-2.229341508001220773e-01 0.000000000000000000e+00
-2.117492460697256162e-01 0.000000000000000000e+00
-2.005643413393291552e-01 0.000000000000000000e+00
-1.893794366089326942e-01 0.000000000000000000e+00
-1.781945318785362331e-01 1.000000000000000000e+00
-1.670096271481397721e-01 3.000000000000000000e+00
-1.558247224177433388e-01 0.000000000000000000e+00
-1.446398176873468777e-01 4.000000000000000000e+00
-1.334549129569504167e-01 1.000000000000000000e+00
-1.222700082265539556e-01 2.000000000000000000e+00
-1.110851034961574946e-01 3.000000000000000000e+00
-9.990019876576103353e-02 2.000000000000000000e+00
-8.871529403536457248e-02 3.000000000000000000e+00
-7.753038930496811143e-02 2.000000000000000000e+00
-6.634548457457165038e-02 2.000000000000000000e+00
-5.516057984417518933e-02 7.000000000000000000e+00
-4.397567511377872829e-02 1.000000000000000000e+01
-3.279077038338229499e-02 5.000000000000000000e+00
-2.160586565298583395e-02 5.000000000000000000e+00
-1.042096092258937290e-02 5.000000000000000000e+00
7.639438078070881488e-04 2.000000000000000000e+00
1.194884853820354920e-02 4.000000000000000000e+00
2.313375326860001024e-02 1.000000000000000000e+00
3.431865799899647129e-02 2.000000000000000000e+00
4.550356272939293234e-02 4.000000000000000000e+00
5.668846745978939339e-02 3.000000000000000000e+00
6.787337219018585444e-02 3.000000000000000000e+00
7.905827692058231548e-02 5.000000000000000000e+00
9.024318165097877653e-02 3.000000000000000000e+00
1.014280863813752376e-01 1.000000000000000000e+00
1.126129911117716986e-01 2.000000000000000000e+00
1.237978958421681597e-01 3.000000000000000000e+00
1.349828005725646207e-01 3.000000000000000000e+00
1.461677053029610818e-01 1.000000000000000000e+00
1.573526100333575428e-01 3.000000000000000000e+00
1.685375147637540039e-01 0.000000000000000000e+00
1.797224194941504649e-01 1.000000000000000000e+00
1.909073242245469260e-01 0.000000000000000000e+00
2.020922289549433870e-01 1.000000000000000000e+00
2.132771336853397925e-01 0.000000000000000000e+00
2.244620384157362536e-01 0.000000000000000000e+00
2.356469431461327146e-01 0.000000000000000000e+00
2.468318478765291757e-01 0.000000000000000000e+00
2.580167526069256367e-01 2.000000000000000000e+00
