#     bins                         n
3.480222001671791354e-02 3.200000000000000000e+01
8.116528913378714960e-02 6.000000000000000000e+01
1.275283582508563995e-01 1.100000000000000000e+02
1.738914273679256217e-01 1.420000000000000000e+02
2.202544964849948717e-01 1.580000000000000000e+02
2.666175656020641216e-01 1.710000000000000000e+02
3.129806347191333438e-01 2.230000000000000000e+02
3.593437038362026215e-01 2.400000000000000000e+02
4.057067729532718436e-01 2.950000000000000000e+02
4.520698420703410658e-01 2.990000000000000000e+02
4.984329111874103435e-01 3.570000000000000000e+02
5.447959803044796212e-01 3.380000000000000000e+02
5.911590494215488434e-01 3.770000000000000000e+02
6.375221185386180656e-01 3.480000000000000000e+02
6.838851876556873988e-01 3.540000000000000000e+02
7.302482567727566209e-01 3.630000000000000000e+02
7.766113258898258431e-01 4.180000000000000000e+02
8.229743950068950653e-01 3.790000000000000000e+02
8.693374641239642875e-01 3.940000000000000000e+02
9.157005332410336207e-01 4.050000000000000000e+02
9.620636023581028429e-01 3.910000000000000000e+02
1.008426671475171954e+00 3.590000000000000000e+02
1.054789740592241287e+00 3.460000000000000000e+02
1.101152809709310620e+00 3.190000000000000000e+02
1.147515878826379732e+00 3.210000000000000000e+02
1.193878947943449065e+00 3.010000000000000000e+02
1.240242017060518176e+00 2.580000000000000000e+02
1.286605086177587509e+00 2.310000000000000000e+02
1.332968155294656842e+00 2.460000000000000000e+02
1.379331224411725954e+00 2.350000000000000000e+02
1.425694293528795287e+00 2.000000000000000000e+02
1.472057362645864398e+00 2.190000000000000000e+02
1.518420431762933731e+00 1.490000000000000000e+02
1.564783500880003064e+00 1.470000000000000000e+02
1.611146569997072175e+00 1.390000000000000000e+02
1.657509639114141509e+00 1.090000000000000000e+02
1.703872708231210620e+00 8.600000000000000000e+01
1.750235777348279953e+00 9.800000000000000000e+01
1.796598846465349286e+00 6.600000000000000000e+01
1.842961915582418397e+00 5.400000000000000000e+01
1.889324984699487731e+00 5.200000000000000000e+01
1.935688053816556842e+00 3.900000000000000000e+01
1.982051122933626175e+00 2.400000000000000000e+01
2.028414192050695064e+00 1.700000000000000000e+01
2.074777261167764397e+00 9.000000000000000000e+00
2.121140330284833730e+00 6.000000000000000000e+00
2.167503399401903064e+00 8.000000000000000000e+00
2.213866468518971953e+00 3.000000000000000000e+00
2.260229537636041286e+00 2.000000000000000000e+00
2.306592606753110619e+00 3.000000000000000000e+00
