#     bins                         n
-3.013629581928253032e+00 5.000000000000000000e+00
-2.887284715175629124e+00 7.000000000000000000e+00
-2.760939848423004328e+00 1.300000000000000000e+01
-2.634594981670379532e+00 2.100000000000000000e+01
-2.508250114917754736e+00 2.300000000000000000e+01
-2.381905248165130828e+00 3.900000000000000000e+01
-2.255560381412506032e+00 3.600000000000000000e+01
-2.129215514659881237e+00 6.800000000000000000e+01
-2.002870647907257329e+00 8.000000000000000000e+01
-1.876525781154632533e+00 9.400000000000000000e+01
-1.750180914402007959e+00 1.140000000000000000e+02
-1.623836047649383607e+00 1.560000000000000000e+02
-1.497491180896759033e+00 1.740000000000000000e+02
-1.371146314144134459e+00 1.980000000000000000e+02
-1.244801447391510107e+00 2.330000000000000000e+02
-1.118456580638885534e+00 2.510000000000000000e+02
-9.921117138862609597e-01 2.690000000000000000e+02
-8.657668471336366078e-01 3.370000000000000000e+02
-7.394219803810118119e-01 3.820000000000000000e+02
-6.130771136283874601e-01 4.100000000000000000e+02
-4.867322468757626641e-01 4.470000000000000000e+02
-3.603873801231383123e-01 4.550000000000000000e+02
-2.340425133705139604e-01 4.800000000000000000e+02
-1.076976466178891645e-01 4.930000000000000000e+02
1.864722013473518736e-02 4.830000000000000000e+02
1.449920868873595392e-01 5.250000000000000000e+02
2.713369536399843351e-01 4.800000000000000000e+02
3.976818203926086870e-01 4.350000000000000000e+02
5.240266871452330388e-01 4.160000000000000000e+02
6.503715538978578348e-01 4.390000000000000000e+02
7.767164206504821866e-01 3.550000000000000000e+02
9.030612874031069826e-01 3.150000000000000000e+02
1.029406154155731334e+00 2.980000000000000000e+02
1.155751020908356130e+00 2.750000000000000000e+02
1.282095887660980038e+00 2.340000000000000000e+02
1.408440754413604834e+00 1.720000000000000000e+02
1.534785621166229630e+00 1.510000000000000000e+02
1.661130487918853538e+00 1.370000000000000000e+02
1.787475354671478334e+00 9.600000000000000000e+01
1.913820221424103130e+00 7.600000000000000000e+01
2.040165088176728148e+00 5.900000000000000000e+01
2.166509954929352055e+00 5.200000000000000000e+01
2.292854821681976851e+00 3.600000000000000000e+01
2.419199688434601647e+00 3.100000000000000000e+01
2.545544555187225555e+00 1.800000000000000000e+01
2.671889421939850351e+00 1.500000000000000000e+01
2.798234288692475147e+00 8.000000000000000000e+00
2.924579155445099055e+00 7.000000000000000000e+00
3.050924022197723851e+00 5.000000000000000000e+00
3.177268888950348646e+00 1.000000000000000000e+00
