#     bins                         n
-2.409016243566723947e-01 1.000000000000000000e+00
-2.303977255480004760e-01 0.000000000000000000e+00
-2.198938267393285573e-01 1.000000000000000000e+00
-2.093899279306566386e-01 0.000000000000000000e+00
-1.988860291219847198e-01 0.000000000000000000e+00
-1.883821303133128011e-01 1.000000000000000000e+00
-1.778782315046408824e-01 3.000000000000000000e+00
-1.673743326959689637e-01 3.000000000000000000e+00
-1.568704338872970450e-01 0.000000000000000000e+00
-1.463665350786251262e-01 1.000000000000000000e+00
-1.358626362699532075e-01 1.000000000000000000e+00
-1.253587374612812888e-01 0.000000000000000000e+00
-1.148548386526093701e-01 4.000000000000000000e+00
-1.043509398439374514e-01 2.000000000000000000e+00
-9.384704103526553265e-02 1.000000000000000000e+00
-8.334314222659361393e-02 4.000000000000000000e+00
-7.283924341792169521e-02 5.000000000000000000e+00
-6.233534460924977649e-02 3.000000000000000000e+00
-5.183144580057785777e-02 4.000000000000000000e+00
-4.132754699190593906e-02 3.000000000000000000e+00
-3.082364818323402034e-02 4.000000000000000000e+00
-2.031974937456210162e-02 3.000000000000000000e+00
-9.815850565890182899e-03 0.000000000000000000e+00
6.880482427817358193e-04 4.000000000000000000e+00
1.119194705145365454e-02 3.000000000000000000e+00
2.169584586012557326e-02 8.000000000000000000e+00
3.219974466879749198e-02 6.000000000000000000e+00
4.270364347746941069e-02 3.000000000000000000e+00
5.320754228614132941e-02 5.000000000000000000e+00
6.371144109481324813e-02 3.000000000000000000e+00
7.421533990348516685e-02 2.000000000000000000e+00
8.471923871215708557e-02 2.000000000000000000e+00
9.522313752082900429e-02 5.000000000000000000e+00
1.057270363295009230e-01 2.000000000000000000e+00
1.162309351381728417e-01 2.000000000000000000e+00
1.267348339468447604e-01 2.000000000000000000e+00
1.372387327555166792e-01 2.000000000000000000e+00
1.477426315641885979e-01 5.000000000000000000e+00
1.582465303728605166e-01 0.000000000000000000e+00
1.687504291815324353e-01 0.000000000000000000e+00
1.792543279902043540e-01 0.000000000000000000e+00
1.897582267988762728e-01 1.000000000000000000e+00
2.002621256075481915e-01 0.000000000000000000e+00
2.107660244162201102e-01 0.000000000000000000e+00
2.212699232248920289e-01 0.000000000000000000e+00
2.317738220335639476e-01 0.000000000000000000e+00
2.422777208422358663e-01 0.000000000000000000e+00
2.527816196509077851e-01 0.000000000000000000e+00
2.632855184595797038e-01 0.000000000000000000e+00
2.737894172682515670e-01 1.000000000000000000e+00
