#     bins                         n
-2.341114101447637763e-01 1.000000000000000000e+00
-2.247558722207504411e-01 0.000000000000000000e+00
-2.154003342967371060e-01 0.000000000000000000e+00
-2.060447963727237153e-01 0.000000000000000000e+00
-1.966892584487103801e-01 1.000000000000000000e+00
-1.873337205246970449e-01 1.000000000000000000e+00
-1.779781826006837098e-01 2.000000000000000000e+00
-1.686226446766703191e-01 1.000000000000000000e+00
-1.592671067526569839e-01 2.000000000000000000e+00
-1.499115688286436487e-01 1.000000000000000000e+00
-1.405560309046303136e-01 0.000000000000000000e+00
-1.312004929806169229e-01 1.000000000000000000e+00
-1.218449550566035738e-01 1.000000000000000000e+00
-1.124894171325902248e-01 1.000000000000000000e+00
-1.031338792085768757e-01 2.000000000000000000e+00
-9.377834128456354057e-02 4.000000000000000000e+00
-8.442280336055017764e-02 6.000000000000000000e+00
-7.506726543653681472e-02 5.000000000000000000e+00
-6.571172751252347954e-02 1.000000000000000000e+00
-5.635618958851011662e-02 2.000000000000000000e+00
-4.700065166449678145e-02 2.000000000000000000e+00
-3.764511374048341852e-02 4.000000000000000000e+00
-2.828957581647008335e-02 2.000000000000000000e+00
-1.893403789245672042e-02 6.000000000000000000e+00
-9.578499968443357493e-03 1.000000000000000000e+00
-2.229620444300223214e-04 5.000000000000000000e+00
9.132575879583340606e-03 2.000000000000000000e+00
1.848811380359670353e-02 3.000000000000000000e+00
2.784365172761003870e-02 2.000000000000000000e+00
3.719918965162337388e-02 5.000000000000000000e+00
4.655472757563670905e-02 3.000000000000000000e+00
5.591026549965009973e-02 1.000000000000000000e+00
6.526580342366343490e-02 6.000000000000000000e+00
7.462134134767677007e-02 4.000000000000000000e+00
8.397687927169016076e-02 4.000000000000000000e+00
9.333241719570349593e-02 4.000000000000000000e+00
1.026879551197168311e-01 2.000000000000000000e+00
1.120434930437301663e-01 4.000000000000000000e+00
1.213990309677435570e-01 1.000000000000000000e+00
1.307545688917569060e-01 1.000000000000000000e+00
1.401101068157702412e-01 1.000000000000000000e+00
1.494656447397836319e-01 1.000000000000000000e+00
1.588211826637969670e-01 1.000000000000000000e+00
1.681767205878103022e-01 1.000000000000000000e+00
1.775322585118236374e-01 0.000000000000000000e+00
1.868877964358370281e-01 0.000000000000000000e+00
1.962433343598503632e-01 0.000000000000000000e+00
2.055988722838636984e-01 1.000000000000000000e+00
2.149544102078770891e-01 0.000000000000000000e+00
2.243099481318904242e-01 1.000000000000000000e+00
