#     bins                         n
2.865838176105171484e-02 2.100000000000000000e+01
7.630827120970934407e-02 5.300000000000000000e+01
1.239581606583669837e-01 7.800000000000000000e+01
1.716080501070245956e-01 1.300000000000000000e+02
2.192579395556822353e-01 1.530000000000000000e+02
2.669078290043399027e-01 1.890000000000000000e+02
3.145577184529975145e-01 2.230000000000000000e+02
3.622076079016551819e-01 2.580000000000000000e+02
4.098574973503127938e-01 2.840000000000000000e+02
4.575073867989704057e-01 3.110000000000000000e+02
5.051572762476280731e-01 3.720000000000000000e+02
5.528071656962857405e-01 3.610000000000000000e+02
6.004570551449432969e-01 4.050000000000000000e+02
6.481069445936009643e-01 4.240000000000000000e+02
6.957568340422586317e-01 4.260000000000000000e+02
7.434067234909161881e-01 4.010000000000000000e+02
7.910566129395738555e-01 4.360000000000000000e+02
8.387065023882315229e-01 4.250000000000000000e+02
8.863563918368890793e-01 4.210000000000000000e+02
9.340062812855467467e-01 4.050000000000000000e+02
9.816561707342044141e-01 3.650000000000000000e+02
1.029306060182862081e+00 3.780000000000000000e+02
1.076955949631519749e+00 3.560000000000000000e+02
1.124605839080177194e+00 3.130000000000000000e+02
1.172255728528834862e+00 2.810000000000000000e+02
1.219905617977492529e+00 2.740000000000000000e+02
1.267555507426150196e+00 2.560000000000000000e+02
1.315205396874807864e+00 2.210000000000000000e+02
1.362855286323465531e+00 2.070000000000000000e+02
1.410505175772122977e+00 1.990000000000000000e+02
1.458155065220780644e+00 1.700000000000000000e+02
1.505804954669438311e+00 1.560000000000000000e+02
1.553454844118095979e+00 1.150000000000000000e+02
1.601104733566753646e+00 1.340000000000000000e+02
1.648754623015411314e+00 1.200000000000000000e+02
1.696404512464068981e+00 1.130000000000000000e+02
1.744054401912726426e+00 9.600000000000000000e+01
1.791704291361384094e+00 6.500000000000000000e+01
1.839354180810041761e+00 6.200000000000000000e+01
1.887004070258699429e+00 5.200000000000000000e+01
1.934653959707357096e+00 5.500000000000000000e+01
1.982303849156014763e+00 3.500000000000000000e+01
2.029953738604672431e+00 2.400000000000000000e+01
2.077603628053330098e+00 2.300000000000000000e+01
2.125253517501987766e+00 1.800000000000000000e+01
2.172903406950644989e+00 1.200000000000000000e+01
2.220553296399302656e+00 5.000000000000000000e+00
2.268203185847960324e+00 7.000000000000000000e+00
2.315853075296617991e+00 3.000000000000000000e+00
2.363502964745275658e+00 3.000000000000000000e+00
