#     bins                         n
-2.395681982029919666e-01 1.000000000000000000e+00
-2.296219874549739748e-01 0.000000000000000000e+00
-2.196757767069559275e-01 0.000000000000000000e+00
-2.097295659589378802e-01 0.000000000000000000e+00
-1.997833552109198885e-01 1.000000000000000000e+00
-1.898371444629018412e-01 1.000000000000000000e+00
-1.798909337148837939e-01 0.000000000000000000e+00
-1.699447229668658021e-01 3.000000000000000000e+00
-1.599985122188477549e-01 0.000000000000000000e+00
-1.500523014708297631e-01 1.000000000000000000e+00
-1.401060907228117158e-01 2.000000000000000000e+00
-1.301598799747936686e-01 2.000000000000000000e+00
-1.202136692267756629e-01 1.000000000000000000e+00
-1.102674584787576434e-01 0.000000000000000000e+00
-1.003212477307395961e-01 1.000000000000000000e+00
-9.037503698272157659e-02 2.000000000000000000e+00
-8.042882623470355707e-02 4.000000000000000000e+00
-7.048261548668553755e-02 5.000000000000000000e+00
-6.053640473866751803e-02 3.000000000000000000e+00
-5.059019399064947076e-02 3.000000000000000000e+00
-4.064398324263145124e-02 5.000000000000000000e+00
-3.069777249461343172e-02 4.000000000000000000e+00
-2.075156174659538444e-02 3.000000000000000000e+00
-1.080535099857736492e-02 4.000000000000000000e+00
-8.591402505593453975e-04 9.000000000000000000e+00
9.087070497458674123e-03 3.000000000000000000e+00
1.903328124547669364e-02 2.000000000000000000e+00
2.897949199349474092e-02 2.000000000000000000e+00
3.892570274151278820e-02 2.000000000000000000e+00
4.887191348953077996e-02 4.000000000000000000e+00
5.881812423754882724e-02 6.000000000000000000e+00
6.876433498556681900e-02 4.000000000000000000e+00
7.871054573358486628e-02 3.000000000000000000e+00
8.865675648160291356e-02 4.000000000000000000e+00
9.860296722962090532e-02 3.000000000000000000e+00
1.085491779776389526e-01 1.000000000000000000e+00
1.184953887256569444e-01 1.000000000000000000e+00
1.284415994736750055e-01 0.000000000000000000e+00
1.383878102216930528e-01 3.000000000000000000e+00
1.483340209697110446e-01 0.000000000000000000e+00
1.582802317177290918e-01 1.000000000000000000e+00
1.682264424657471391e-01 1.000000000000000000e+00
1.781726532137651309e-01 0.000000000000000000e+00
1.881188639617831782e-01 2.000000000000000000e+00
1.980650747098012254e-01 1.000000000000000000e+00
2.080112854578192172e-01 1.000000000000000000e+00
2.179574962058372645e-01 0.000000000000000000e+00
2.279037069538552562e-01 0.000000000000000000e+00
2.378499177018733035e-01 0.000000000000000000e+00
2.477961284498913508e-01 1.000000000000000000e+00
