#     bins                         n
-3.341025676727294780e+00 3.000000000000000000e+00
-3.202248592376709446e+00 0.000000000000000000e+00
-3.063471508026123225e+00 4.000000000000000000e+00
-2.924694423675537003e+00 1.000000000000000000e+01
-2.785917339324950781e+00 1.100000000000000000e+01
-2.647140254974365448e+00 2.100000000000000000e+01
-2.508363170623779226e+00 2.100000000000000000e+01
-2.369586086273193004e+00 3.900000000000000000e+01
-2.230809001922607671e+00 4.900000000000000000e+01
-2.092031917572021449e+00 5.700000000000000000e+01
-1.953254833221435449e+00 9.300000000000000000e+01
-1.814477748870849672e+00 1.150000000000000000e+02
-1.675700664520263672e+00 1.320000000000000000e+02
-1.536923580169677672e+00 2.010000000000000000e+02
-1.398146495819091895e+00 1.840000000000000000e+02
-1.259369411468505673e+00 2.410000000000000000e+02
-1.120592327117919895e+00 3.140000000000000000e+02
-9.818152427673341176e-01 3.260000000000000000e+02
-8.430381584167478959e-01 3.580000000000000000e+02
-7.042610740661621183e-01 4.260000000000000000e+02
-5.654839897155758965e-01 4.450000000000000000e+02
-4.267069053649901189e-01 4.870000000000000000e+02
-2.879298210144043413e-01 4.970000000000000000e+02
-1.491527366638181196e-01 5.670000000000000000e+02
-1.037565231323234194e-02 6.000000000000000000e+02
1.284014320373534357e-01 5.350000000000000000e+02
2.671785163879396574e-01 4.920000000000000000e+02
4.059556007385254350e-01 5.360000000000000000e+02
5.447326850891112127e-01 4.920000000000000000e+02
6.835097694396974344e-01 4.160000000000000000e+02
8.222868537902836561e-01 3.910000000000000000e+02
9.610639381408689896e-01 3.140000000000000000e+02
1.099841022491455211e+00 3.160000000000000000e+02
1.238618106842041433e+00 2.290000000000000000e+02
1.377395191192626767e+00 2.130000000000000000e+02
1.516172275543212988e+00 1.870000000000000000e+02
1.654949359893799210e+00 1.340000000000000000e+02
1.793726444244384544e+00 1.080000000000000000e+02
1.932503528594970765e+00 8.300000000000000000e+01
2.071280612945557209e+00 5.300000000000000000e+01
2.210057697296143431e+00 6.100000000000000000e+01
2.348834781646728764e+00 3.800000000000000000e+01
2.487611865997314986e+00 3.300000000000000000e+01
2.626388950347901208e+00 2.000000000000000000e+01
2.765166034698486541e+00 1.300000000000000000e+01
2.903943119049072763e+00 1.100000000000000000e+01
3.042720203399658985e+00 5.000000000000000000e+00
3.181497287750244318e+00 2.000000000000000000e+00
3.320274372100830540e+00 2.000000000000000000e+00
3.459051456451416762e+00 1.000000000000000000e+00
