#     bins                         n
3.432531740516424346e-02 3.000000000000000000e+01
8.515478182584047817e-02 6.400000000000000000e+01
1.359842462465167268e-01 1.470000000000000000e+02
1.868137106671929337e-01 1.650000000000000000e+02
2.376431750878691962e-01 2.010000000000000000e+02
2.884726395085454587e-01 2.680000000000000000e+02
3.393021039292216656e-01 2.620000000000000000e+02
3.901315683498978726e-01 3.250000000000000000e+02
4.409610327705741351e-01 3.830000000000000000e+02
4.917904971912503975e-01 3.790000000000000000e+02
5.426199616119266045e-01 4.210000000000000000e+02
5.934494260326027559e-01 4.080000000000000000e+02
6.442788904532790184e-01 4.410000000000000000e+02
6.951083548739552809e-01 4.530000000000000000e+02
7.459378192946314323e-01 4.410000000000000000e+02
7.967672837153076948e-01 4.210000000000000000e+02
8.475967481359839573e-01 3.880000000000000000e+02
8.984262125566602197e-01 4.320000000000000000e+02
9.492556769773364822e-01 4.150000000000000000e+02
1.000085141398012745e+00 3.300000000000000000e+02
1.050914605818689118e+00 3.380000000000000000e+02
1.101744070239365270e+00 2.970000000000000000e+02
1.152573534660041421e+00 2.850000000000000000e+02
1.203402999080717795e+00 2.920000000000000000e+02
1.254232463501393946e+00 2.800000000000000000e+02
1.305061927922070097e+00 2.420000000000000000e+02
1.355891392342746471e+00 2.070000000000000000e+02
1.406720856763422622e+00 2.060000000000000000e+02
1.457550321184098774e+00 1.820000000000000000e+02
1.508379785604775147e+00 1.560000000000000000e+02
1.559209250025451299e+00 1.630000000000000000e+02
1.610038714446127672e+00 1.500000000000000000e+02
1.660868178866803824e+00 1.290000000000000000e+02
1.711697643287479975e+00 9.300000000000000000e+01
1.762527107708156349e+00 9.800000000000000000e+01
1.813356572128832500e+00 7.200000000000000000e+01
1.864186036549508874e+00 7.500000000000000000e+01
1.915015500970185025e+00 6.300000000000000000e+01
1.965844965390861177e+00 6.200000000000000000e+01
2.016674429811537550e+00 5.300000000000000000e+01
2.067503894232213923e+00 2.800000000000000000e+01
2.118333358652889853e+00 1.700000000000000000e+01
2.169162823073566226e+00 2.000000000000000000e+01
2.219992287494242600e+00 7.000000000000000000e+00
2.270821751914918529e+00 5.000000000000000000e+00
2.321651216335594903e+00 1.000000000000000000e+00
2.372480680756271276e+00 3.000000000000000000e+00
2.423310145176947206e+00 1.000000000000000000e+00
2.474139609597623579e+00 0.000000000000000000e+00
2.524969074018299953e+00 1.000000000000000000e+00
