#     bins                         n
-3.299620380401611541e+00 2.000000000000000000e+00
-3.169174880981445064e+00 2.000000000000000000e+00
-3.038729381561279475e+00 4.000000000000000000e+00
-2.908283882141112997e+00 4.000000000000000000e+00
-2.777838382720947408e+00 6.000000000000000000e+00
-2.647392883300780930e+00 1.100000000000000000e+01
-2.516947383880615341e+00 1.700000000000000000e+01
-2.386501884460449752e+00 3.100000000000000000e+01
-2.256056385040283274e+00 3.200000000000000000e+01
-2.125610885620117685e+00 5.500000000000000000e+01
-1.995165386199950985e+00 7.700000000000000000e+01
-1.864719886779785174e+00 1.040000000000000000e+02
-1.734274387359619363e+00 1.390000000000000000e+02
-1.603828887939453329e+00 1.580000000000000000e+02
-1.473383388519287296e+00 1.810000000000000000e+02
-1.342937889099121263e+00 2.340000000000000000e+02
-1.212492389678955229e+00 2.540000000000000000e+02
-1.082046890258789196e+00 3.090000000000000000e+02
-9.516013908386231623e-01 3.440000000000000000e+02
-8.211558914184571289e-01 3.780000000000000000e+02
-6.907103919982910956e-01 3.970000000000000000e+02
-5.602648925781250622e-01 4.230000000000000000e+02
-4.298193931579590288e-01 4.360000000000000000e+02
-2.993738937377929954e-01 4.940000000000000000e+02
-1.689283943176274061e-01 4.770000000000000000e+02
-3.848289489746137271e-02 4.770000000000000000e+02
9.196260452270466068e-02 4.760000000000000000e+02
2.224081039428706941e-01 4.680000000000000000e+02
3.528536033630367275e-01 4.980000000000000000e+02
4.832991027832027608e-01 4.740000000000000000e+02
6.137446022033687942e-01 4.110000000000000000e+02
7.441901016235352717e-01 3.950000000000000000e+02
8.746356010437008610e-01 3.570000000000000000e+02
1.005081100463866450e+00 3.070000000000000000e+02
1.135526599884032928e+00 2.800000000000000000e+02
1.265972099304198517e+00 2.200000000000000000e+02
1.396417598724364995e+00 1.880000000000000000e+02
1.526863098144530584e+00 2.060000000000000000e+02
1.657308597564697061e+00 1.550000000000000000e+02
1.787754096984862651e+00 1.110000000000000000e+02
1.918199596405029128e+00 8.700000000000000000e+01
2.048645095825194495e+00 5.900000000000000000e+01
2.179090595245360973e+00 4.900000000000000000e+01
2.309536094665526562e+00 3.600000000000000000e+01
2.439981594085693040e+00 2.700000000000000000e+01
2.570427093505858629e+00 1.400000000000000000e+01
2.700872592926025106e+00 1.300000000000000000e+01
2.831318092346190696e+00 1.200000000000000000e+01
2.961763591766356285e+00 4.000000000000000000e+00
3.092209091186522762e+00 5.000000000000000000e+00
