#     bins                         n
-3.129436795711517227e+00 3.000000000000000000e+00
-3.003226711750030198e+00 6.000000000000000000e+00
-2.877016627788543612e+00 2.000000000000000000e+00
-2.750806543827057027e+00 1.200000000000000000e+01
-2.624596459865569997e+00 1.500000000000000000e+01
-2.498386375904082968e+00 2.000000000000000000e+01
-2.372176291942596382e+00 2.700000000000000000e+01
-2.245966207981109797e+00 3.800000000000000000e+01
-2.119756124019622767e+00 6.400000000000000000e+01
-1.993546040058135738e+00 6.500000000000000000e+01
-1.867335956096649152e+00 8.500000000000000000e+01
-1.741125872135162345e+00 1.310000000000000000e+02
-1.614915788173675537e+00 1.320000000000000000e+02
-1.488705704212188730e+00 1.780000000000000000e+02
-1.362495620250701922e+00 1.940000000000000000e+02
-1.236285536289215115e+00 2.520000000000000000e+02
-1.110075452327728307e+00 2.700000000000000000e+02
-9.838653683662412774e-01 2.740000000000000000e+02
-8.576552844047546920e-01 3.430000000000000000e+02
-7.314452004432681065e-01 3.950000000000000000e+02
-6.052351164817810769e-01 3.840000000000000000e+02
-4.790250325202940473e-01 4.370000000000000000e+02
-3.528149485588074619e-01 4.290000000000000000e+02
-2.266048645973208764e-01 4.560000000000000000e+02
-1.003947806358338468e-01 4.650000000000000000e+02
2.581530332565318275e-02 4.960000000000000000e+02
1.520253872871397682e-01 4.710000000000000000e+02
2.782354712486263537e-01 4.760000000000000000e+02
4.044455552101133833e-01 4.660000000000000000e+02
5.306556391716004129e-01 4.830000000000000000e+02
6.568657231330869983e-01 4.200000000000000000e+02
7.830758070945735838e-01 3.220000000000000000e+02
9.092858910560606134e-01 3.300000000000000000e+02
1.035495975017547643e+00 3.080000000000000000e+02
1.161706058979034673e+00 2.350000000000000000e+02
1.287916142940520814e+00 2.320000000000000000e+02
1.414126226902007843e+00 2.190000000000000000e+02
1.540336310863494873e+00 1.830000000000000000e+02
1.666546394824981014e+00 1.370000000000000000e+02
1.792756478786468044e+00 1.120000000000000000e+02
1.918966562747955074e+00 9.700000000000000000e+01
2.045176646709442103e+00 6.100000000000000000e+01
2.171386730670929133e+00 5.900000000000000000e+01
2.297596814632415274e+00 5.300000000000000000e+01
2.423806898593902304e+00 1.800000000000000000e+01
2.550016982555389333e+00 1.700000000000000000e+01
2.676227066516875475e+00 1.000000000000000000e+01
2.802437150478362504e+00 9.000000000000000000e+00
2.928647234439849534e+00 5.000000000000000000e+00
3.054857318401336563e+00 2.000000000000000000e+00
