#     bins                         n
-1.625491510306840137e-01 2.000000000000000000e+00
-1.537102123460356573e-01 4.000000000000000000e+00
-1.448712736613873009e-01 1.000000000000000000e+00
-1.360323349767388890e-01 0.000000000000000000e+00
-1.271933962920905326e-01 2.000000000000000000e+00
-1.183544576074421623e-01 1.000000000000000000e+00
-1.095155189227937920e-01 2.000000000000000000e+00
-1.006765802381454217e-01 0.000000000000000000e+00
-9.183764155349705138e-02 1.000000000000000000e+00
-8.299870286884868109e-02 2.000000000000000000e+00
-7.415976418420031080e-02 4.000000000000000000e+00
-6.532082549955194051e-02 3.000000000000000000e+00
-5.648188681490355634e-02 3.000000000000000000e+00
-4.764294813025518605e-02 3.000000000000000000e+00
-3.880400944560681575e-02 3.000000000000000000e+00
-2.996507076095845934e-02 4.000000000000000000e+00
-2.112613207631007517e-02 3.000000000000000000e+00
-1.228719339166169100e-02 5.000000000000000000e+00
-3.448254707013334586e-03 3.000000000000000000e+00
5.390683977635049584e-03 9.000000000000000000e+00
1.422962266228340600e-02 4.000000000000000000e+00
2.306856134693179017e-02 5.000000000000000000e+00
3.190750003158014658e-02 4.000000000000000000e+00
4.074643871622853075e-02 4.000000000000000000e+00
4.958537740087691492e-02 2.000000000000000000e+00
5.842431608552527134e-02 5.000000000000000000e+00
6.726325477017365551e-02 2.000000000000000000e+00
7.610219345482201192e-02 1.000000000000000000e+00
8.494113213947039609e-02 1.000000000000000000e+00
9.378007082411875250e-02 1.000000000000000000e+00
1.026190095087671089e-01 2.000000000000000000e+00
1.114579481934155208e-01 2.000000000000000000e+00
1.202968868780638773e-01 1.000000000000000000e+00
1.291358255627122475e-01 1.000000000000000000e+00
1.379747642473606595e-01 2.000000000000000000e+00
1.468137029320090159e-01 0.000000000000000000e+00
1.556526416166573723e-01 1.000000000000000000e+00
1.644915803013057287e-01 1.000000000000000000e+00
1.733305189859541406e-01 0.000000000000000000e+00
1.821694576706024971e-01 2.000000000000000000e+00
1.910083963552508535e-01 1.000000000000000000e+00
1.998473350398992654e-01 0.000000000000000000e+00
2.086862737245476218e-01 0.000000000000000000e+00
2.175252124091959782e-01 0.000000000000000000e+00
2.263641510938443346e-01 1.000000000000000000e+00
2.352030897784927466e-01 1.000000000000000000e+00
2.440420284631411030e-01 0.000000000000000000e+00
2.528809671477894594e-01 0.000000000000000000e+00
2.617199058324378713e-01 0.000000000000000000e+00
2.705588445170862277e-01 1.000000000000000000e+00
