#     bins                         n
-2.125146033863971606e-01 1.000000000000000000e+00
-2.033244273576412242e-01 0.000000000000000000e+00
-1.941342513288852878e-01 0.000000000000000000e+00
-1.849440753001293514e-01 0.000000000000000000e+00
-1.757538992713734149e-01 0.000000000000000000e+00
-1.665637232426174785e-01 2.000000000000000000e+00
-1.573735472138615699e-01 0.000000000000000000e+00
-1.481833711851056334e-01 1.000000000000000000e+00
-1.389931951563496970e-01 3.000000000000000000e+00
-1.298030191275937606e-01 2.000000000000000000e+00
-1.206128430988378242e-01 2.000000000000000000e+00
-1.114226670700819016e-01 1.000000000000000000e+00
-1.022324910413259652e-01 1.000000000000000000e+00
-9.304231501257002879e-02 2.000000000000000000e+00
-8.385213898381410624e-02 3.000000000000000000e+00
-7.466196295505816982e-02 4.000000000000000000e+00
-6.547178692630223340e-02 2.000000000000000000e+00
-5.628161089754629698e-02 3.000000000000000000e+00
-4.709143486879036056e-02 3.000000000000000000e+00
-3.790125884003442414e-02 2.000000000000000000e+00
-2.871108281127848771e-02 2.000000000000000000e+00
-1.952090678252257905e-02 6.000000000000000000e+00
-1.033073075376664263e-02 3.000000000000000000e+00
-1.140554725010706205e-03 3.000000000000000000e+00
8.049621303745230216e-03 3.000000000000000000e+00
1.723979733250116664e-02 7.000000000000000000e+00
2.642997336125710306e-02 4.000000000000000000e+00
3.562014939001303948e-02 3.000000000000000000e+00
4.481032541876894815e-02 4.000000000000000000e+00
5.400050144752488457e-02 3.000000000000000000e+00
6.319067747628082099e-02 2.000000000000000000e+00
7.238085350503675741e-02 3.000000000000000000e+00
8.157102953379269383e-02 5.000000000000000000e+00
9.076120556254863025e-02 2.000000000000000000e+00
9.995138159130456668e-02 2.000000000000000000e+00
1.091415576200605031e-01 3.000000000000000000e+00
1.183317336488164395e-01 3.000000000000000000e+00
1.275219096775723759e-01 0.000000000000000000e+00
1.367120857063283124e-01 0.000000000000000000e+00
1.459022617350842488e-01 0.000000000000000000e+00
1.550924377638401852e-01 2.000000000000000000e+00
1.642826137925960661e-01 2.000000000000000000e+00
1.734727898213520025e-01 0.000000000000000000e+00
1.826629658501079390e-01 1.000000000000000000e+00
1.918531418788638754e-01 1.000000000000000000e+00
2.010433179076198118e-01 2.000000000000000000e+00
2.102334939363757482e-01 0.000000000000000000e+00
2.194236699651316846e-01 1.000000000000000000e+00
2.286138459938876211e-01 0.000000000000000000e+00
2.378040220226435575e-01 1.000000000000000000e+00
