#     bins                         n
-2.531785833084123083e-01 1.000000000000000000e+00
-2.423925761596910089e-01 1.000000000000000000e+00
-2.316065690109697650e-01 0.000000000000000000e+00
-2.208205618622484656e-01 1.000000000000000000e+00
-2.100345547135271662e-01 0.000000000000000000e+00
-1.992485475648059223e-01 2.000000000000000000e+00
-1.884625404160846229e-01 0.000000000000000000e+00
-1.776765332673633235e-01 5.000000000000000000e+00
-1.668905261186420796e-01 1.000000000000000000e+00
-1.561045189699207802e-01 1.000000000000000000e+00
-1.453185118211995364e-01 1.000000000000000000e+00
-1.345325046724782370e-01 1.000000000000000000e+00
-1.237464975237569514e-01 2.000000000000000000e+00
-1.129604903750356798e-01 1.000000000000000000e+00
-1.021744832263143804e-01 2.000000000000000000e+00
-9.138847607759310876e-02 5.000000000000000000e+00
-8.060246892887183712e-02 3.000000000000000000e+00
-6.981646178015056547e-02 1.000000000000000000e+00
-5.903045463142929383e-02 3.000000000000000000e+00
-4.824444748270799443e-02 4.000000000000000000e+00
-3.745844033398672279e-02 1.000000000000000000e+00
-2.667243318526545115e-02 8.000000000000000000e+00
-1.588642603654415175e-02 3.000000000000000000e+00
-5.100418887822880110e-03 4.000000000000000000e+00
5.685588260898391533e-03 4.000000000000000000e+00
1.647159540961969093e-02 5.000000000000000000e+00
2.725760255834093482e-02 4.000000000000000000e+00
3.804360970706223422e-02 1.000000000000000000e+00
4.882961685578353361e-02 7.000000000000000000e+00
5.961562400450477750e-02 4.000000000000000000e+00
7.040163115322607690e-02 1.000000000000000000e+00
8.118763830194732078e-02 4.000000000000000000e+00
9.197364545066862018e-02 2.000000000000000000e+00
1.027596525993899196e-01 4.000000000000000000e+00
1.135456597481111635e-01 1.000000000000000000e+00
1.243316668968324629e-01 1.000000000000000000e+00
1.351176740455536929e-01 1.000000000000000000e+00
1.459036811942749923e-01 2.000000000000000000e+00
1.566896883429962917e-01 0.000000000000000000e+00
1.674756954917175356e-01 3.000000000000000000e+00
1.782617026404388350e-01 2.000000000000000000e+00
1.890477097891601344e-01 1.000000000000000000e+00
1.998337169378813782e-01 0.000000000000000000e+00
2.106197240866026776e-01 0.000000000000000000e+00
2.214057312353239770e-01 0.000000000000000000e+00
2.321917383840452209e-01 0.000000000000000000e+00
2.429777455327665203e-01 1.000000000000000000e+00
2.537637526814878197e-01 0.000000000000000000e+00
2.645497598302090636e-01 0.000000000000000000e+00
2.753357669789303075e-01 1.000000000000000000e+00
