#     bins                         n
-2.482654696448653164e-01 1.000000000000000000e+00
-2.372621494376585261e-01 0.000000000000000000e+00
-2.262588292304517634e-01 0.000000000000000000e+00
-2.152555090232449730e-01 0.000000000000000000e+00
-2.042521888160382104e-01 2.000000000000000000e+00
-1.932488686088314200e-01 0.000000000000000000e+00
-1.822455484016246297e-01 0.000000000000000000e+00
-1.712422281944178393e-01 2.000000000000000000e+00
-1.602389079872110766e-01 2.000000000000000000e+00
-1.492355877800043140e-01 2.000000000000000000e+00
-1.382322675727975236e-01 1.000000000000000000e+00
-1.272289473655907333e-01 2.000000000000000000e+00
-1.162256271583839429e-01 3.000000000000000000e+00
-1.052223069511771802e-01 4.000000000000000000e+00
-9.421898674397038986e-02 4.000000000000000000e+00
-8.321566653676362724e-02 5.000000000000000000e+00
-7.221234632955683685e-02 2.000000000000000000e+00
-6.120902612235004647e-02 4.000000000000000000e+00
-5.020570591514328385e-02 4.000000000000000000e+00
-3.920238570793649346e-02 4.000000000000000000e+00
-2.819906550072973084e-02 4.000000000000000000e+00
-1.719574529352294046e-02 3.000000000000000000e+00
-6.192425086316150074e-03 5.000000000000000000e+00
4.810895120890640309e-03 2.000000000000000000e+00
1.581421532809743069e-02 6.000000000000000000e+00
2.681753553530416556e-02 4.000000000000000000e+00
3.782085574251095594e-02 2.000000000000000000e+00
4.882417594971774633e-02 2.000000000000000000e+00
5.982749615692453671e-02 3.000000000000000000e+00
7.083081636413132709e-02 3.000000000000000000e+00
8.183413657133806196e-02 9.000000000000000000e+00
9.283745677854485234e-02 2.000000000000000000e+00
1.038407769857516427e-01 1.000000000000000000e+00
1.148440971929584331e-01 2.000000000000000000e+00
1.258474174001652235e-01 1.000000000000000000e+00
1.368507376073719584e-01 1.000000000000000000e+00
1.478540578145787487e-01 1.000000000000000000e+00
1.588573780217855391e-01 1.000000000000000000e+00
1.698606982289923295e-01 0.000000000000000000e+00
1.808640184361991199e-01 0.000000000000000000e+00
1.918673386434058548e-01 2.000000000000000000e+00
2.028706588506126451e-01 3.000000000000000000e+00
2.138739790578194355e-01 0.000000000000000000e+00
2.248772992650262259e-01 0.000000000000000000e+00
2.358806194722330163e-01 0.000000000000000000e+00
2.468839396794398067e-01 0.000000000000000000e+00
2.578872598866466248e-01 0.000000000000000000e+00
2.688905800938533597e-01 0.000000000000000000e+00
2.798939003010602056e-01 0.000000000000000000e+00
2.908972205082669404e-01 1.000000000000000000e+00
