#     bins                         n
-2.332978053468484914e-01 1.000000000000000000e+00
-2.242884011264035526e-01 1.000000000000000000e+00
-2.152789969059585862e-01 0.000000000000000000e+00
-2.062695926855136475e-01 1.000000000000000000e+00
-1.972601884650687087e-01 0.000000000000000000e+00
-1.882507842446237700e-01 1.000000000000000000e+00
-1.792413800241788036e-01 0.000000000000000000e+00
-1.702319758037338648e-01 3.000000000000000000e+00
-1.612225715832888984e-01 2.000000000000000000e+00
-1.522131673628439597e-01 1.000000000000000000e+00
-1.432037631423990209e-01 3.000000000000000000e+00
-1.341943589219540822e-01 1.000000000000000000e+00
-1.251849547015091157e-01 1.000000000000000000e+00
-1.161755504810641770e-01 3.000000000000000000e+00
-1.071661462606192383e-01 1.000000000000000000e+00
-9.815674204017427185e-02 2.000000000000000000e+00
-8.914733781972933313e-02 0.000000000000000000e+00
-8.013793359928439441e-02 1.000000000000000000e+00
-7.112852937883942794e-02 0.000000000000000000e+00
-6.211912515839448923e-02 4.000000000000000000e+00
-5.310972093794955051e-02 0.000000000000000000e+00
-4.410031671750458404e-02 4.000000000000000000e+00
-3.509091249705964533e-02 4.000000000000000000e+00
-2.608150827661470661e-02 3.000000000000000000e+00
-1.707210405616974014e-02 5.000000000000000000e+00
-8.062699835724801423e-03 4.000000000000000000e+00
9.467043847201372930e-04 6.000000000000000000e+00
9.956108605165076009e-03 4.000000000000000000e+00
1.896551282561001472e-02 4.000000000000000000e+00
2.797491704605500895e-02 4.000000000000000000e+00
3.698432126649994767e-02 5.000000000000000000e+00
4.599372548694488638e-02 2.000000000000000000e+00
5.500312970738982510e-02 3.000000000000000000e+00
6.401253392783476381e-02 4.000000000000000000e+00
7.302193814827970253e-02 1.000000000000000000e+00
8.203134236872464125e-02 4.000000000000000000e+00
9.104074658916963547e-02 2.000000000000000000e+00
1.000501508096145742e-01 3.000000000000000000e+00
1.090595550300595129e-01 0.000000000000000000e+00
1.180689592505044516e-01 3.000000000000000000e+00
1.270783634709493903e-01 3.000000000000000000e+00
1.360877676913943291e-01 0.000000000000000000e+00
1.450971719118393233e-01 0.000000000000000000e+00
1.541065761322842620e-01 0.000000000000000000e+00
1.631159803527292007e-01 1.000000000000000000e+00
1.721253845731741394e-01 2.000000000000000000e+00
1.811347887936190781e-01 0.000000000000000000e+00
1.901441930140640169e-01 0.000000000000000000e+00
1.991535972345090111e-01 0.000000000000000000e+00
2.081630014549539498e-01 3.000000000000000000e+00
