#     bins                         n
-2.021762011551238025e-01 2.000000000000000000e+00
-1.939821348436265858e-01 1.000000000000000000e+00
-1.857880685321293412e-01 0.000000000000000000e+00
-1.775940022206321245e-01 1.000000000000000000e+00
-1.693999359091349077e-01 0.000000000000000000e+00
-1.612058695976376632e-01 1.000000000000000000e+00
-1.530118032861404465e-01 1.000000000000000000e+00
-1.448177369746432297e-01 3.000000000000000000e+00
-1.366236706631460129e-01 0.000000000000000000e+00
-1.284296043516487684e-01 1.000000000000000000e+00
-1.202355380401515517e-01 3.000000000000000000e+00
-1.120414717286543210e-01 1.000000000000000000e+00
-1.038474054171570904e-01 2.000000000000000000e+00
-9.565333910565987363e-02 2.000000000000000000e+00
-8.745927279416264299e-02 4.000000000000000000e+00
-7.926520648266542624e-02 4.000000000000000000e+00
-7.107114017116819560e-02 6.000000000000000000e+00
-6.287707385967097884e-02 1.000000000000000000e+00
-5.468300754817373432e-02 2.000000000000000000e+00
-4.648894123667651757e-02 3.000000000000000000e+00
-3.829487492517930081e-02 2.000000000000000000e+00
-3.010080861368205629e-02 3.000000000000000000e+00
-2.190674230218483953e-02 2.000000000000000000e+00
-1.371267599068762277e-02 1.000000000000000000e+00
-5.518609679190378259e-03 4.000000000000000000e+00
2.675456632306838500e-03 5.000000000000000000e+00
1.086952294380405526e-02 5.000000000000000000e+00
1.906358925530127202e-02 6.000000000000000000e+00
2.725765556679851653e-02 3.000000000000000000e+00
3.545172187829573329e-02 3.000000000000000000e+00
4.364578818979295005e-02 4.000000000000000000e+00
5.183985450129019457e-02 3.000000000000000000e+00
6.003392081278741133e-02 1.000000000000000000e+00
6.822798712428462808e-02 4.000000000000000000e+00
7.642205343578184484e-02 4.000000000000000000e+00
8.461611974727906160e-02 2.000000000000000000e+00
9.281018605877633387e-02 1.000000000000000000e+00
1.010042523702735506e-01 1.000000000000000000e+00
1.091983186817707674e-01 0.000000000000000000e+00
1.173923849932679842e-01 3.000000000000000000e+00
1.255864513047652009e-01 0.000000000000000000e+00
1.337805176162624177e-01 1.000000000000000000e+00
1.419745839277596899e-01 1.000000000000000000e+00
1.501686502392569067e-01 1.000000000000000000e+00
1.583627165507541235e-01 0.000000000000000000e+00
1.665567828622513402e-01 0.000000000000000000e+00
1.747508491737485570e-01 0.000000000000000000e+00
1.829449154852457737e-01 0.000000000000000000e+00
1.911389817967430460e-01 1.000000000000000000e+00
1.993330481082402628e-01 1.000000000000000000e+00
