#     bins                         n
-3.201443102575228794e-01 1.000000000000000000e+00
-3.090427337260794882e-01 0.000000000000000000e+00
-2.979411571946359860e-01 0.000000000000000000e+00
-2.868395806631925948e-01 0.000000000000000000e+00
-2.757380041317490926e-01 0.000000000000000000e+00
-2.646364276003057014e-01 0.000000000000000000e+00
-2.535348510688621992e-01 0.000000000000000000e+00
-2.424332745374187803e-01 0.000000000000000000e+00
-2.313316980059753336e-01 1.000000000000000000e+00
-2.202301214745318869e-01 1.000000000000000000e+00
-2.091285449430884402e-01 0.000000000000000000e+00
-1.980269684116449935e-01 0.000000000000000000e+00
-1.869253918802015191e-01 2.000000000000000000e+00
-1.758238153487580724e-01 1.000000000000000000e+00
-1.647222388173146257e-01 1.000000000000000000e+00
-1.536206622858711790e-01 1.000000000000000000e+00
-1.425190857544277323e-01 1.000000000000000000e+00
-1.314175092229842856e-01 2.000000000000000000e+00
-1.203159326915408389e-01 4.000000000000000000e+00
-1.092143561600973922e-01 2.000000000000000000e+00
-9.811277962865394553e-02 5.000000000000000000e+00
-8.701120309721049884e-02 3.000000000000000000e+00
-7.590962656576705214e-02 3.000000000000000000e+00
-6.480805003432357769e-02 4.000000000000000000e+00
-5.370647350288013100e-02 0.000000000000000000e+00
-4.260489697143668431e-02 3.000000000000000000e+00
-3.150332043999323761e-02 1.000000000000000000e+00
-2.040174390854979092e-02 5.000000000000000000e+00
-9.300167377106344224e-03 8.000000000000000000e+00
1.801409154337102470e-03 5.000000000000000000e+00
1.290298568578054916e-02 4.000000000000000000e+00
2.400456221722399586e-02 5.000000000000000000e+00
3.510613874866744255e-02 5.000000000000000000e+00
4.620771528011088924e-02 5.000000000000000000e+00
5.730929181155433594e-02 8.000000000000000000e+00
6.841086834299778263e-02 1.000000000000000000e+00
7.951244487444122933e-02 2.000000000000000000e+00
9.061402140588467602e-02 5.000000000000000000e+00
1.017155979373281227e-01 0.000000000000000000e+00
1.128171744687715694e-01 1.000000000000000000e+00
1.239187510002150161e-01 1.000000000000000000e+00
1.350203275316584628e-01 2.000000000000000000e+00
1.461219040631019095e-01 2.000000000000000000e+00
1.572234805945453562e-01 1.000000000000000000e+00
1.683250571259888029e-01 1.000000000000000000e+00
1.794266336574322496e-01 1.000000000000000000e+00
1.905282101888757518e-01 1.000000000000000000e+00
2.016297867203191430e-01 0.000000000000000000e+00
2.127313632517626452e-01 0.000000000000000000e+00
2.238329397832060363e-01 1.000000000000000000e+00
