#     bins                         n
-2.832657123941637045e-01 1.000000000000000000e+00
-2.726280670228679592e-01 0.000000000000000000e+00
-2.619904216515722140e-01 0.000000000000000000e+00
-2.513527762802764687e-01 0.000000000000000000e+00
-2.407151309089806956e-01 0.000000000000000000e+00
-2.300774855376849504e-01 0.000000000000000000e+00
-2.194398401663892051e-01 1.000000000000000000e+00
-2.088021947950934321e-01 1.000000000000000000e+00
-1.981645494237976868e-01 1.000000000000000000e+00
-1.875269040525019415e-01 2.000000000000000000e+00
-1.768892586812061962e-01 0.000000000000000000e+00
-1.662516133099104509e-01 2.000000000000000000e+00
-1.556139679386147057e-01 2.000000000000000000e+00
-1.449763225673189604e-01 1.000000000000000000e+00
-1.343386771960231874e-01 1.000000000000000000e+00
-1.237010318247274421e-01 3.000000000000000000e+00
-1.130633864534316968e-01 3.000000000000000000e+00
-1.024257410821359515e-01 0.000000000000000000e+00
-9.178809571084020624e-02 3.000000000000000000e+00
-8.115045033954443321e-02 6.000000000000000000e+00
-7.051280496824868793e-02 4.000000000000000000e+00
-5.987515959695294265e-02 1.000000000000000000e+00
-4.923751422565719738e-02 5.000000000000000000e+00
-3.859986885436145210e-02 3.000000000000000000e+00
-2.796222348306570682e-02 6.000000000000000000e+00
-1.732457811176996154e-02 9.000000000000000000e+00
-6.686932740474216263e-03 3.000000000000000000e+00
3.950712630821584526e-03 2.000000000000000000e+00
1.458835800211732980e-02 6.000000000000000000e+00
2.522600337341307508e-02 4.000000000000000000e+00
3.586364874470882036e-02 2.000000000000000000e+00
4.650129411600456564e-02 1.000000000000000000e+00
5.713893948730031092e-02 1.000000000000000000e+00
6.777658485859605619e-02 3.000000000000000000e+00
7.841423022989180147e-02 3.000000000000000000e+00
8.905187560118754675e-02 4.000000000000000000e+00
9.968952097248329203e-02 4.000000000000000000e+00
1.103271663437790373e-01 1.000000000000000000e+00
1.209648117150748381e-01 1.000000000000000000e+00
1.316024570863705834e-01 0.000000000000000000e+00
1.422401024576663287e-01 1.000000000000000000e+00
1.528777478289620739e-01 3.000000000000000000e+00
1.635153932002578192e-01 3.000000000000000000e+00
1.741530385715535645e-01 1.000000000000000000e+00
1.847906839428493098e-01 0.000000000000000000e+00
1.954283293141450550e-01 1.000000000000000000e+00
2.060659746854408003e-01 0.000000000000000000e+00
2.167036200567365456e-01 0.000000000000000000e+00
2.273412654280322909e-01 0.000000000000000000e+00
2.379789107993280362e-01 1.000000000000000000e+00
