#     bins                         n
-2.107639174949497984e-01 1.000000000000000000e+00
-1.995686041858394655e-01 1.000000000000000000e+00
-1.883732908767291325e-01 3.000000000000000000e+00
-1.771779775676188273e-01 0.000000000000000000e+00
-1.659826642585084944e-01 0.000000000000000000e+00
-1.547873509493981614e-01 1.000000000000000000e+00
-1.435920376402878562e-01 1.000000000000000000e+00
-1.323967243311775233e-01 1.000000000000000000e+00
-1.212014110220671903e-01 2.000000000000000000e+00
-1.100060977129568573e-01 3.000000000000000000e+00
-9.881078440384653827e-02 2.000000000000000000e+00
-8.761547109473621919e-02 5.000000000000000000e+00
-7.642015778562588624e-02 2.000000000000000000e+00
-6.522484447651555328e-02 7.000000000000000000e+00
-5.402953116740524808e-02 3.000000000000000000e+00
-4.283421785829491513e-02 5.000000000000000000e+00
-3.163890454918458217e-02 2.000000000000000000e+00
-2.044359124007424922e-02 6.000000000000000000e+00
-9.248277930963916260e-03 6.000000000000000000e+00
1.947035378146388940e-03 1.000000000000000000e+00
1.314234868725672190e-02 6.000000000000000000e+00
2.433766199636705485e-02 4.000000000000000000e+00
3.553297530547736005e-02 6.000000000000000000e+00
4.672828861458769301e-02 5.000000000000000000e+00
5.792360192369802596e-02 3.000000000000000000e+00
6.911891523280835892e-02 0.000000000000000000e+00
8.031422854191869187e-02 3.000000000000000000e+00
9.150954185102902483e-02 2.000000000000000000e+00
1.027048551601393023e-01 4.000000000000000000e+00
1.139001684692496352e-01 3.000000000000000000e+00
1.250954817783599682e-01 0.000000000000000000e+00
1.362907950874703011e-01 4.000000000000000000e+00
1.474861083965806341e-01 4.000000000000000000e+00
1.586814217056909671e-01 0.000000000000000000e+00
1.698767350148013000e-01 2.000000000000000000e+00
1.810720483239116330e-01 0.000000000000000000e+00
1.922673616330219659e-01 0.000000000000000000e+00
2.034626749421322434e-01 1.000000000000000000e+00
2.146579882512425763e-01 0.000000000000000000e+00
2.258533015603529093e-01 0.000000000000000000e+00
2.370486148694632422e-01 0.000000000000000000e+00
2.482439281785735752e-01 0.000000000000000000e+00
2.594392414876839359e-01 0.000000000000000000e+00
2.706345547967942133e-01 0.000000000000000000e+00
2.818298681059044908e-01 0.000000000000000000e+00
2.930251814150148792e-01 0.000000000000000000e+00
3.042204947241251567e-01 0.000000000000000000e+00
3.154158080332355452e-01 0.000000000000000000e+00
3.266111213423458226e-01 0.000000000000000000e+00
3.378064346514561000e-01 1.000000000000000000e+00
