#     bins                         n
-3.117052371501922714e+00 3.000000000000000000e+00
-2.990487024784088455e+00 1.000000000000000000e+00
-2.863921678066253751e+00 6.000000000000000000e+00
-2.737356331348419047e+00 1.900000000000000000e+01
-2.610790984630584788e+00 2.300000000000000000e+01
-2.484225637912750528e+00 2.800000000000000000e+01
-2.357660291194915825e+00 2.800000000000000000e+01
-2.231094944477081121e+00 4.700000000000000000e+01
-2.104529597759246862e+00 5.500000000000000000e+01
-1.977964251041412602e+00 7.400000000000000000e+01
-1.851398904323577899e+00 1.060000000000000000e+02
-1.724833557605743417e+00 1.140000000000000000e+02
-1.598268210887908936e+00 1.370000000000000000e+02
-1.471702864170074454e+00 1.860000000000000000e+02
-1.345137517452239972e+00 2.160000000000000000e+02
-1.218572170734405491e+00 2.290000000000000000e+02
-1.092006824016571009e+00 2.730000000000000000e+02
-9.654414772987367499e-01 3.160000000000000000e+02
-8.388761305809020463e-01 3.620000000000000000e+02
-7.123107838630673427e-01 3.760000000000000000e+02
-5.857454371452330832e-01 4.150000000000000000e+02
-4.591800904273988237e-01 4.330000000000000000e+02
-3.326147437095641202e-01 4.620000000000000000e+02
-2.060493969917294166e-01 4.620000000000000000e+02
-7.948405027389515709e-02 4.900000000000000000e+02
4.708129644393910240e-02 4.900000000000000000e+02
1.736466431617738060e-01 4.870000000000000000e+02
3.002119898796085096e-01 4.640000000000000000e+02
4.267773365974427691e-01 4.460000000000000000e+02
5.533426833152770286e-01 4.480000000000000000e+02
6.799080300331117321e-01 3.870000000000000000e+02
8.064733767509464357e-01 3.600000000000000000e+02
9.330387234687806952e-01 3.680000000000000000e+02
1.059604070186614955e+00 2.560000000000000000e+02
1.186169416904449214e+00 2.650000000000000000e+02
1.312734763622284362e+00 2.100000000000000000e+02
1.439300110340118621e+00 1.690000000000000000e+02
1.565865457057952881e+00 1.370000000000000000e+02
1.692430803775788029e+00 1.310000000000000000e+02
1.818996150493622288e+00 1.100000000000000000e+02
1.945561497211456548e+00 1.000000000000000000e+02
2.072126843929290807e+00 5.900000000000000000e+01
2.198692190647125067e+00 5.300000000000000000e+01
2.325257537364960214e+00 3.500000000000000000e+01
2.451822884082794474e+00 2.100000000000000000e+01
2.578388230800628733e+00 2.100000000000000000e+01
2.704953577518463881e+00 1.000000000000000000e+01
2.831518924236298140e+00 7.000000000000000000e+00
2.958084270954132400e+00 3.000000000000000000e+00
3.084649617671966659e+00 2.000000000000000000e+00
