#     bins                         n
8.539675395555674786e-01 2.000000000000000000e+00
8.550427000349103412e-01 0.000000000000000000e+00
8.561178605142532039e-01 1.000000000000000000e+00
8.571930209935962885e-01 0.000000000000000000e+00
8.582681814729391512e-01 0.000000000000000000e+00
8.593433419522820138e-01 0.000000000000000000e+00
8.604185024316248764e-01 1.000000000000000000e+00
8.614936629109679611e-01 1.000000000000000000e+00
8.625688233903108237e-01 1.000000000000000000e+00
8.636439838696536864e-01 1.000000000000000000e+00
8.647191443489967710e-01 3.000000000000000000e+00
8.657943048283396337e-01 1.000000000000000000e+00
8.668694653076824963e-01 0.000000000000000000e+00
8.679446257870255810e-01 1.000000000000000000e+00
8.690197862663684436e-01 0.000000000000000000e+00
8.700949467457113062e-01 1.000000000000000000e+00
8.711701072250541689e-01 1.000000000000000000e+00
8.722452677043972535e-01 1.000000000000000000e+00
8.733204281837401162e-01 2.000000000000000000e+00
8.743955886630829788e-01 0.000000000000000000e+00
8.754707491424260635e-01 3.000000000000000000e+00
8.765459096217689261e-01 2.000000000000000000e+00
8.776210701011117887e-01 3.000000000000000000e+00
8.786962305804546514e-01 2.000000000000000000e+00
8.797713910597977360e-01 1.000000000000000000e+00
8.808465515391405987e-01 1.000000000000000000e+00
8.819217120184834613e-01 4.000000000000000000e+00
8.829968724978265460e-01 6.000000000000000000e+00
8.840720329771694086e-01 4.000000000000000000e+00
8.851471934565122712e-01 2.000000000000000000e+00
8.862223539358551339e-01 5.000000000000000000e+00
8.872975144151982185e-01 4.000000000000000000e+00
8.883726748945410812e-01 5.000000000000000000e+00
8.894478353738839438e-01 4.000000000000000000e+00
8.905229958532270285e-01 6.000000000000000000e+00
8.915981563325698911e-01 6.000000000000000000e+00
8.926733168119127537e-01 1.000000000000000000e+00
8.937484772912556164e-01 3.000000000000000000e+00
8.948236377705987010e-01 4.000000000000000000e+00
8.958987982499415637e-01 4.000000000000000000e+00
8.969739587292844263e-01 2.000000000000000000e+00
8.980491192086275110e-01 0.000000000000000000e+00
8.991242796879703736e-01 4.000000000000000000e+00
9.001994401673132362e-01 2.000000000000000000e+00
9.012746006466560988e-01 1.000000000000000000e+00
9.023497611259991835e-01 0.000000000000000000e+00
9.034249216053420461e-01 1.000000000000000000e+00
9.045000820846849088e-01 0.000000000000000000e+00
9.055752425640279935e-01 2.000000000000000000e+00
9.066504030433708561e-01 1.000000000000000000e+00
