-1.188666512399836117e+00 -3.728512873144051998e-01 3.932856618919722824e-01 1.316325515242967037e-01 -4.170890450477600098e-01 6.476397367761962953e-02 4.395680502057075500e-02
-9.887155598124067746e-01 1.838859474900200741e-01 2.641789212678372634e-01 4.880028955766275156e-01 1.515890955924987793e-01 1.026323894686307497e-01 6.726488859757133454e-02
-7.887646072249772100e-01 2.400778378437451455e-01 -1.416762000897707763e-01 -9.612037070820475537e-02 2.834875881671905518e-01 1.626430061329100507e-01 6.889368358411286641e-02
-5.888136546375477565e-01 1.354749712053090471e-01 -1.113956783993752357e-02 -2.206954974551021131e-01 3.564771711826324463e-01 2.577426831910115679e-01 6.156724324158582839e-02
-3.888627020501183029e-01 9.776656462947985737e-02 -1.647003582574056435e-01 -2.207833762100347708e-01 -2.228440791368484497e-01 4.084484929171515732e-01 5.622414452631682713e-02
-1.889117494626889049e-01 7.729997022326895451e-02 -3.663951020116781865e-01 -3.222627706599279773e-01 -3.165812492370605469e-01 6.472741313190084611e-01 5.024096993070076289e-02
1.103920312474056600e-02 5.336361117694676803e-02 -1.021766957885027693e+00 -3.963808387295096325e-01 -2.194528281688690186e-01 1.025744514522565209e+00 4.178778583310827077e-02
2.109901557121700300e-01 5.595908803144034049e-02 -2.098288915344439509e+00 -3.567562777677876773e-01 9.643293917179107666e-02 1.625511909349859341e+00 3.487743696954018896e-02
4.109411082995995113e-01 4.826744569937069240e-02 -2.820285147350164223e+00 -4.270603292914755822e-01 1.359809935092926025e-01 2.575971823420458495e+00 3.008720499664567852e-02
6.108920608870288538e-01 4.729260869051654659e-02 -3.042740883803674912e+00 -6.423949749000030796e-01 1.904156506061553955e-01 4.082179156540360232e+00 2.353760786320425666e-02
8.108430134744583073e-01 4.049064866581519873e-02 -3.381396437825270773e+00 -7.027561352326142652e-01 4.077193140983581543e-02 6.469087322533415119e+00 1.665278483569133244e-02
1.010793966061887872e+00 5.167154516810934517e-02 -3.487669919035085719e+00 -6.989715112421913679e-01 -2.377951443195343018e-01 1.025165461430399283e+01 1.232335064288320528e-02
1.210744918649317325e+00 4.061564183235522041e-02 -3.300185018080564969e+00 -8.479982165029716912e-01 4.981290549039840698e-02 1.624594275685593558e+01 8.749169528396797887e-03
1.410695871236746557e+00 3.196354360307340770e-02 -3.336132947931750081e+00 -1.012139800913712806e+00 2.862113416194915771e-01 2.574517636311907509e+01 5.644333981199471141e-03
1.610646823824176233e+00 5.016656031192423537e-02 -3.525510555298219995e+00 -1.075545765873503923e+00 -8.535586297512054443e-02 4.079874685563520842e+01 3.445166352850401615e-03
1.810597776411605908e+00 4.501214402336162212e-02 -3.712752392242345323e+00 -1.105107408757675991e+00 -1.209358125925064087e-01 6.465435394626841514e+01 2.096524310245278036e-03
2.010548728999035362e+00 6.670044857029922003e-02 -3.866766796668748896e+00 -1.195129162399164224e+00 -1.744778007268905640e-01 1.024586735225171594e+02 1.245304733393583305e-03
2.210499681586464593e+00 1.655225005054546950e-01 -3.691763929551648005e+00 -5.758863642990810217e-01 3.452263474464416504e-01 1.623677160043704077e+02 6.975341482725873300e-04
