#     bins                         n
-2.443778535307283284e-01 1.000000000000000000e+00
-2.335515078018696733e-01 0.000000000000000000e+00
-2.227251620730109904e-01 0.000000000000000000e+00
-2.118988163441523076e-01 0.000000000000000000e+00
-2.010724706152936525e-01 1.000000000000000000e+00
-1.902461248864349974e-01 2.000000000000000000e+00
-1.794197791575763146e-01 4.000000000000000000e+00
-1.685934334287176317e-01 3.000000000000000000e+00
-1.577670876998589766e-01 1.000000000000000000e+00
-1.469407419710003215e-01 0.000000000000000000e+00
-1.361143962421416387e-01 1.000000000000000000e+00
-1.252880505132829558e-01 0.000000000000000000e+00
-1.144617047844243007e-01 1.000000000000000000e+00
-1.036353590555656456e-01 2.000000000000000000e+00
-9.280901332670696280e-02 3.000000000000000000e+00
-8.198266759784827995e-02 6.000000000000000000e+00
-7.115632186898962486e-02 3.000000000000000000e+00
-6.032997614013096976e-02 2.000000000000000000e+00
-4.950363041127228692e-02 5.000000000000000000e+00
-3.867728468241360407e-02 4.000000000000000000e+00
-2.785093895355494897e-02 4.000000000000000000e+00
-1.702459322469629388e-02 4.000000000000000000e+00
-6.198247495837611032e-03 7.000000000000000000e+00
4.628098233021071817e-03 3.000000000000000000e+00
1.545444396187972691e-02 3.000000000000000000e+00
2.628078969073838200e-02 4.000000000000000000e+00
3.710713541959703710e-02 3.000000000000000000e+00
4.793348114845574770e-02 2.000000000000000000e+00
5.875982687731440279e-02 4.000000000000000000e+00
6.958617260617305789e-02 7.000000000000000000e+00
8.041251833503176849e-02 4.000000000000000000e+00
9.123886406389042358e-02 2.000000000000000000e+00
1.020652097927490787e-01 7.000000000000000000e+00
1.128915555216077338e-01 1.000000000000000000e+00
1.237179012504663889e-01 1.000000000000000000e+00
1.345442469793250995e-01 2.000000000000000000e+00
1.453705927081837546e-01 0.000000000000000000e+00
1.561969384370424097e-01 1.000000000000000000e+00
1.670232841659011203e-01 0.000000000000000000e+00
1.778496298947597754e-01 0.000000000000000000e+00
1.886759756236184304e-01 0.000000000000000000e+00
1.995023213524770855e-01 1.000000000000000000e+00
2.103286670813357406e-01 0.000000000000000000e+00
2.211550128101944512e-01 0.000000000000000000e+00
2.319813585390531063e-01 0.000000000000000000e+00
2.428077042679117614e-01 0.000000000000000000e+00
2.536340499967704720e-01 0.000000000000000000e+00
2.644603957256291271e-01 0.000000000000000000e+00
2.752867414544877822e-01 0.000000000000000000e+00
2.861130871833464373e-01 1.000000000000000000e+00
