#     bins                         n
-3.537602686882018954e+00 1.000000000000000000e+00
-3.405825448036193581e+00 1.000000000000000000e+00
-3.274048209190368652e+00 0.000000000000000000e+00
-3.142270970344543279e+00 0.000000000000000000e+00
-3.010493731498718351e+00 3.000000000000000000e+00
-2.878716492652892978e+00 3.000000000000000000e+00
-2.746939253807067605e+00 7.000000000000000000e+00
-2.615162014961242232e+00 1.000000000000000000e+01
-2.483384776115417303e+00 2.100000000000000000e+01
-2.351607537269592374e+00 3.100000000000000000e+01
-2.219830298423767001e+00 4.800000000000000000e+01
-2.088053059577941628e+00 6.800000000000000000e+01
-1.956275820732116255e+00 8.700000000000000000e+01
-1.824498581886291326e+00 1.250000000000000000e+02
-1.692721343040465953e+00 1.340000000000000000e+02
-1.560944104194640802e+00 1.770000000000000000e+02
-1.429166865348815652e+00 1.960000000000000000e+02
-1.297389626502990279e+00 2.120000000000000000e+02
-1.165612387657165350e+00 2.820000000000000000e+02
-1.033835148811339977e+00 3.310000000000000000e+02
-9.020579099655150479e-01 3.690000000000000000e+02
-7.702806711196896750e-01 3.880000000000000000e+02
-6.385034322738643020e-01 4.500000000000000000e+02
-5.067261934280393731e-01 4.270000000000000000e+02
-3.749489545822140002e-01 4.840000000000000000e+02
-2.431717157363886272e-01 4.800000000000000000e+02
-1.113944768905636984e-01 4.850000000000000000e+02
2.038276195526167456e-02 4.960000000000000000e+02
1.521600008010870475e-01 4.740000000000000000e+02
2.839372396469119764e-01 4.960000000000000000e+02
4.157144784927373493e-01 4.460000000000000000e+02
5.474917173385622782e-01 4.500000000000000000e+02
6.792689561843876511e-01 3.990000000000000000e+02
8.110461950302130241e-01 3.880000000000000000e+02
9.428234338760383970e-01 3.170000000000000000e+02
1.074600672721862882e+00 3.110000000000000000e+02
1.206377911567688255e+00 2.660000000000000000e+02
1.338155150413513628e+00 1.970000000000000000e+02
1.469932389259339001e+00 1.920000000000000000e+02
1.601709628105164374e+00 1.660000000000000000e+02
1.733486866950988858e+00 1.270000000000000000e+02
1.865264105796814231e+00 9.900000000000000000e+01
1.997041344642639604e+00 6.000000000000000000e+01
2.128818583488464977e+00 6.900000000000000000e+01
2.260595822334290350e+00 3.400000000000000000e+01
2.392373061180115723e+00 3.900000000000000000e+01
2.524150300025940208e+00 2.700000000000000000e+01
2.655927538871765581e+00 1.300000000000000000e+01
2.787704777717590954e+00 1.500000000000000000e+01
2.919482016563416327e+00 4.000000000000000000e+00
