#     bins                         n
-2.885064797717269425e-01 1.000000000000000000e+00
-2.769340959315126360e-01 0.000000000000000000e+00
-2.653617120912984406e-01 0.000000000000000000e+00
-2.537893282510842452e-01 0.000000000000000000e+00
-2.422169444108699665e-01 0.000000000000000000e+00
-2.306445605706557156e-01 0.000000000000000000e+00
-2.190721767304414647e-01 0.000000000000000000e+00
-2.074997928902272137e-01 1.000000000000000000e+00
-1.959274090500129906e-01 0.000000000000000000e+00
-1.843550252097987674e-01 1.000000000000000000e+00
-1.727826413695845165e-01 1.000000000000000000e+00
-1.612102575293702655e-01 1.000000000000000000e+00
-1.496378736891560146e-01 2.000000000000000000e+00
-1.380654898489417914e-01 3.000000000000000000e+00
-1.264931060087275405e-01 3.000000000000000000e+00
-1.149207221685133173e-01 4.000000000000000000e+00
-1.033483383282990664e-01 1.000000000000000000e+00
-9.177595448808481549e-02 5.000000000000000000e+00
-8.020357064787059231e-02 1.000000000000000000e+00
-6.863118680765634139e-02 3.000000000000000000e+00
-5.705880296744211821e-02 1.000000000000000000e+00
-4.548641912722786729e-02 1.000000000000000000e+01
-3.391403528701361636e-02 1.000000000000000000e+00
-2.234165144679936543e-02 3.000000000000000000e+00
-1.076926760658511451e-02 3.000000000000000000e+00
8.031162336290809112e-04 6.000000000000000000e+00
1.237550007384333184e-02 7.000000000000000000e+00
2.394788391405758277e-02 4.000000000000000000e+00
3.552026775427183369e-02 5.000000000000000000e+00
4.709265159448608462e-02 1.000000000000000000e+00
5.866503543470028004e-02 4.000000000000000000e+00
7.023741927491453096e-02 3.000000000000000000e+00
8.180980311512878189e-02 7.000000000000000000e+00
9.338218695534303282e-02 4.000000000000000000e+00
1.049545707955572837e-01 3.000000000000000000e+00
1.165269546357714792e-01 1.000000000000000000e+00
1.280993384759857301e-01 2.000000000000000000e+00
1.396717223161999810e-01 1.000000000000000000e+00
1.512441061564142319e-01 2.000000000000000000e+00
1.628164899966284829e-01 1.000000000000000000e+00
1.743888738368426783e-01 0.000000000000000000e+00
1.859612576770569292e-01 0.000000000000000000e+00
1.975336415172711801e-01 1.000000000000000000e+00
2.091060253574854311e-01 1.000000000000000000e+00
2.206784091976996820e-01 0.000000000000000000e+00
2.322507930379138774e-01 0.000000000000000000e+00
2.438231768781281839e-01 0.000000000000000000e+00
2.553955607183423515e-01 1.000000000000000000e+00
2.669679445585566580e-01 0.000000000000000000e+00
2.785403283987708534e-01 1.000000000000000000e+00
