-1.334896435250783275e+00 -1.937474103376435330e-02 -1.208524768112209768e+00 3.921382120271654226e-01 1.048440372242647085e-02 4.624912969994000866e-02 6.370736188429562685e-02
-1.227053297995881254e+00 -1.331482986124377099e-02 -1.131856011871131606e+00 4.527656659882303147e-01 -1.263356625953561321e-03 5.928525633689527702e-02 6.747361564379521226e-02
-1.119210160740979454e+00 -3.057961089443761438e-02 -1.122456551914913669e+00 5.375728333959435279e-01 1.036677398875361991e-02 7.599584341877764493e-02 7.977098617521424795e-02
-1.011367023486077432e+00 3.979518154875760771e-02 -1.277672769709799150e+00 2.549582155404618855e-01 1.014240974462657721e-03 9.741660193070904306e-02 8.812133433266676474e-02
-9.035238862311754104e-01 -1.978616700038582366e-02 -1.403834914683892654e+00 2.176104627302372363e-01 -3.969873136939473498e-04 1.248751761255058879e-01 9.053905322994927618e-02
-7.956807489762734997e-01 1.074341204950368667e-02 -1.396520726463250206e+00 2.659888829036757274e-01 1.968894199857726835e-03 1.600734300244608110e-01 9.817855924643156817e-02
-6.878376117213715890e-01 -9.100023549753366581e-03 -1.497763685161988878e+00 1.669778163888590294e-01 1.034568283196229304e-03 2.051929278085104502e-01 1.033251632121986868e-01
-5.799944744664694563e-01 1.344468819523281233e-02 -1.635942519790802407e+00 7.910304489832624408e-02 2.369960587656303342e-03 2.630301457037227397e-01 1.066673431144760792e-01
-4.721513372115674345e-01 -1.481824609171455975e-03 -1.773299278961811387e+00 -4.526726498594296072e-02 4.085051844832323156e-03 3.371697957031253301e-01 1.074651232279599661e-01
-3.643081999566656348e-01 -1.134483245025275089e-02 -1.914691300322211465e+00 -1.318537907334477455e-01 9.961137822642935659e-04 4.322070036129634918e-01 1.042960714437621839e-01
-2.564650627017636686e-01 -1.602234011724901208e-02 -2.059497018775981569e+00 -1.456186082897543421e-01 -3.575130644560840613e-03 5.540321118697547620e-01 1.006534089201115839e-01
-1.486219254468617024e-01 4.714082034356859019e-03 -2.242440351957883493e+00 -2.303132390911463157e-01 -2.191007900097496994e-03 7.101957590158167744e-01 9.701971954864073433e-02
-4.077878819195976390e-02 -8.185172019879782823e-03 -2.434352353991586337e+00 -3.355524697519097210e-01 3.611699098688767994e-04 9.103768632144273454e-01 8.977451831707990160e-02
6.706434906294217457e-02 9.894908651701284086e-03 -2.601504903132097368e+00 -4.248600414645252732e-01 -1.279643909179158405e-03 1.166982515109164842e+00 8.212699885109957243e-02
1.749074863178441963e-01 -2.668415954494740561e-03 -2.798991128939828155e+00 -5.157245304191279134e-01 9.812305106448142300e-04 1.495916960984702504e+00 7.269701924248990477e-02
2.827506235727462180e-01 -6.814996656621108428e-04 -2.965230598209788848e+00 -5.955673918527266686e-01 4.685587460236932829e-04 1.917567337289862506e+00 6.356985929239157562e-02
3.905937608276482398e-01 -2.376496201974998002e-03 -3.123196445350199468e+00 -6.540926283029865340e-01 9.226984871081269539e-04 2.458067251687866772e+00 5.408301470251763304e-02
4.984368980825502615e-01 1.189506974849874332e-03 -3.277256101985355219e+00 -6.805576010889143879e-01 6.458585540044977898e-04 3.150916526540215035e+00 4.593803856066875496e-02
6.062800353374522278e-01 3.397425595557557187e-03 -3.385800753489313752e+00 -7.608253268959151994e-01 -9.897512576391993399e-04 4.039057495439500656e+00 3.857215990793574911e-02
7.141231725923540274e-01 -5.752679500998780782e-04 -3.506714719468632335e+00 -8.132435438078968737e-01 -3.960505041467251306e-04 5.177536540258389053e+00 3.148276500146088286e-02
8.219663098472559382e-01 3.645544252023791287e-03 -3.609269196262402613e+00 -8.716904196027557283e-01 -2.450022186076621609e-04 6.636915828996856170e+00 2.575541121620426865e-02
9.298094471021578489e-01 -6.859356686340634113e-03 -3.689844965067740290e+00 -9.103789646004405434e-01 -2.992268388599268183e-04 8.507646711652322224e+00 2.042025723083322822e-02
1.037652584357059871e+00 5.222812762894157856e-03 -3.754209338984948463e+00 -9.483353761215849165e-01 8.173848837609934968e-05 1.090567583425696974e+01 1.638748250452779290e-02
1.145495721611961892e+00 -1.395231825978227036e-03 -3.780766578195024152e+00 -1.041267095015915078e+00 -3.296872832031413881e-04 1.397963143427210042e+01 1.275023778685273161e-02
1.253338858866864136e+00 -3.550777985100062040e-03 -3.819976220571085879e+00 -1.107300334095523642e+00 2.961681137875346527e-04 1.792003521911064112e+01 9.770689688204202764e-03
1.361181996121765936e+00 1.731321964639698230e-02 -3.851675635709488343e+00 -1.321659228857321677e+00 -3.744686079357308160e-04 2.297111077384323963e+01 7.356797473463597310e-03
1.469025133376667736e+00 -6.747695114657226156e-03 -3.922878286283946192e+00 -1.541697825223037777e+00 -7.271234072719797966e-04 2.944592037528176576e+01 5.068290101503646235e-03
1.576868270631569535e+00 -1.376462123979793617e-03 -3.970412662151993732e+00 -1.987026278100736176e+00 -4.579830656712176188e-04 3.774576838202969498e+01 3.421099772667907882e-03
1.684711407886471557e+00 1.814403460922697775e-02 -4.856435683001563142e+00 -3.743217443307891745e+00 -5.899552376039566637e-04 4.838507380960749771e+01 1.889240164910593357e-03
