#     bins                         n
-2.859849121570587016e+00 1.000000000000000000e+00
-2.739900071620941624e+00 2.000000000000000000e+00
-2.619951021671295344e+00 6.000000000000000000e+00
-2.500001971721649063e+00 1.300000000000000000e+01
-2.380052921772002783e+00 2.000000000000000000e+01
-2.260103871822357391e+00 4.600000000000000000e+01
-2.140154821872711111e+00 5.700000000000000000e+01
-2.020205771923064830e+00 6.500000000000000000e+01
-1.900256721973419216e+00 8.400000000000000000e+01
-1.780307672023773158e+00 1.150000000000000000e+02
-1.660358622074127100e+00 1.490000000000000000e+02
-1.540409572124481263e+00 1.770000000000000000e+02
-1.420460522174835205e+00 2.090000000000000000e+02
-1.300511472225189147e+00 2.350000000000000000e+02
-1.180562422275543311e+00 2.570000000000000000e+02
-1.060613372325897252e+00 2.940000000000000000e+02
-9.406643223762511941e-01 3.430000000000000000e+02
-8.207152724266053578e-01 3.390000000000000000e+02
-7.007662224769590775e-01 3.290000000000000000e+02
-5.808171725273132413e-01 3.970000000000000000e+02
-4.608681225776669610e-01 4.350000000000000000e+02
-3.409190726280211248e-01 4.200000000000000000e+02
-2.209700226783752885e-01 4.390000000000000000e+02
-1.010209727287290082e-01 3.970000000000000000e+02
1.892807722091682798e-02 4.190000000000000000e+02
1.388771271705626642e-01 4.210000000000000000e+02
2.588261771202089445e-01 4.280000000000000000e+02
3.787752270698547807e-01 4.060000000000000000e+02
4.987242770195006170e-01 3.810000000000000000e+02
6.186733269691468973e-01 3.770000000000000000e+02
7.386223769187927335e-01 3.680000000000000000e+02
8.585714268684390138e-01 3.150000000000000000e+02
9.785204768180848500e-01 3.070000000000000000e+02
1.098469526767730686e+00 2.870000000000000000e+02
1.218418576717376522e+00 2.490000000000000000e+02
1.338367626667022803e+00 2.400000000000000000e+02
1.458316676616669083e+00 2.020000000000000000e+02
1.578265726566314475e+00 1.670000000000000000e+02
1.698214776515960756e+00 1.550000000000000000e+02
1.818163826465607036e+00 1.030000000000000000e+02
1.938112876415253316e+00 9.400000000000000000e+01
2.058061926364898930e+00 5.400000000000000000e+01
2.178010976314545211e+00 3.700000000000000000e+01
2.297960026264191491e+00 2.500000000000000000e+01
2.417909076213836883e+00 1.700000000000000000e+01
2.537858126163483163e+00 1.400000000000000000e+01
2.657807176113129444e+00 7.000000000000000000e+00
2.777756226062774836e+00 3.000000000000000000e+00
2.897705276012421116e+00 0.000000000000000000e+00
3.017654325962067396e+00 1.000000000000000000e+00
