#     bins                         n
3.791294747032225576e-02 3.000000000000000000e+01
8.345863419584929888e-02 7.100000000000000000e+01
1.290043209213763420e-01 1.040000000000000000e+02
1.745500076469033990e-01 1.490000000000000000e+02
2.200956943724304560e-01 2.000000000000000000e+02
2.656413810979574852e-01 2.110000000000000000e+02
3.111870678234845422e-01 2.510000000000000000e+02
3.567327545490115992e-01 2.790000000000000000e+02
4.022784412745386562e-01 2.570000000000000000e+02
4.478241280000657132e-01 2.750000000000000000e+02
4.933698147255927702e-01 3.120000000000000000e+02
5.389155014511197717e-01 3.070000000000000000e+02
5.844611881766468287e-01 3.150000000000000000e+02
6.300068749021738856e-01 3.530000000000000000e+02
6.755525616277009426e-01 3.510000000000000000e+02
7.210982483532279996e-01 3.370000000000000000e+02
7.666439350787550566e-01 3.980000000000000000e+02
8.121896218042821136e-01 4.010000000000000000e+02
8.577353085298091706e-01 3.420000000000000000e+02
9.032809952553362276e-01 3.540000000000000000e+02
9.488266819808632846e-01 3.690000000000000000e+02
9.943723687063903416e-01 3.640000000000000000e+02
1.039918055431917177e+00 3.460000000000000000e+02
1.085463742157444234e+00 3.230000000000000000e+02
1.131009428882971291e+00 3.260000000000000000e+02
1.176555115608498348e+00 2.720000000000000000e+02
1.222100802334025405e+00 3.170000000000000000e+02
1.267646489059552461e+00 2.590000000000000000e+02
1.313192175785079518e+00 2.730000000000000000e+02
1.358737862510606575e+00 2.230000000000000000e+02
1.404283549236133632e+00 2.170000000000000000e+02
1.449829235961660689e+00 2.130000000000000000e+02
1.495374922687187746e+00 1.770000000000000000e+02
1.540920609412714803e+00 1.420000000000000000e+02
1.586466296138241860e+00 1.260000000000000000e+02
1.632011982863768917e+00 1.340000000000000000e+02
1.677557669589295974e+00 1.040000000000000000e+02
1.723103356314823031e+00 9.600000000000000000e+01
1.768649043040350088e+00 5.900000000000000000e+01
1.814194729765877145e+00 7.900000000000000000e+01
1.859740416491404202e+00 4.600000000000000000e+01
1.905286103216931259e+00 4.500000000000000000e+01
1.950831789942458316e+00 2.200000000000000000e+01
1.996377476667985373e+00 1.800000000000000000e+01
2.041923163393512208e+00 1.900000000000000000e+01
2.087468850119039487e+00 1.200000000000000000e+01
2.133014536844566322e+00 9.000000000000000000e+00
2.178560223570093601e+00 7.000000000000000000e+00
2.224105910295620436e+00 1.000000000000000000e+00
2.269651597021147715e+00 3.000000000000000000e+00
