#     bins                         n
-2.231354155471504952e-01 2.000000000000000000e+00
-2.134269203381343738e-01 1.000000000000000000e+00
-2.037184251291182246e-01 1.000000000000000000e+00
-1.940099299201021033e-01 0.000000000000000000e+00
-1.843014347110859819e-01 0.000000000000000000e+00
-1.745929395020698327e-01 1.000000000000000000e+00
-1.648844442930537113e-01 2.000000000000000000e+00
-1.551759490840375622e-01 2.000000000000000000e+00
-1.454674538750214408e-01 0.000000000000000000e+00
-1.357589586660053194e-01 1.000000000000000000e+00
-1.260504634569891702e-01 3.000000000000000000e+00
-1.163419682479730488e-01 4.000000000000000000e+00
-1.066334730389569135e-01 2.000000000000000000e+00
-9.692497782994077826e-02 4.000000000000000000e+00
-8.721648262092465687e-02 7.000000000000000000e+00
-7.750798741190850771e-02 3.000000000000000000e+00
-6.779949220289238632e-02 1.000000000000000000e+00
-5.809099699387626492e-02 4.000000000000000000e+00
-4.838250178486011577e-02 4.000000000000000000e+00
-3.867400657584399437e-02 3.000000000000000000e+00
-2.896551136682784522e-02 4.000000000000000000e+00
-1.925701615781172382e-02 5.000000000000000000e+00
-9.548520948795602425e-03 3.000000000000000000e+00
1.599742602205467268e-04 1.000000000000000000e+00
9.868469469236668123e-03 1.000000000000000000e+00
1.957696467825278952e-02 2.000000000000000000e+00
2.928545988726893867e-02 5.000000000000000000e+00
3.899395509628506007e-02 2.000000000000000000e+00
4.870245030530118147e-02 5.000000000000000000e+00
5.841094551431730286e-02 3.000000000000000000e+00
6.811944072333347977e-02 3.000000000000000000e+00
7.782793593234960117e-02 2.000000000000000000e+00
8.753643114136572256e-02 3.000000000000000000e+00
9.724492635038184396e-02 2.000000000000000000e+00
1.069534215593979654e-01 1.000000000000000000e+00
1.166619167684141423e-01 1.000000000000000000e+00
1.263704119774302637e-01 1.000000000000000000e+00
1.360789071864463851e-01 0.000000000000000000e+00
1.457874023954625065e-01 1.000000000000000000e+00
1.554958976044786279e-01 1.000000000000000000e+00
1.652043928134948048e-01 0.000000000000000000e+00
1.749128880225109262e-01 3.000000000000000000e+00
1.846213832315270476e-01 0.000000000000000000e+00
1.943298784405431689e-01 1.000000000000000000e+00
2.040383736495592903e-01 0.000000000000000000e+00
2.137468688585754117e-01 1.000000000000000000e+00
2.234553640675915887e-01 2.000000000000000000e+00
2.331638592766077100e-01 0.000000000000000000e+00
2.428723544856238314e-01 0.000000000000000000e+00
2.525808496946399528e-01 2.000000000000000000e+00
