#     bins                         n
-2.307043965127748009e-01 1.000000000000000000e+00
-2.217909356163547119e-01 0.000000000000000000e+00
-2.128774747199346784e-01 0.000000000000000000e+00
-2.039640138235145894e-01 0.000000000000000000e+00
-1.950505529270945559e-01 0.000000000000000000e+00
-1.861370920306745225e-01 0.000000000000000000e+00
-1.772236311342544335e-01 0.000000000000000000e+00
-1.683101702378344000e-01 0.000000000000000000e+00
-1.593967093414143110e-01 1.000000000000000000e+00
-1.504832484449942775e-01 0.000000000000000000e+00
-1.415697875485742441e-01 1.000000000000000000e+00
-1.326563266521541551e-01 0.000000000000000000e+00
-1.237428657557341077e-01 4.000000000000000000e+00
-1.148294048593140604e-01 2.000000000000000000e+00
-1.059159439628939992e-01 1.000000000000000000e+00
-9.700248306647395180e-02 1.000000000000000000e+00
-8.808902217005389057e-02 3.000000000000000000e+00
-7.917556127363382934e-02 2.000000000000000000e+00
-7.026210037721376811e-02 4.000000000000000000e+00
-6.134863948079373464e-02 2.000000000000000000e+00
-5.243517858437367340e-02 5.000000000000000000e+00
-4.352171768795361217e-02 2.000000000000000000e+00
-3.460825679153355094e-02 1.000000000000000000e+00
-2.569479589511348971e-02 2.000000000000000000e+00
-1.678133499869342848e-02 4.000000000000000000e+00
-7.867874102273395009e-03 2.000000000000000000e+00
1.045586794146666221e-03 1.100000000000000000e+01
9.959047690566727451e-03 5.000000000000000000e+00
1.887250858698678868e-02 4.000000000000000000e+00
2.778596948340684991e-02 4.000000000000000000e+00
3.669943037982688339e-02 4.000000000000000000e+00
4.561289127624697237e-02 3.000000000000000000e+00
5.452635217266700585e-02 1.000000000000000000e+00
6.343981306908703932e-02 2.000000000000000000e+00
7.235327396550712831e-02 2.000000000000000000e+00
8.126673486192716178e-02 3.000000000000000000e+00
9.018019575834725077e-02 2.000000000000000000e+00
9.909365665476728424e-02 4.000000000000000000e+00
1.080071175511873177e-01 3.000000000000000000e+00
1.169205784476074067e-01 0.000000000000000000e+00
1.258340393440274263e-01 2.000000000000000000e+00
1.347475002404475153e-01 1.000000000000000000e+00
1.436609611368675488e-01 1.000000000000000000e+00
1.525744220332875822e-01 4.000000000000000000e+00
1.614878829297076712e-01 2.000000000000000000e+00
1.704013438261277047e-01 2.000000000000000000e+00
1.793148047225477937e-01 0.000000000000000000e+00
1.882282656189678272e-01 1.000000000000000000e+00
1.971417265153879161e-01 0.000000000000000000e+00
2.060551874118079496e-01 1.000000000000000000e+00
