#     bins                         n
-3.040768327713012642e+00 3.000000000000000000e+00
-2.912172861099243004e+00 2.000000000000000000e+00
-2.783577394485473366e+00 1.000000000000000000e+01
-2.654981927871704173e+00 1.100000000000000000e+01
-2.526386461257934535e+00 2.100000000000000000e+01
-2.397790994644164897e+00 2.500000000000000000e+01
-2.269195528030395703e+00 3.100000000000000000e+01
-2.140600061416626065e+00 6.000000000000000000e+01
-2.012004594802856428e+00 6.600000000000000000e+01
-1.883409128189086790e+00 9.700000000000000000e+01
-1.754813661575317374e+00 1.250000000000000000e+02
-1.626218194961547958e+00 1.410000000000000000e+02
-1.497622728347778320e+00 1.720000000000000000e+02
-1.369027261734008682e+00 2.000000000000000000e+02
-1.240431795120239267e+00 2.390000000000000000e+02
-1.111836328506469851e+00 2.640000000000000000e+02
-9.832408618927002131e-01 2.790000000000000000e+02
-8.546453952789305752e-01 3.720000000000000000e+02
-7.260499286651609374e-01 4.280000000000000000e+02
-5.974544620513917437e-01 3.890000000000000000e+02
-4.688589954376221058e-01 4.560000000000000000e+02
-3.402635288238524680e-01 4.570000000000000000e+02
-2.116680622100832743e-01 4.650000000000000000e+02
-8.307259559631363643e-02 4.950000000000000000e+02
4.552287101745600140e-02 5.080000000000000000e+02
1.741183376312256392e-01 4.870000000000000000e+02
3.027138042449952771e-01 4.960000000000000000e+02
4.313092708587644708e-01 4.380000000000000000e+02
5.599047374725341086e-01 3.950000000000000000e+02
6.885002040863037465e-01 3.680000000000000000e+02
8.170956707000729402e-01 3.740000000000000000e+02
9.456911373138425780e-01 3.100000000000000000e+02
1.074286603927612216e+00 3.090000000000000000e+02
1.202882070541381854e+00 2.660000000000000000e+02
1.331477537155151492e+00 2.320000000000000000e+02
1.460073003768921129e+00 2.260000000000000000e+02
1.588668470382690767e+00 1.570000000000000000e+02
1.717263936996459517e+00 1.420000000000000000e+02
1.845859403610229155e+00 9.900000000000000000e+01
1.974454870223998793e+00 8.700000000000000000e+01
2.103050336837768430e+00 6.200000000000000000e+01
2.231645803451538068e+00 4.200000000000000000e+01
2.360241270065307706e+00 4.100000000000000000e+01
2.488836736679077344e+00 2.300000000000000000e+01
2.617432203292846093e+00 2.300000000000000000e+01
2.746027669906615731e+00 8.000000000000000000e+00
2.874623136520385369e+00 2.000000000000000000e+00
3.003218603134155007e+00 0.000000000000000000e+00
3.131814069747924645e+00 0.000000000000000000e+00
3.260409536361694283e+00 2.000000000000000000e+00
