#     bins                         n
-3.034875504970550253e+00 4.000000000000000000e+00
-2.902479031085968053e+00 2.000000000000000000e+00
-2.770082557201384965e+00 1.100000000000000000e+01
-2.637686083316802765e+00 2.000000000000000000e+01
-2.505289609432220566e+00 1.900000000000000000e+01
-2.372893135547637478e+00 4.000000000000000000e+01
-2.240496661663055278e+00 5.200000000000000000e+01
-2.108100187778473078e+00 5.900000000000000000e+01
-1.975703713893890212e+00 7.200000000000000000e+01
-1.843307240009307568e+00 1.050000000000000000e+02
-1.710910766124725146e+00 1.140000000000000000e+02
-1.578514292240142725e+00 1.590000000000000000e+02
-1.446117818355560081e+00 1.940000000000000000e+02
-1.313721344470977437e+00 1.980000000000000000e+02
-1.181324870586395015e+00 2.930000000000000000e+02
-1.048928396701812593e+00 2.860000000000000000e+02
-9.165319228172299493e-01 3.860000000000000000e+02
-7.841354489326473054e-01 3.960000000000000000e+02
-6.517389750480646615e-01 3.970000000000000000e+02
-5.193425011634824617e-01 4.680000000000000000e+02
-3.869460272788998179e-01 4.790000000000000000e+02
-2.545495533943171740e-01 4.950000000000000000e+02
-1.221530795097349742e-01 4.970000000000000000e+02
1.024339437484766968e-02 5.060000000000000000e+02
1.426398682594303136e-01 4.860000000000000000e+02
2.750363421440129574e-01 4.480000000000000000e+02
4.074328160285956013e-01 4.610000000000000000e+02
5.398292899131778011e-01 4.350000000000000000e+02
6.722257637977604450e-01 4.200000000000000000e+02
8.046222376823430888e-01 3.910000000000000000e+02
9.370187115669252886e-01 3.490000000000000000e+02
1.069415185451508377e+00 3.230000000000000000e+02
1.201811659336090576e+00 2.630000000000000000e+02
1.334208133220672776e+00 2.170000000000000000e+02
1.466604607105255864e+00 1.990000000000000000e+02
1.599001080989838064e+00 1.430000000000000000e+02
1.731397554874421152e+00 1.280000000000000000e+02
1.863794028759003352e+00 9.100000000000000000e+01
1.996190502643585551e+00 8.200000000000000000e+01
2.128586976528168861e+00 5.700000000000000000e+01
2.260983450412751061e+00 3.500000000000000000e+01
2.393379924297333261e+00 3.500000000000000000e+01
2.525776398181916349e+00 1.900000000000000000e+01
2.658172872066498549e+00 2.400000000000000000e+01
2.790569345951080749e+00 1.100000000000000000e+01
2.922965819835663837e+00 4.000000000000000000e+00
3.055362293720246036e+00 2.000000000000000000e+00
3.187758767604829124e+00 1.000000000000000000e+00
3.320155241489411324e+00 0.000000000000000000e+00
3.452551715373993524e+00 1.000000000000000000e+00
