#     bins                         n
2.779053773265332053e-02 2.900000000000000000e+01
6.870443283114582855e-02 4.200000000000000000e+01
1.096183279296383262e-01 7.700000000000000000e+01
1.505322230281308515e-01 8.400000000000000000e+01
1.914461181266233492e-01 1.390000000000000000e+02
2.323600132251158468e-01 1.270000000000000000e+02
2.732739083236083721e-01 1.540000000000000000e+02
3.141878034221008420e-01 1.600000000000000000e+02
3.551016985205933674e-01 1.880000000000000000e+02
3.960155936190858927e-01 2.220000000000000000e+02
4.369294887175783626e-01 2.520000000000000000e+02
4.778433838160708880e-01 2.480000000000000000e+02
5.187572789145633578e-01 2.810000000000000000e+02
5.596711740130558832e-01 2.910000000000000000e+02
6.005850691115482975e-01 2.760000000000000000e+02
6.414989642100408229e-01 3.300000000000000000e+02
6.824128593085333483e-01 3.090000000000000000e+02
7.233267544070258737e-01 3.230000000000000000e+02
7.642406495055183990e-01 3.160000000000000000e+02
8.051545446040108134e-01 3.150000000000000000e+02
8.460684397025033388e-01 3.480000000000000000e+02
8.869823348009958641e-01 3.380000000000000000e+02
9.278962298994883895e-01 3.590000000000000000e+02
9.688101249979809149e-01 3.440000000000000000e+02
1.009724020096473440e+00 3.620000000000000000e+02
1.050637915194965855e+00 3.580000000000000000e+02
1.091551810293458491e+00 3.210000000000000000e+02
1.132465705391950905e+00 3.230000000000000000e+02
1.173379600490443320e+00 3.440000000000000000e+02
1.214293495588935956e+00 2.930000000000000000e+02
1.255207390687428370e+00 3.040000000000000000e+02
1.296121285785921007e+00 2.680000000000000000e+02
1.337035180884413421e+00 2.580000000000000000e+02
1.377949075982905836e+00 2.180000000000000000e+02
1.418862971081398472e+00 1.980000000000000000e+02
1.459776866179890886e+00 1.870000000000000000e+02
1.500690761278383523e+00 1.630000000000000000e+02
1.541604656376875937e+00 1.470000000000000000e+02
1.582518551475368351e+00 1.150000000000000000e+02
1.623432446573860988e+00 1.160000000000000000e+02
1.664346341672353402e+00 9.400000000000000000e+01
1.705260236770846038e+00 9.200000000000000000e+01
1.746174131869338453e+00 6.100000000000000000e+01
1.787088026967830867e+00 5.800000000000000000e+01
1.828001922066323504e+00 4.100000000000000000e+01
1.868915817164815918e+00 2.000000000000000000e+01
1.909829712263308554e+00 1.200000000000000000e+01
1.950743607361800969e+00 4.000000000000000000e+00
1.991657502460293605e+00 3.000000000000000000e+00
2.032571397558786241e+00 1.000000000000000000e+00
