#     bins                         n
-2.254588236743923779e-01 1.000000000000000000e+00
-2.154775383226041063e-01 0.000000000000000000e+00
-2.054962529708158347e-01 1.000000000000000000e+00
-1.955149676190275632e-01 1.000000000000000000e+00
-1.855336822672393193e-01 0.000000000000000000e+00
-1.755523969154510477e-01 1.000000000000000000e+00
-1.655711115636627762e-01 1.000000000000000000e+00
-1.555898262118745323e-01 0.000000000000000000e+00
-1.456085408600862607e-01 2.000000000000000000e+00
-1.356272555082979892e-01 2.000000000000000000e+00
-1.256459701565097176e-01 3.000000000000000000e+00
-1.156646848047214460e-01 1.000000000000000000e+00
-1.056833994529331744e-01 3.000000000000000000e+00
-9.570211410114490280e-02 3.000000000000000000e+00
-8.572082874935665897e-02 0.000000000000000000e+00
-7.573954339756838738e-02 2.000000000000000000e+00
-6.575825804578011580e-02 3.000000000000000000e+00
-5.577697269399184421e-02 2.000000000000000000e+00
-4.579568734220357262e-02 3.000000000000000000e+00
-3.581440199041532879e-02 3.000000000000000000e+00
-2.583311663862705720e-02 3.000000000000000000e+00
-1.585183128683878562e-02 1.000000000000000000e+00
-5.870545935050514030e-03 8.000000000000000000e+00
4.110739416737757557e-03 3.000000000000000000e+00
1.409202476852602914e-02 2.000000000000000000e+00
2.407331012031427298e-02 3.000000000000000000e+00
3.405459547210257232e-02 7.000000000000000000e+00
4.403588082389078839e-02 1.000000000000000000e+00
5.401716617567905998e-02 4.000000000000000000e+00
6.399845152746733157e-02 3.000000000000000000e+00
7.397973687925560315e-02 6.000000000000000000e+00
8.396102223104387474e-02 1.000000000000000000e+00
9.394230758283214633e-02 2.000000000000000000e+00
1.039235929346204179e-01 5.000000000000000000e+00
1.139048782864086895e-01 4.000000000000000000e+00
1.238861636381969611e-01 2.000000000000000000e+00
1.338674489899852327e-01 2.000000000000000000e+00
1.438487343417735043e-01 1.000000000000000000e+00
1.538300196935617203e-01 3.000000000000000000e+00
1.638113050453499919e-01 1.000000000000000000e+00
1.737925903971382635e-01 2.000000000000000000e+00
1.837738757489265351e-01 0.000000000000000000e+00
1.937551611007148067e-01 1.000000000000000000e+00
2.037364464525030783e-01 0.000000000000000000e+00
2.137177318042913499e-01 0.000000000000000000e+00
2.236990171560796214e-01 1.000000000000000000e+00
2.336803025078678930e-01 1.000000000000000000e+00
2.436615878596561646e-01 0.000000000000000000e+00
2.536428732114444085e-01 0.000000000000000000e+00
2.636241585632326245e-01 1.000000000000000000e+00
