#     bins                         n
2.619185106945224120e-02 2.100000000000000000e+01
7.676360297366045804e-02 6.300000000000000000e+01
1.273353548778686783e-01 1.270000000000000000e+02
1.779071067820768848e-01 1.180000000000000000e+02
2.284788586862850912e-01 1.960000000000000000e+02
2.790506105904933531e-01 2.100000000000000000e+02
3.296223624947015596e-01 2.620000000000000000e+02
3.801941143989097660e-01 3.070000000000000000e+02
4.307658663031179724e-01 3.270000000000000000e+02
4.813376182073261789e-01 3.410000000000000000e+02
5.319093701115343853e-01 3.890000000000000000e+02
5.824811220157425362e-01 4.030000000000000000e+02
6.330528739199507982e-01 4.360000000000000000e+02
6.836246258241589491e-01 4.370000000000000000e+02
7.341963777283672110e-01 4.600000000000000000e+02
7.847681296325753619e-01 4.430000000000000000e+02
8.353398815367836239e-01 4.430000000000000000e+02
8.859116334409918858e-01 4.080000000000000000e+02
9.364833853452000367e-01 4.090000000000000000e+02
9.870551372494082987e-01 3.920000000000000000e+02
1.037626889153616672e+00 4.000000000000000000e+02
1.088198641057824823e+00 3.320000000000000000e+02
1.138770392962032973e+00 3.450000000000000000e+02
1.189342144866241124e+00 3.270000000000000000e+02
1.239913896770449497e+00 2.670000000000000000e+02
1.290485648674657648e+00 2.370000000000000000e+02
1.341057400578865799e+00 2.340000000000000000e+02
1.391629152483074172e+00 2.110000000000000000e+02
1.442200904387282323e+00 1.800000000000000000e+02
1.492772656291490474e+00 1.560000000000000000e+02
1.543344408195698625e+00 1.420000000000000000e+02
1.593916160099906998e+00 1.250000000000000000e+02
1.644487912004115149e+00 1.430000000000000000e+02
1.695059663908323300e+00 9.100000000000000000e+01
1.745631415812531673e+00 8.900000000000000000e+01
1.796203167716739824e+00 8.400000000000000000e+01
1.846774919620947975e+00 7.000000000000000000e+01
1.897346671525156125e+00 5.900000000000000000e+01
1.947918423429364498e+00 4.900000000000000000e+01
1.998490175333572649e+00 4.100000000000000000e+01
2.049061927237780800e+00 3.000000000000000000e+01
2.099633679141988729e+00 1.600000000000000000e+01
2.150205431046197102e+00 1.500000000000000000e+01
2.200777182950405475e+00 1.900000000000000000e+01
2.251348934854613404e+00 8.000000000000000000e+00
2.301920686758821777e+00 4.000000000000000000e+00
2.352492438663029706e+00 3.000000000000000000e+00
2.403064190567238079e+00 4.000000000000000000e+00
2.453635942471446452e+00 2.000000000000000000e+00
2.504207694375654381e+00 2.000000000000000000e+00
