#     bins                         n
3.887725853361188866e-02 3.100000000000000000e+01
8.920490133576093605e-02 5.600000000000000000e+01
1.395325441379099973e-01 9.900000000000000000e+01
1.898601869400590725e-01 1.400000000000000000e+02
2.401878297422080921e-01 1.890000000000000000e+02
2.905154725443571673e-01 2.280000000000000000e+02
3.408431153465062424e-01 2.210000000000000000e+02
3.911707581486552621e-01 2.960000000000000000e+02
4.414984009508043372e-01 2.790000000000000000e+02
4.918260437529534124e-01 3.320000000000000000e+02
5.421536865551024320e-01 3.860000000000000000e+02
5.924813293572515072e-01 4.240000000000000000e+02
6.428089721594005823e-01 4.390000000000000000e+02
6.931366149615496575e-01 4.670000000000000000e+02
7.434642577636986216e-01 4.730000000000000000e+02
7.937919005658476967e-01 4.530000000000000000e+02
8.441195433679967719e-01 4.350000000000000000e+02
8.944471861701458471e-01 4.340000000000000000e+02
9.447748289722949222e-01 4.480000000000000000e+02
9.951024717744438863e-01 4.110000000000000000e+02
1.045430114576592961e+00 4.000000000000000000e+02
1.095757757378742037e+00 3.750000000000000000e+02
1.146085400180891112e+00 3.480000000000000000e+02
1.196413042983040187e+00 3.250000000000000000e+02
1.246740685785189262e+00 2.700000000000000000e+02
1.297068328587338337e+00 2.450000000000000000e+02
1.347395971389487412e+00 2.080000000000000000e+02
1.397723614191636266e+00 2.110000000000000000e+02
1.448051256993785341e+00 2.090000000000000000e+02
1.498378899795934416e+00 1.750000000000000000e+02
1.548706542598083491e+00 1.380000000000000000e+02
1.599034185400232566e+00 1.240000000000000000e+02
1.649361828202381641e+00 9.500000000000000000e+01
1.699689471004530716e+00 1.010000000000000000e+02
1.750017113806679792e+00 8.800000000000000000e+01
1.800344756608828867e+00 7.600000000000000000e+01
1.850672399410977942e+00 6.200000000000000000e+01
1.901000042213127017e+00 5.000000000000000000e+01
1.951327685015275870e+00 4.700000000000000000e+01
2.001655327817424723e+00 4.200000000000000000e+01
2.051982970619573798e+00 3.200000000000000000e+01
2.102310613421722874e+00 1.300000000000000000e+01
2.152638256223871949e+00 1.200000000000000000e+01
2.202965899026021024e+00 1.100000000000000000e+01
2.253293541828170099e+00 4.000000000000000000e+00
2.303621184630319174e+00 5.000000000000000000e+00
2.353948827432468249e+00 5.000000000000000000e+00
2.404276470234617324e+00 0.000000000000000000e+00
2.454604113036766400e+00 0.000000000000000000e+00
2.504931755838915475e+00 1.000000000000000000e+00
