#     bins                         n
8.632359666728697256e-01 1.000000000000000000e+00
8.642333018674812628e-01 0.000000000000000000e+00
8.652306370620925779e-01 1.000000000000000000e+00
8.662279722567041151e-01 2.000000000000000000e+00
8.672253074513154303e-01 0.000000000000000000e+00
8.682226426459269675e-01 0.000000000000000000e+00
8.692199778405382826e-01 3.000000000000000000e+00
8.702173130351495978e-01 2.000000000000000000e+00
8.712146482297611350e-01 2.000000000000000000e+00
8.722119834243724501e-01 2.000000000000000000e+00
8.732093186189839873e-01 2.000000000000000000e+00
8.742066538135953024e-01 3.000000000000000000e+00
8.752039890082068396e-01 2.000000000000000000e+00
8.762013242028181548e-01 3.000000000000000000e+00
8.771986593974296920e-01 3.000000000000000000e+00
8.781959945920410071e-01 3.000000000000000000e+00
8.791933297866525443e-01 3.000000000000000000e+00
8.801906649812638594e-01 4.000000000000000000e+00
8.811880001758753966e-01 1.000000000000000000e+00
8.821853353704867118e-01 1.000000000000000000e+00
8.831826705650980269e-01 3.000000000000000000e+00
8.841800057597095641e-01 5.000000000000000000e+00
8.851773409543208793e-01 4.000000000000000000e+00
8.861746761489324165e-01 1.000000000000000000e+00
8.871720113435437316e-01 2.000000000000000000e+00
8.881693465381552688e-01 2.000000000000000000e+00
8.891666817327665839e-01 2.000000000000000000e+00
8.901640169273781211e-01 5.000000000000000000e+00
8.911613521219894363e-01 6.000000000000000000e+00
8.921586873166009735e-01 1.000000000000000000e+00
8.931560225112122886e-01 1.000000000000000000e+00
8.941533577058238258e-01 2.000000000000000000e+00
8.951506929004351409e-01 1.000000000000000000e+00
8.961480280950464561e-01 7.000000000000000000e+00
8.971453632896579933e-01 4.000000000000000000e+00
8.981426984842693084e-01 3.000000000000000000e+00
8.991400336788808456e-01 1.000000000000000000e+00
9.001373688734921608e-01 1.000000000000000000e+00
9.011347040681036979e-01 1.000000000000000000e+00
9.021320392627150131e-01 3.000000000000000000e+00
9.031293744573265503e-01 1.000000000000000000e+00
9.041267096519378654e-01 1.000000000000000000e+00
9.051240448465494026e-01 0.000000000000000000e+00
9.061213800411607178e-01 1.000000000000000000e+00
9.071187152357722550e-01 0.000000000000000000e+00
9.081160504303835701e-01 0.000000000000000000e+00
9.091133856249948852e-01 1.000000000000000000e+00
9.101107208196064224e-01 2.000000000000000000e+00
9.111080560142177376e-01 0.000000000000000000e+00
9.121053912088292748e-01 1.000000000000000000e+00
