#     bins                         n
-2.927022232137459490e-01 1.000000000000000000e+00
-2.821844450286380424e-01 0.000000000000000000e+00
-2.716666668435301912e-01 0.000000000000000000e+00
-2.611488886584222846e-01 1.000000000000000000e+00
-2.506311104733144335e-01 0.000000000000000000e+00
-2.401133322882065269e-01 0.000000000000000000e+00
-2.295955541030986480e-01 0.000000000000000000e+00
-2.190777759179907691e-01 0.000000000000000000e+00
-2.085599977328828625e-01 1.000000000000000000e+00
-1.980422195477750114e-01 0.000000000000000000e+00
-1.875244413626671047e-01 0.000000000000000000e+00
-1.770066631775592259e-01 0.000000000000000000e+00
-1.664888849924513470e-01 2.000000000000000000e+00
-1.559711068073434681e-01 0.000000000000000000e+00
-1.454533286222355615e-01 1.000000000000000000e+00
-1.349355504371276826e-01 2.000000000000000000e+00
-1.244177722520198037e-01 2.000000000000000000e+00
-1.138999940669119249e-01 4.000000000000000000e+00
-1.033822158818040460e-01 1.000000000000000000e+00
-9.286443769669613935e-02 3.000000000000000000e+00
-8.234665951158826047e-02 4.000000000000000000e+00
-7.182888132648038160e-02 4.000000000000000000e+00
-6.131110314137250272e-02 3.000000000000000000e+00
-5.079332495626462385e-02 4.000000000000000000e+00
-4.027554677115674497e-02 6.000000000000000000e+00
-2.975776858604883834e-02 6.000000000000000000e+00
-1.923999040094098723e-02 4.000000000000000000e+00
-8.722212215833080595e-03 3.000000000000000000e+00
1.795565969274826035e-03 3.000000000000000000e+00
1.231334415438267715e-02 1.000000000000000000e+01
2.283112233949058378e-02 4.000000000000000000e+00
3.334890052459843490e-02 5.000000000000000000e+00
4.386667870970634153e-02 6.000000000000000000e+00
5.438445689481424816e-02 1.000000000000000000e+00
6.490223507992209928e-02 1.000000000000000000e+00
7.542001326503000591e-02 2.000000000000000000e+00
8.593779145013785703e-02 4.000000000000000000e+00
9.645556963524576366e-02 3.000000000000000000e+00
1.069733478203536703e-01 1.000000000000000000e+00
1.174911260054615214e-01 0.000000000000000000e+00
1.280089041905694280e-01 2.000000000000000000e+00
1.385266823756772792e-01 1.000000000000000000e+00
1.490444605607851858e-01 2.000000000000000000e+00
1.595622387458930924e-01 0.000000000000000000e+00
1.700800169310009435e-01 1.000000000000000000e+00
1.805977951161088502e-01 1.000000000000000000e+00
1.911155733012167013e-01 0.000000000000000000e+00
2.016333514863246079e-01 0.000000000000000000e+00
2.121511296714324590e-01 0.000000000000000000e+00
2.226689078565403657e-01 1.000000000000000000e+00
