#     bins                         n
2.412736539263278177e-02 1.300000000000000000e+01
6.437203378882258575e-02 3.900000000000000000e+01
1.046167021850124002e-01 6.500000000000000000e+01
1.448613705812021868e-01 8.600000000000000000e+01
1.851060389773920012e-01 1.200000000000000000e+02
2.253507073735818156e-01 1.270000000000000000e+02
2.655953757697716022e-01 1.470000000000000000e+02
3.058400441659614444e-01 1.870000000000000000e+02
3.460847125621512310e-01 1.950000000000000000e+02
3.863293809583410177e-01 2.160000000000000000e+02
4.265740493545308598e-01 2.260000000000000000e+02
4.668187177507206465e-01 2.450000000000000000e+02
5.070633861469104886e-01 2.310000000000000000e+02
5.473080545431002752e-01 2.940000000000000000e+02
5.875527229392901729e-01 3.070000000000000000e+02
6.277973913354799596e-01 3.340000000000000000e+02
6.680420597316697462e-01 2.850000000000000000e+02
7.082867281278595328e-01 3.100000000000000000e+02
7.485313965240493195e-01 3.160000000000000000e+02
7.887760649202392171e-01 3.750000000000000000e+02
8.290207333164290038e-01 2.980000000000000000e+02
8.692654017126187904e-01 3.600000000000000000e+02
9.095100701088085771e-01 3.460000000000000000e+02
9.497547385049983637e-01 3.300000000000000000e+02
9.899994069011881503e-01 3.570000000000000000e+02
1.030244075297378048e+00 3.390000000000000000e+02
1.070488743693567724e+00 3.210000000000000000e+02
1.110733412089757621e+00 3.120000000000000000e+02
1.150978080485947519e+00 3.090000000000000000e+02
1.191222748882137195e+00 2.890000000000000000e+02
1.231467417278327092e+00 2.910000000000000000e+02
1.271712085674516768e+00 2.670000000000000000e+02
1.311956754070706666e+00 2.460000000000000000e+02
1.352201422466896563e+00 2.290000000000000000e+02
1.392446090863086239e+00 2.210000000000000000e+02
1.432690759259276136e+00 2.070000000000000000e+02
1.472935427655465812e+00 1.910000000000000000e+02
1.513180096051655710e+00 1.720000000000000000e+02
1.553424764447845607e+00 1.430000000000000000e+02
1.593669432844035283e+00 1.250000000000000000e+02
1.633914101240225181e+00 8.700000000000000000e+01
1.674158769636414856e+00 8.500000000000000000e+01
1.714403438032604754e+00 7.500000000000000000e+01
1.754648106428794652e+00 7.500000000000000000e+01
1.794892774824984327e+00 4.500000000000000000e+01
1.835137443221174225e+00 3.600000000000000000e+01
1.875382111617363901e+00 2.500000000000000000e+01
1.915626780013553798e+00 1.600000000000000000e+01
1.955871448409743474e+00 5.000000000000000000e+00
1.996116116805933371e+00 5.000000000000000000e+00
