#     bins                         n
8.805377298403029851e-01 2.000000000000000000e+00
8.815455635736628714e-01 0.000000000000000000e+00
8.825533973070229798e-01 0.000000000000000000e+00
8.835612310403828662e-01 1.000000000000000000e+00
8.845690647737429746e-01 0.000000000000000000e+00
8.855768985071028609e-01 0.000000000000000000e+00
8.865847322404629693e-01 0.000000000000000000e+00
8.875925659738230777e-01 0.000000000000000000e+00
8.886003997071829641e-01 1.000000000000000000e+00
8.896082334405430725e-01 1.000000000000000000e+00
8.906160671739029588e-01 0.000000000000000000e+00
8.916239009072630672e-01 1.000000000000000000e+00
8.926317346406229536e-01 1.000000000000000000e+00
8.936395683739830620e-01 3.000000000000000000e+00
8.946474021073429483e-01 2.000000000000000000e+00
8.956552358407030567e-01 1.000000000000000000e+00
8.966630695740629431e-01 3.000000000000000000e+00
8.976709033074230515e-01 1.000000000000000000e+00
8.986787370407829378e-01 3.000000000000000000e+00
8.996865707741430462e-01 2.000000000000000000e+00
9.006944045075031546e-01 5.000000000000000000e+00
9.017022382408630410e-01 1.000000000000000000e+00
9.027100719742231494e-01 3.000000000000000000e+00
9.037179057075830357e-01 4.000000000000000000e+00
9.047257394409431441e-01 2.000000000000000000e+00
9.057335731743030305e-01 2.000000000000000000e+00
9.067414069076631389e-01 4.000000000000000000e+00
9.077492406410230252e-01 2.000000000000000000e+00
9.087570743743831336e-01 3.000000000000000000e+00
9.097649081077430200e-01 8.000000000000000000e+00
9.107727418411031284e-01 6.000000000000000000e+00
9.117805755744630147e-01 5.000000000000000000e+00
9.127884093078231231e-01 1.000000000000000000e+00
9.137962430411832315e-01 4.000000000000000000e+00
9.148040767745431179e-01 1.000000000000000000e+00
9.158119105079032263e-01 1.000000000000000000e+00
9.168197442412631126e-01 3.000000000000000000e+00
9.178275779746232210e-01 2.000000000000000000e+00
9.188354117079831074e-01 5.000000000000000000e+00
9.198432454413432158e-01 2.000000000000000000e+00
9.208510791747031021e-01 1.000000000000000000e+00
9.218589129080632105e-01 1.000000000000000000e+00
9.228667466414230969e-01 2.000000000000000000e+00
9.238745803747832053e-01 2.000000000000000000e+00
9.248824141081433137e-01 3.000000000000000000e+00
9.258902478415032000e-01 2.000000000000000000e+00
9.268980815748633084e-01 0.000000000000000000e+00
9.279059153082231948e-01 0.000000000000000000e+00
9.289137490415833032e-01 1.000000000000000000e+00
9.299215827749431895e-01 2.000000000000000000e+00
