#     bins                         n
-3.215222120285034180e+00 2.000000000000000000e+00
-3.079311609268188477e+00 2.000000000000000000e+00
-2.943401098251342773e+00 6.000000000000000000e+00
-2.807490587234497070e+00 1.200000000000000000e+01
-2.671580076217651367e+00 8.000000000000000000e+00
-2.535669565200805664e+00 2.100000000000000000e+01
-2.399759054183959961e+00 2.200000000000000000e+01
-2.263848543167114258e+00 4.300000000000000000e+01
-2.127938032150268555e+00 6.600000000000000000e+01
-1.992027521133422852e+00 8.000000000000000000e+01
-1.856117010116577148e+00 9.700000000000000000e+01
-1.720206499099731445e+00 1.420000000000000000e+02
-1.584295988082885742e+00 1.740000000000000000e+02
-1.448385477066040039e+00 1.860000000000000000e+02
-1.312474966049194336e+00 2.220000000000000000e+02
-1.176564455032348633e+00 2.970000000000000000e+02
-1.040653944015502930e+00 3.030000000000000000e+02
-9.047434329986572266e-01 3.830000000000000000e+02
-7.688329219818115234e-01 4.060000000000000000e+02
-6.329224109649658203e-01 4.280000000000000000e+02
-4.970118999481201172e-01 4.560000000000000000e+02
-3.611013889312744141e-01 5.010000000000000000e+02
-2.251908779144287109e-01 5.170000000000000000e+02
-8.928036689758300781e-02 5.000000000000000000e+02
4.663014411926269531e-02 4.870000000000000000e+02
1.825406551361083984e-01 4.730000000000000000e+02
3.184511661529541016e-01 5.250000000000000000e+02
4.543616771697998047e-01 4.780000000000000000e+02
5.902721881866455078e-01 4.330000000000000000e+02
7.261826992034912109e-01 4.140000000000000000e+02
8.620932102203369141e-01 4.110000000000000000e+02
9.980037212371826172e-01 3.390000000000000000e+02
1.133914232254028320e+00 2.850000000000000000e+02
1.269824743270874023e+00 2.290000000000000000e+02
1.405735254287719727e+00 2.270000000000000000e+02
1.541645765304565430e+00 1.740000000000000000e+02
1.677556276321411133e+00 1.610000000000000000e+02
1.813466787338256836e+00 1.110000000000000000e+02
1.949377298355102539e+00 8.100000000000000000e+01
2.085287809371948242e+00 6.700000000000000000e+01
2.221198320388793945e+00 3.400000000000000000e+01
2.357108831405639648e+00 3.600000000000000000e+01
2.493019342422485352e+00 2.400000000000000000e+01
2.628929853439331055e+00 2.000000000000000000e+01
2.764840364456176758e+00 8.000000000000000000e+00
2.900750875473022461e+00 7.000000000000000000e+00
3.036661386489868164e+00 2.000000000000000000e+00
3.172571897506713867e+00 2.000000000000000000e+00
3.308482408523559570e+00 1.000000000000000000e+00
3.444392919540405273e+00 1.000000000000000000e+00
