#     bins                         n
-2.728226997852325475e+00 9.000000000000000000e+00
-2.615375573635101425e+00 9.000000000000000000e+00
-2.502524149417877375e+00 1.700000000000000000e+01
-2.389672725200653325e+00 3.400000000000000000e+01
-2.276821300983428831e+00 4.300000000000000000e+01
-2.163969876766204781e+00 5.300000000000000000e+01
-2.051118452548980731e+00 6.100000000000000000e+01
-1.938267028331756681e+00 6.900000000000000000e+01
-1.825415604114532631e+00 9.700000000000000000e+01
-1.712564179897308358e+00 1.200000000000000000e+02
-1.599712755680084308e+00 1.410000000000000000e+02
-1.486861331462860258e+00 1.760000000000000000e+02
-1.374009907245635986e+00 2.090000000000000000e+02
-1.261158483028411936e+00 2.290000000000000000e+02
-1.148307058811187886e+00 2.290000000000000000e+02
-1.035455634593963614e+00 2.810000000000000000e+02
-9.226042103767395641e-01 3.080000000000000000e+02
-8.097527861595155141e-01 3.170000000000000000e+02
-6.969013619422912420e-01 3.500000000000000000e+02
-5.840499377250671920e-01 3.440000000000000000e+02
-4.711985135078431419e-01 3.930000000000000000e+02
-3.583470892906190919e-01 3.740000000000000000e+02
-2.454956650733950418e-01 4.230000000000000000e+02
-1.326442408561705477e-01 3.890000000000000000e+02
-1.979281663894649768e-02 4.210000000000000000e+02
9.305860757827755236e-02 3.820000000000000000e+02
2.059100317955016024e-01 3.820000000000000000e+02
3.187614560127256524e-01 3.690000000000000000e+02
4.316128802299497025e-01 3.710000000000000000e+02
5.444643044471741966e-01 3.710000000000000000e+02
6.573157286643982467e-01 3.530000000000000000e+02
7.701671528816222967e-01 3.520000000000000000e+02
8.830185770988463467e-01 3.290000000000000000e+02
9.958700013160703968e-01 2.960000000000000000e+02
1.108721425533294447e+00 2.500000000000000000e+02
1.221572849750518497e+00 2.640000000000000000e+02
1.334424273967742991e+00 2.150000000000000000e+02
1.447275698184967041e+00 2.020000000000000000e+02
1.560127122402191091e+00 1.760000000000000000e+02
1.672978546619415141e+00 1.300000000000000000e+02
1.785829970836639191e+00 1.200000000000000000e+02
1.898681395053863241e+00 1.020000000000000000e+02
2.011532819271087291e+00 5.200000000000000000e+01
2.124384243488311341e+00 3.800000000000000000e+01
2.237235667705535391e+00 2.400000000000000000e+01
2.350087091922760330e+00 1.800000000000000000e+01
2.462938516139984380e+00 8.000000000000000000e+00
2.575789940357208430e+00 2.000000000000000000e+00
2.688641364574432480e+00 3.000000000000000000e+00
2.801492788791656530e+00 1.000000000000000000e+00
