-1.374552735740848242e+00 6.509337232172218712e-02 -1.309923820829582697e+00 5.072550440298825292e-01 1.312538715776786633e-05 4.221310171896706931e-02 6.398890663777602461e-02
-1.292219990557789133e+00 -1.032397189586804487e-01 -1.202011997327709469e+00 2.088612588384456681e-01 1.150172844511764166e-02 5.102464706940635503e-02 6.288446094775561324e-02
-1.209887245374729803e+00 -2.819679235733563161e-03 -1.116984542833931116e+00 6.697466062860780722e-01 -7.354040826511148640e-03 6.167551074285726465e-02 6.926230351586533385e-02
-1.127554500191670472e+00 1.699347291531061455e-02 -1.078273343299425147e+00 5.662540013174376385e-01 1.377594600479012561e-02 7.454963128344785361e-02 8.106390035377358805e-02
-1.045221755008611364e+00 2.525000893970086313e-02 -1.226754573423291195e+00 2.171629301849201110e-01 -4.693847505172881081e-03 9.011109040781901947e-02 8.584982692605198917e-02
-9.628890098255522556e-01 -1.278181758180929606e-02 -1.421572557553321792e+00 2.339708882372053822e-01 3.495755160812043932e-03 1.089208420577260084e-01 8.802108876026461248e-02
-8.805562646424931472e-01 2.004067344481996749e-03 -1.340853536454170714e+00 2.470890424507665994e-01 -2.067238682888702939e-03 1.316569334681435277e-01 9.381371948056145549e-02
-7.982235194594338168e-01 -1.492857996559138201e-02 -1.371348044375158892e+00 2.387584209866568108e-01 3.526633584484513678e-03 1.591389471727433225e-01 9.666600589585927494e-02
-7.158907742763745974e-01 1.918392731629336989e-02 -1.514037971259652782e+00 2.210588191791431623e-01 5.094989133362705716e-03 1.923575450234606410e-01 1.027026447459194469e-01
-6.335580290933154890e-01 -9.244824684755403865e-03 -1.565300713468296356e+00 1.094896681607907818e-01 -2.157176314242044077e-03 2.325101792164560588e-01 1.051173813585607880e-01
-5.512252839102562696e-01 -1.224653073900849876e-03 -1.648806633575771174e+00 6.237756818801577785e-02 3.443161716946111558e-03 2.810442576228296963e-01 1.070559469600955854e-01
-4.688925387271970502e-01 3.914969752230934574e-03 -1.774140406650845492e+00 -5.910037103315900903e-02 3.968129356005926922e-03 3.397093194325712107e-01 1.076331291024543446e-01
-3.865597935441379418e-01 -1.205198199378698654e-02 -1.903074623280090361e+00 -1.363198271777934512e-01 1.150793418869574657e-03 4.106201019207956771e-01 1.046836859235150546e-01
-3.042270483610787224e-01 -7.610397834163951103e-03 -1.981399505029750596e+00 -1.191943311514622461e-01 -2.074410511398622724e-03 4.963327717446144316e-01 1.022112724739026868e-01
-2.218943031780194752e-01 -1.245824308001042269e-02 -2.105484962893056533e+00 -1.515722099925436994e-01 -1.689653748009811154e-03 5.999370687293071880e-01 1.000579988535239273e-01
-1.395615579949603946e-01 2.878430897203854144e-03 -2.266673641793716332e+00 -2.603986592175306924e-01 -3.289708562147518334e-03 7.251676837102158935e-01 9.650283739987024212e-02
-5.722881281190112662e-02 -3.838645354947045618e-03 -2.412790126182796424e+00 -3.008259377063807749e-01 1.674975210882915285e-03 8.765388853391766766e-01 9.065111283914835394e-02
2.510393237115809625e-02 7.326322247172334379e-03 -2.545428649290135681e+00 -3.915285278267771063e-01 -1.572254762873163654e-03 1.059507248834704818e+00 8.610025391483241974e-02
1.074366775542173053e-01 -4.261030051853076372e-04 -2.661644885648409176e+00 -5.009931747617746289e-01 -1.036885527531254333e-03 1.280668352664026122e+00 7.814512727831370020e-02
1.897694227372765385e-01 9.153250533411316781e-04 -2.815447134362162096e+00 -5.263939337108047845e-01 1.361864147904395935e-03 1.547994533608959333e+00 7.120461546781391149e-02
2.721021679203355914e-01 -7.452279770422842731e-03 -2.973764910078176893e+00 -5.806966302526381796e-01 2.472948006904637547e-04 1.871122270725672276e+00 6.400633904131063090e-02
3.544349131033948108e-01 2.204164684172171818e-03 -3.061245603915695668e+00 -6.254487980774833256e-01 3.095581244201405110e-04 2.261699557713046538e+00 5.713305538356917845e-02
4.367676582864540302e-01 -8.294639993364771868e-04 -3.201974250509544984e+00 -6.633816343690568385e-01 1.236886734180327185e-03 2.733805785645180286e+00 5.049323019247366900e-02
5.191004034695131386e-01 2.656406086174012415e-03 -3.306026459460645217e+00 -7.056632438872693092e-01 9.583230175322769197e-04 3.304459271851388102e+00 4.442745011737089106e-02
6.014331486525723580e-01 -1.740294343210990746e-03 -3.361529792113965964e+00 -7.598459902227204799e-01 -8.985086836146415762e-04 3.994230730164179732e+00 3.863979116392379787e-02
6.837658938356316884e-01 9.419197755868413680e-03 -3.506491306069698499e+00 -8.156331404093893900e-01 2.426114472913804736e-04 4.827984796692443403e+00 3.330665168859979486e-02
7.660986390186907968e-01 -7.847724041820436369e-03 -3.564240113178448244e+00 -8.113684428860228337e-01 -1.534270891012529071e-03 5.835776341377064469e+00 2.836143098296453960e-02
8.484313842017499052e-01 8.187622736877231411e-03 -3.615782767962808730e+00 -8.807304079012815423e-01 -3.080702070956212743e-04 7.053933875249061458e+00 2.448649320827053430e-02
9.307641293848092356e-01 -4.086038514977463620e-03 -3.712572277488868533e+00 -9.337065898124565777e-01 -1.954028213669043248e-04 8.526369107669555802e+00 2.030964045111684560e-02
1.013096874567868344e+00 -1.131386983626025966e-04 -3.725752890344629531e+00 -9.318256402655100690e-01 -5.412734039810076017e-04 1.030615986000504236e+01 1.718610019329193037e-02
1.095429619750927452e+00 8.827759310126248593e-03 -3.763448191717347235e+00 -1.006572319875610688e+00 4.661362522687667186e-04 1.245746339604697184e+01 1.426470218560634516e-02
1.177762364933986783e+00 -1.285566780993230296e-02 -3.810712999900701003e+00 -1.072886328383998444e+00 1.181134611756342738e-04 1.505782914022976193e+01 1.173355503580014898e-02
1.260095110117045891e+00 -6.895651042838180089e-03 -3.806787738489014306e+00 -1.101755043351896335e+00 -6.782627339520268727e-05 1.820099415169074675e+01 9.497195009768285082e-03
1.342427855300105000e+00 2.922427962599472018e-02 -3.845115134555955994e+00 -1.262786232630160654e+00 -3.300523782114953291e-04 2.200026212442638140e+01 7.726958508907418727e-03
1.424760600483164330e+00 -4.215200024915377597e-03 -3.917995349397949134e+00 -1.511133871384392036e+00 -6.656273075439617755e-04 2.659258771854003456e+01 5.883801889823988933e-03
1.507093345666223438e+00 -2.206618558733364210e-02 -3.958699071140945325e+00 -1.568160097817135945e+00 -6.963526264043072393e-04 3.214351345310091546e+01 4.356893862542713172e-03
1.589426090849282547e+00 1.899219879908542463e-02 -3.942601931100884638e+00 -2.000234090181418622e+00 -5.545942003212440182e-04 3.885313712397161368e+01 3.246655361731907215e-03
1.671758836032341877e+00 2.308836283902993003e-03 -4.138923234470041734e+00 -3.585286887823158075e+00 -3.652486345851201121e-04 4.696332485795863221e+01 2.040832928808318254e-03
1.754091581215401208e+00 4.802578311319416482e-02 -8.462478595618906141e+00 -7.563227484295943270e+00 -2.138861595147466721e-04 5.676642981689559520e+01 8.338024491383844942e-04
