#     bins                         n
-3.202535338401794718e+00 1.000000000000000000e+00
-3.071974358558654750e+00 4.000000000000000000e+00
-2.941413378715515670e+00 3.000000000000000000e+00
-2.810852398872375701e+00 4.000000000000000000e+00
-2.680291419029235733e+00 1.600000000000000000e+01
-2.549730439186096653e+00 1.600000000000000000e+01
-2.419169459342956685e+00 1.800000000000000000e+01
-2.288608479499816717e+00 3.800000000000000000e+01
-2.158047499656677637e+00 6.300000000000000000e+01
-2.027486519813537669e+00 5.600000000000000000e+01
-1.896925539970398145e+00 1.010000000000000000e+02
-1.766364560127258398e+00 1.210000000000000000e+02
-1.635803580284118874e+00 1.370000000000000000e+02
-1.505242600440979350e+00 1.810000000000000000e+02
-1.374681620597839604e+00 2.040000000000000000e+02
-1.244120640754699858e+00 2.630000000000000000e+02
-1.113559660911560334e+00 2.850000000000000000e+02
-9.829986810684208098e-01 3.400000000000000000e+02
-8.524377012252812857e-01 3.510000000000000000e+02
-7.218767213821413176e-01 4.390000000000000000e+02
-5.913157415390017935e-01 4.000000000000000000e+02
-4.607547616958622694e-01 4.550000000000000000e+02
-3.301937818527223012e-01 4.740000000000000000e+02
-1.996328020095827771e-01 4.770000000000000000e+02
-6.907182216644325301e-02 4.400000000000000000e+02
6.148915767669627108e-02 4.650000000000000000e+02
1.920501375198357952e-01 4.570000000000000000e+02
3.226111173629757634e-01 4.580000000000000000e+02
4.531720972061152874e-01 4.710000000000000000e+02
5.837330770492548115e-01 4.600000000000000000e+02
7.142940568923947797e-01 4.400000000000000000e+02
8.448550367355338597e-01 3.690000000000000000e+02
9.754160165786738279e-01 3.430000000000000000e+02
1.105976996421813796e+00 3.000000000000000000e+02
1.236537976264952876e+00 2.570000000000000000e+02
1.367098956108092844e+00 2.030000000000000000e+02
1.497659935951231924e+00 1.720000000000000000e+02
1.628220915794371892e+00 1.380000000000000000e+02
1.758781895637511861e+00 1.080000000000000000e+02
1.889342875480650941e+00 8.900000000000000000e+01
2.019903855323790687e+00 7.200000000000000000e+01
2.150464835166930655e+00 6.100000000000000000e+01
2.281025815010069735e+00 4.400000000000000000e+01
2.411586794853209703e+00 3.400000000000000000e+01
2.542147774696349671e+00 1.900000000000000000e+01
2.672708754539488751e+00 1.300000000000000000e+01
2.803269734382628720e+00 7.000000000000000000e+00
2.933830714225767800e+00 5.000000000000000000e+00
3.064391694068907768e+00 2.000000000000000000e+00
3.194952673912047736e+00 3.000000000000000000e+00
