#     bins                         n
-2.107194927047138511e-01 1.000000000000000000e+00
-2.009315801137512292e-01 0.000000000000000000e+00
-1.911436675227885795e-01 1.000000000000000000e+00
-1.813557549318259576e-01 0.000000000000000000e+00
-1.715678423408633357e-01 0.000000000000000000e+00
-1.617799297499007138e-01 1.000000000000000000e+00
-1.519920171589380642e-01 0.000000000000000000e+00
-1.422041045679754423e-01 1.000000000000000000e+00
-1.324161919770127926e-01 1.000000000000000000e+00
-1.226282793860501708e-01 1.000000000000000000e+00
-1.128403667950875489e-01 2.000000000000000000e+00
-1.030524542041249131e-01 1.000000000000000000e+00
-9.326454161316227731e-02 5.000000000000000000e+00
-8.347662902219965542e-02 5.000000000000000000e+00
-7.368871643123703352e-02 1.000000000000000000e+00
-6.390080384027438387e-02 3.000000000000000000e+00
-5.411289124931176198e-02 3.000000000000000000e+00
-4.432497865834914008e-02 1.000000000000000000e+00
-3.453706606738649043e-02 9.000000000000000000e+00
-2.474915347642386854e-02 2.000000000000000000e+00
-1.496124088546124664e-02 4.000000000000000000e+00
-5.173328294498596991e-03 5.000000000000000000e+00
4.614584296464024904e-03 1.000000000000000000e+00
1.440249688742664680e-02 5.000000000000000000e+00
2.419040947838929645e-02 5.000000000000000000e+00
3.397832206935191834e-02 4.000000000000000000e+00
4.376623466031454024e-02 5.000000000000000000e+00
5.355414725127716213e-02 1.000000000000000000e+00
6.334205984223978403e-02 8.000000000000000000e+00
7.312997243320246143e-02 3.000000000000000000e+00
8.291788502416508333e-02 2.000000000000000000e+00
9.270579761512770522e-02 3.000000000000000000e+00
1.024937102060903271e-01 5.000000000000000000e+00
1.122816227970529490e-01 2.000000000000000000e+00
1.220695353880155709e-01 1.000000000000000000e+00
1.318574479789781928e-01 1.000000000000000000e+00
1.416453605699408702e-01 1.000000000000000000e+00
1.514332731609034921e-01 0.000000000000000000e+00
1.612211857518661140e-01 2.000000000000000000e+00
1.710090983428287359e-01 0.000000000000000000e+00
1.807970109337913578e-01 1.000000000000000000e+00
1.905849235247539797e-01 1.000000000000000000e+00
2.003728361157166571e-01 0.000000000000000000e+00
2.101607487066792790e-01 1.000000000000000000e+00
2.199486612976419009e-01 0.000000000000000000e+00
2.297365738886045228e-01 0.000000000000000000e+00
2.395244864795671447e-01 0.000000000000000000e+00
2.493123990705297666e-01 0.000000000000000000e+00
2.591003116614923885e-01 0.000000000000000000e+00
2.688882242524550659e-01 1.000000000000000000e+00
