#     bins                         n
-2.105612795286460615e-01 2.000000000000000000e+00
-2.013595408676289167e-01 0.000000000000000000e+00
-1.921578022066117997e-01 0.000000000000000000e+00
-1.829560635455946549e-01 0.000000000000000000e+00
-1.737543248845775101e-01 1.000000000000000000e+00
-1.645525862235603931e-01 1.000000000000000000e+00
-1.553508475625432483e-01 1.000000000000000000e+00
-1.461491089015261036e-01 2.000000000000000000e+00
-1.369473702405089588e-01 0.000000000000000000e+00
-1.277456315794918418e-01 1.000000000000000000e+00
-1.185438929184746970e-01 3.000000000000000000e+00
-1.093421542574575661e-01 1.000000000000000000e+00
-1.001404155964404352e-01 1.000000000000000000e+00
-9.093867693542329045e-02 3.000000000000000000e+00
-8.173693827440614568e-02 1.000000000000000000e+00
-7.253519961338902866e-02 1.000000000000000000e+00
-6.333346095237188389e-02 2.000000000000000000e+00
-5.413172229135473912e-02 4.000000000000000000e+00
-4.492998363033762210e-02 6.000000000000000000e+00
-3.572824496932047733e-02 3.000000000000000000e+00
-2.652650630830333256e-02 3.000000000000000000e+00
-1.732476764728621554e-02 5.000000000000000000e+00
-8.123028986269070773e-03 1.000000000000000000e+00
1.078709674748073999e-03 5.000000000000000000e+00
1.028044833576519101e-02 1.000000000000000000e+01
1.948218699678233579e-02 3.000000000000000000e+00
2.868392565779948056e-02 3.000000000000000000e+00
3.788566431881662533e-02 4.000000000000000000e+00
4.708740297983377010e-02 3.000000000000000000e+00
5.628914164085085936e-02 6.000000000000000000e+00
6.549088030186800413e-02 2.000000000000000000e+00
7.469261896288514890e-02 6.000000000000000000e+00
8.389435762390229367e-02 2.000000000000000000e+00
9.309609628491943845e-02 2.000000000000000000e+00
1.022978349459365832e-01 4.000000000000000000e+00
1.114995736069537280e-01 0.000000000000000000e+00
1.207013122679708172e-01 1.000000000000000000e+00
1.299030509289879620e-01 0.000000000000000000e+00
1.391047895900051068e-01 1.000000000000000000e+00
1.483065282510222516e-01 0.000000000000000000e+00
1.575082669120393963e-01 1.000000000000000000e+00
1.667100055730565411e-01 0.000000000000000000e+00
1.759117442340736304e-01 0.000000000000000000e+00
1.851134828950907751e-01 1.000000000000000000e+00
1.943152215561079199e-01 1.000000000000000000e+00
2.035169602171250647e-01 0.000000000000000000e+00
2.127186988781422095e-01 0.000000000000000000e+00
2.219204375391593542e-01 0.000000000000000000e+00
2.311221762001764435e-01 0.000000000000000000e+00
2.403239148611935883e-01 3.000000000000000000e+00
