#     bins                         n
-2.367646301086775429e-01 2.000000000000000000e+00
-2.274013645828673047e-01 0.000000000000000000e+00
-2.180380990570570665e-01 0.000000000000000000e+00
-2.086748335312467728e-01 1.000000000000000000e+00
-1.993115680054365346e-01 0.000000000000000000e+00
-1.899483024796262409e-01 3.000000000000000000e+00
-1.805850369538160027e-01 0.000000000000000000e+00
-1.712217714280057645e-01 1.000000000000000000e+00
-1.618585059021954708e-01 2.000000000000000000e+00
-1.524952403763852327e-01 1.000000000000000000e+00
-1.431319748505749945e-01 2.000000000000000000e+00
-1.337687093247647008e-01 1.000000000000000000e+00
-1.244054437989544487e-01 2.000000000000000000e+00
-1.150421782731441828e-01 1.000000000000000000e+00
-1.056789127473339446e-01 2.000000000000000000e+00
-9.631564722152367863e-02 3.000000000000000000e+00
-8.695238169571341269e-02 3.000000000000000000e+00
-7.758911616990314675e-02 6.000000000000000000e+00
-6.822585064409288080e-02 0.000000000000000000e+00
-5.886258511828264262e-02 2.000000000000000000e+00
-4.949931959247237667e-02 3.000000000000000000e+00
-4.013605406666211073e-02 4.000000000000000000e+00
-3.077278854085187254e-02 2.000000000000000000e+00
-2.140952301504160660e-02 3.000000000000000000e+00
-1.204625748923134065e-02 3.000000000000000000e+00
-2.682991963421074710e-03 5.000000000000000000e+00
6.680273562389191233e-03 2.000000000000000000e+00
1.604353908819942942e-02 4.000000000000000000e+00
2.540680461400966761e-02 5.000000000000000000e+00
3.477007013981996131e-02 5.000000000000000000e+00
4.413333566563019950e-02 1.000000000000000000e+00
5.349660119144049319e-02 0.000000000000000000e+00
6.285986671725073138e-02 2.000000000000000000e+00
7.222313224306096957e-02 3.000000000000000000e+00
8.158639776887126327e-02 4.000000000000000000e+00
9.094966329468150146e-02 2.000000000000000000e+00
1.003129288204917952e-01 2.000000000000000000e+00
1.096761943463020333e-01 4.000000000000000000e+00
1.190394598721122715e-01 3.000000000000000000e+00
1.284027253979225791e-01 2.000000000000000000e+00
1.377659909237328173e-01 2.000000000000000000e+00
1.471292564495430555e-01 1.000000000000000000e+00
1.564925219753533492e-01 2.000000000000000000e+00
1.658557875011635874e-01 2.000000000000000000e+00
1.752190530269738256e-01 0.000000000000000000e+00
1.845823185527841193e-01 0.000000000000000000e+00
1.939455840785943574e-01 0.000000000000000000e+00
2.033088496044046511e-01 0.000000000000000000e+00
2.126721151302148893e-01 1.000000000000000000e+00
2.220353806560251275e-01 1.000000000000000000e+00
