#     bins                         n
3.462338019162416319e-02 2.900000000000000000e+01
8.049880918115376316e-02 7.700000000000000000e+01
1.263742381706833839e-01 9.900000000000000000e+01
1.722496671602129770e-01 1.620000000000000000e+02
2.181250961497425978e-01 1.590000000000000000e+02
2.640005251392721908e-01 2.050000000000000000e+02
3.098759541288017560e-01 2.320000000000000000e+02
3.557513831183313768e-01 2.770000000000000000e+02
4.016268121078609976e-01 2.900000000000000000e+02
4.475022410973906184e-01 2.900000000000000000e+02
4.933776700869202392e-01 3.070000000000000000e+02
5.392530990764498044e-01 3.220000000000000000e+02
5.851285280659793697e-01 3.240000000000000000e+02
6.310039570555090460e-01 3.510000000000000000e+02
6.768793860450386113e-01 3.940000000000000000e+02
7.227548150345682876e-01 3.940000000000000000e+02
7.686302440240978529e-01 3.850000000000000000e+02
8.145056730136274181e-01 4.050000000000000000e+02
8.603811020031570944e-01 3.740000000000000000e+02
9.062565309926866597e-01 3.460000000000000000e+02
9.521319599822163360e-01 3.700000000000000000e+02
9.980073889717459013e-01 3.390000000000000000e+02
1.043882817961275578e+00 3.450000000000000000e+02
1.089758246950805143e+00 3.270000000000000000e+02
1.135633675940334708e+00 2.950000000000000000e+02
1.181509104929864495e+00 2.760000000000000000e+02
1.227384533919394061e+00 2.790000000000000000e+02
1.273259962908923626e+00 2.650000000000000000e+02
1.319135391898453191e+00 2.550000000000000000e+02
1.365010820887982756e+00 2.110000000000000000e+02
1.410886249877512544e+00 2.040000000000000000e+02
1.456761678867042109e+00 1.950000000000000000e+02
1.502637107856571674e+00 1.960000000000000000e+02
1.548512536846101240e+00 1.430000000000000000e+02
1.594387965835630805e+00 1.230000000000000000e+02
1.640263394825160592e+00 9.700000000000000000e+01
1.686138823814690157e+00 1.000000000000000000e+02
1.732014252804219723e+00 9.800000000000000000e+01
1.777889681793749288e+00 7.800000000000000000e+01
1.823765110783278853e+00 6.700000000000000000e+01
1.869640539772808641e+00 5.100000000000000000e+01
1.915515968762338206e+00 4.500000000000000000e+01
1.961391397751867771e+00 3.700000000000000000e+01
2.007266826741397114e+00 2.400000000000000000e+01
2.053142255730926902e+00 2.400000000000000000e+01
2.099017684720456689e+00 1.200000000000000000e+01
2.144893113709986032e+00 8.000000000000000000e+00
2.190768542699515820e+00 9.000000000000000000e+00
2.236643971689045163e+00 2.000000000000000000e+00
2.282519400678574950e+00 1.000000000000000000e+00
