#     bins                         n
-2.743370325565337886e+00 1.000000000000000000e+00
-2.633492801189422750e+00 3.000000000000000000e+00
-2.523615276813506725e+00 1.200000000000000000e+01
-2.413737752437591588e+00 1.600000000000000000e+01
-2.303860228061675564e+00 2.700000000000000000e+01
-2.193982703685760427e+00 5.100000000000000000e+01
-2.084105179309845290e+00 6.100000000000000000e+01
-1.974227654933929488e+00 6.200000000000000000e+01
-1.864350130558013907e+00 8.800000000000000000e+01
-1.754472606182098326e+00 1.190000000000000000e+02
-1.644595081806182746e+00 1.380000000000000000e+02
-1.534717557430267387e+00 1.760000000000000000e+02
-1.424840033054351807e+00 1.870000000000000000e+02
-1.314962508678436226e+00 2.170000000000000000e+02
-1.205084984302520867e+00 2.650000000000000000e+02
-1.095207459926605287e+00 2.420000000000000000e+02
-9.853299355506897061e-01 3.110000000000000000e+02
-8.754524111747741255e-01 2.990000000000000000e+02
-7.655748867988585449e-01 3.250000000000000000e+02
-6.556973624229429642e-01 3.550000000000000000e+02
-5.458198380470273836e-01 3.340000000000000000e+02
-4.359423136711122471e-01 3.960000000000000000e+02
-3.260647892951966664e-01 3.810000000000000000e+02
-2.161872649192810858e-01 3.880000000000000000e+02
-1.063097405433655052e-01 3.740000000000000000e+02
3.567783832550075473e-03 3.820000000000000000e+02
1.134453082084656561e-01 3.510000000000000000e+02
2.233228325843812367e-01 3.990000000000000000e+02
3.332003569602963733e-01 3.750000000000000000e+02
4.430778813362119539e-01 3.890000000000000000e+02
5.529554057121275346e-01 3.580000000000000000e+02
6.628329300880431152e-01 3.380000000000000000e+02
7.727104544639586958e-01 3.120000000000000000e+02
8.825879788398742765e-01 3.290000000000000000e+02
9.924655032157898571e-01 2.850000000000000000e+02
1.102343027591705438e+00 2.730000000000000000e+02
1.212220551967621018e+00 2.200000000000000000e+02
1.322098076343536155e+00 2.050000000000000000e+02
1.431975600719452180e+00 2.010000000000000000e+02
1.541853125095367316e+00 1.430000000000000000e+02
1.651730649471283341e+00 1.220000000000000000e+02
1.761608173847198477e+00 1.100000000000000000e+02
1.871485698223113614e+00 9.100000000000000000e+01
1.981363222599029639e+00 6.700000000000000000e+01
2.091240746974944997e+00 5.400000000000000000e+01
2.201118271350861022e+00 3.800000000000000000e+01
2.310995795726776159e+00 3.400000000000000000e+01
2.420873320102692183e+00 1.000000000000000000e+01
2.530750844478607320e+00 1.400000000000000000e+01
2.640628368854522456e+00 8.000000000000000000e+00
