#     bins                         n
-3.013642101287842046e+00 3.000000000000000000e+00
-2.892066326141357280e+00 4.000000000000000000e+00
-2.770490550994873402e+00 4.000000000000000000e+00
-2.648914775848388636e+00 1.400000000000000000e+01
-2.527339000701904759e+00 1.700000000000000000e+01
-2.405763225555419993e+00 1.800000000000000000e+01
-2.284187450408935227e+00 3.100000000000000000e+01
-2.162611675262451350e+00 5.200000000000000000e+01
-2.041035900115966584e+00 7.300000000000000000e+01
-1.919460124969482484e+00 1.010000000000000000e+02
-1.797884349822998162e+00 9.900000000000000000e+01
-1.676308574676513619e+00 1.580000000000000000e+02
-1.554732799530029297e+00 1.470000000000000000e+02
-1.433157024383544975e+00 2.320000000000000000e+02
-1.311581249237060431e+00 2.180000000000000000e+02
-1.190005474090576110e+00 2.400000000000000000e+02
-1.068429698944091788e+00 2.870000000000000000e+02
-9.468539237976074663e-01 2.910000000000000000e+02
-8.252781486511231446e-01 3.600000000000000000e+02
-7.037023735046388229e-01 4.050000000000000000e+02
-5.821265983581545012e-01 4.030000000000000000e+02
-4.605508232116697354e-01 4.430000000000000000e+02
-3.389750480651854136e-01 4.120000000000000000e+02
-2.173992729187010919e-01 4.600000000000000000e+02
-9.582349777221677023e-02 4.370000000000000000e+02
2.575227737426755148e-02 4.530000000000000000e+02
1.473280525207518732e-01 4.490000000000000000e+02
2.689038276672361949e-01 4.320000000000000000e+02
3.904796028137209607e-01 4.070000000000000000e+02
5.120553779602052824e-01 3.930000000000000000e+02
6.336311531066896041e-01 3.850000000000000000e+02
7.552069282531739258e-01 3.350000000000000000e+02
8.767827033996582475e-01 3.230000000000000000e+02
9.983584785461430133e-01 2.820000000000000000e+02
1.119934253692626891e+00 2.630000000000000000e+02
1.241510028839111657e+00 2.570000000000000000e+02
1.363085803985595534e+00 2.040000000000000000e+02
1.484661579132080300e+00 1.950000000000000000e+02
1.606237354278564178e+00 1.400000000000000000e+02
1.727813129425048944e+00 1.230000000000000000e+02
1.849388904571532821e+00 1.040000000000000000e+02
1.970964679718017587e+00 8.400000000000000000e+01
2.092540454864502131e+00 4.300000000000000000e+01
2.214116230010986008e+00 4.500000000000000000e+01
2.335692005157470774e+00 2.700000000000000000e+01
2.457267780303954652e+00 2.800000000000000000e+01
2.578843555450439418e+00 9.000000000000000000e+00
2.700419330596923295e+00 5.000000000000000000e+00
2.821995105743408061e+00 3.000000000000000000e+00
2.943570880889892827e+00 2.000000000000000000e+00
