#     bins                         n
-2.762320421373802293e-01 1.000000000000000000e+00
-2.633066721641614261e-01 0.000000000000000000e+00
-2.503813021909426229e-01 1.000000000000000000e+00
-2.374559322177238196e-01 0.000000000000000000e+00
-2.245305622445050164e-01 0.000000000000000000e+00
-2.116051922712862132e-01 0.000000000000000000e+00
-1.986798222980674100e-01 0.000000000000000000e+00
-1.857544523248486068e-01 0.000000000000000000e+00
-1.728290823516298036e-01 3.000000000000000000e+00
-1.599037123784110004e-01 0.000000000000000000e+00
-1.469783424051921972e-01 3.000000000000000000e+00
-1.340529724319733940e-01 2.000000000000000000e+00
-1.211276024587545908e-01 2.000000000000000000e+00
-1.082022324855357875e-01 5.000000000000000000e+00
-9.527686251231698433e-02 2.000000000000000000e+00
-8.235149253909818112e-02 4.000000000000000000e+00
-6.942612256587937791e-02 1.000000000000000000e+00
-5.650075259266057470e-02 0.000000000000000000e+00
-4.357538261944177149e-02 7.000000000000000000e+00
-3.065001264622296828e-02 7.000000000000000000e+00
-1.772464267300416507e-02 7.000000000000000000e+00
-4.799272699785361862e-03 4.000000000000000000e+00
8.126097273433441348e-03 5.000000000000000000e+00
2.105146724665224456e-02 1.100000000000000000e+01
3.397683721987104777e-02 2.000000000000000000e+00
4.690220719308985098e-02 7.000000000000000000e+00
5.982757716630865419e-02 4.000000000000000000e+00
7.275294713952745740e-02 1.000000000000000000e+00
8.567831711274626061e-02 5.000000000000000000e+00
9.860368708596506382e-02 4.000000000000000000e+00
1.115290570591838670e-01 2.000000000000000000e+00
1.244544270324026702e-01 1.000000000000000000e+00
1.373797970056214734e-01 1.000000000000000000e+00
1.503051669788402767e-01 2.000000000000000000e+00
1.632305369520590799e-01 0.000000000000000000e+00
1.761559069252778831e-01 1.000000000000000000e+00
1.890812768984966863e-01 1.000000000000000000e+00
2.020066468717154895e-01 0.000000000000000000e+00
2.149320168449342927e-01 1.000000000000000000e+00
2.278573868181530959e-01 0.000000000000000000e+00
2.407827567913718991e-01 1.000000000000000000e+00
2.537081267645907023e-01 0.000000000000000000e+00
2.666334967378095056e-01 1.000000000000000000e+00
2.795588667110283088e-01 0.000000000000000000e+00
2.924842366842471120e-01 0.000000000000000000e+00
3.054096066574659152e-01 0.000000000000000000e+00
3.183349766306847184e-01 0.000000000000000000e+00
3.312603466039035216e-01 0.000000000000000000e+00
3.441857165771223248e-01 0.000000000000000000e+00
3.571110865503411280e-01 1.000000000000000000e+00
