#     bins                         n
-2.797227383464386818e-01 1.000000000000000000e+00
-2.686939573605613418e-01 0.000000000000000000e+00
-2.576651763746840018e-01 0.000000000000000000e+00
-2.466363953888067173e-01 0.000000000000000000e+00
-2.356076144029293773e-01 0.000000000000000000e+00
-2.245788334170520373e-01 0.000000000000000000e+00
-2.135500524311747250e-01 0.000000000000000000e+00
-2.025212714452974128e-01 0.000000000000000000e+00
-1.914924904594200727e-01 0.000000000000000000e+00
-1.804637094735427327e-01 1.000000000000000000e+00
-1.694349284876654205e-01 1.000000000000000000e+00
-1.584061475017881082e-01 1.000000000000000000e+00
-1.473773665159107682e-01 1.000000000000000000e+00
-1.363485855300334282e-01 4.000000000000000000e+00
-1.253198045441561159e-01 1.000000000000000000e+00
-1.142910235582788037e-01 2.000000000000000000e+00
-1.032622425724014636e-01 4.000000000000000000e+00
-9.223346158652412363e-02 1.000000000000000000e+00
-8.120468060064681137e-02 1.000000000000000000e+00
-7.017589961476949911e-02 3.000000000000000000e+00
-5.914711862889215910e-02 2.000000000000000000e+00
-4.811833764301481908e-02 4.000000000000000000e+00
-3.708955665713750682e-02 3.000000000000000000e+00
-2.606077567126019456e-02 2.000000000000000000e+00
-1.503199468538285455e-02 4.000000000000000000e+00
-4.003213699505514533e-03 1.000000000000000000e+01
7.025567286371825482e-03 7.000000000000000000e+00
1.805434827224910999e-02 9.000000000000000000e+00
2.908312925812645000e-02 5.000000000000000000e+00
4.011191024400379002e-02 5.000000000000000000e+00
5.114069122988107452e-02 4.000000000000000000e+00
6.216947221575841454e-02 4.000000000000000000e+00
7.319825320163575455e-02 4.000000000000000000e+00
8.422703418751309457e-02 1.000000000000000000e+00
9.525581517339043458e-02 3.000000000000000000e+00
1.062845961592677191e-01 3.000000000000000000e+00
1.173133771451450591e-01 1.000000000000000000e+00
1.283421581310223991e-01 0.000000000000000000e+00
1.393709391168996836e-01 0.000000000000000000e+00
1.503997201027770236e-01 2.000000000000000000e+00
1.614285010886543636e-01 2.000000000000000000e+00
1.724572820745317037e-01 3.000000000000000000e+00
1.834860630604090437e-01 0.000000000000000000e+00
1.945148440462863282e-01 0.000000000000000000e+00
2.055436250321636682e-01 0.000000000000000000e+00
2.165724060180410082e-01 0.000000000000000000e+00
2.276011870039182927e-01 0.000000000000000000e+00
2.386299679897956327e-01 0.000000000000000000e+00
2.496587489756729727e-01 0.000000000000000000e+00
2.606875299615503128e-01 1.000000000000000000e+00
