#     bins                         n
8.678023041860174480e-01 2.000000000000000000e+00
8.689037438330076135e-01 0.000000000000000000e+00
8.700051834799975570e-01 2.000000000000000000e+00
8.711066231269875004e-01 0.000000000000000000e+00
8.722080627739776659e-01 0.000000000000000000e+00
8.733095024209676094e-01 1.000000000000000000e+00
8.744109420679577749e-01 0.000000000000000000e+00
8.755123817149477183e-01 1.000000000000000000e+00
8.766138213619376618e-01 0.000000000000000000e+00
8.777152610089278273e-01 3.000000000000000000e+00
8.788167006559177707e-01 3.000000000000000000e+00
8.799181403029079362e-01 3.000000000000000000e+00
8.810195799498978797e-01 3.000000000000000000e+00
8.821210195968878232e-01 1.000000000000000000e+00
8.832224592438779887e-01 0.000000000000000000e+00
8.843238988908679321e-01 0.000000000000000000e+00
8.854253385378580976e-01 0.000000000000000000e+00
8.865267781848480411e-01 4.000000000000000000e+00
8.876282178318379845e-01 4.000000000000000000e+00
8.887296574788281500e-01 3.000000000000000000e+00
8.898310971258180935e-01 1.000000000000000000e+00
8.909325367728082590e-01 2.000000000000000000e+00
8.920339764197982024e-01 5.000000000000000000e+00
8.931354160667881459e-01 5.000000000000000000e+00
8.942368557137783114e-01 4.000000000000000000e+00
8.953382953607682548e-01 6.000000000000000000e+00
8.964397350077584203e-01 7.000000000000000000e+00
8.975411746547483638e-01 1.000000000000000000e+00
8.986426143017383072e-01 3.000000000000000000e+00
8.997440539487284727e-01 2.000000000000000000e+00
9.008454935957184162e-01 3.000000000000000000e+00
9.019469332427085817e-01 4.000000000000000000e+00
9.030483728896985252e-01 2.000000000000000000e+00
9.041498125366884686e-01 2.000000000000000000e+00
9.052512521836786341e-01 4.000000000000000000e+00
9.063526918306685776e-01 4.000000000000000000e+00
9.074541314776587431e-01 1.000000000000000000e+00
9.085555711246486865e-01 0.000000000000000000e+00
9.096570107716386300e-01 3.000000000000000000e+00
9.107584504186287955e-01 3.000000000000000000e+00
9.118598900656187389e-01 0.000000000000000000e+00
9.129613297126089044e-01 2.000000000000000000e+00
9.140627693595988479e-01 2.000000000000000000e+00
9.151642090065887913e-01 0.000000000000000000e+00
9.162656486535789568e-01 0.000000000000000000e+00
9.173670883005689003e-01 1.000000000000000000e+00
9.184685279475590658e-01 2.000000000000000000e+00
9.195699675945490092e-01 0.000000000000000000e+00
9.206714072415389527e-01 0.000000000000000000e+00
9.217728468885291182e-01 1.000000000000000000e+00
