#     bins                         n
8.612101724503470335e-01 2.000000000000000000e+00
8.623198366752905519e-01 1.000000000000000000e+00
8.634295009002340704e-01 0.000000000000000000e+00
8.645391651251776999e-01 0.000000000000000000e+00
8.656488293501212183e-01 0.000000000000000000e+00
8.667584935750647368e-01 0.000000000000000000e+00
8.678681578000082553e-01 0.000000000000000000e+00
8.689778220249517737e-01 1.000000000000000000e+00
8.700874862498954032e-01 2.000000000000000000e+00
8.711971504748389217e-01 2.000000000000000000e+00
8.723068146997824401e-01 1.000000000000000000e+00
8.734164789247259586e-01 1.000000000000000000e+00
8.745261431496694771e-01 0.000000000000000000e+00
8.756358073746131065e-01 3.000000000000000000e+00
8.767454715995566250e-01 3.000000000000000000e+00
8.778551358245001435e-01 5.000000000000000000e+00
8.789648000494436619e-01 0.000000000000000000e+00
8.800744642743871804e-01 3.000000000000000000e+00
8.811841284993308099e-01 8.000000000000000000e+00
8.822937927242743283e-01 3.000000000000000000e+00
8.834034569492178468e-01 4.000000000000000000e+00
8.845131211741613653e-01 7.000000000000000000e+00
8.856227853991048837e-01 3.000000000000000000e+00
8.867324496240485132e-01 7.000000000000000000e+00
8.878421138489920317e-01 3.000000000000000000e+00
8.889517780739355501e-01 4.000000000000000000e+00
8.900614422988790686e-01 2.000000000000000000e+00
8.911711065238225871e-01 4.000000000000000000e+00
8.922807707487662165e-01 2.000000000000000000e+00
8.933904349737097350e-01 7.000000000000000000e+00
8.945000991986532535e-01 5.000000000000000000e+00
8.956097634235967719e-01 1.000000000000000000e+00
8.967194276485402904e-01 1.000000000000000000e+00
8.978290918734839199e-01 3.000000000000000000e+00
8.989387560984274383e-01 1.000000000000000000e+00
9.000484203233709568e-01 3.000000000000000000e+00
9.011580845483144753e-01 1.000000000000000000e+00
9.022677487732579937e-01 1.000000000000000000e+00
9.033774129982016232e-01 1.000000000000000000e+00
9.044870772231451417e-01 1.000000000000000000e+00
9.055967414480886601e-01 2.000000000000000000e+00
9.067064056730321786e-01 0.000000000000000000e+00
9.078160698979756971e-01 0.000000000000000000e+00
9.089257341229193266e-01 1.000000000000000000e+00
9.100353983478628450e-01 0.000000000000000000e+00
9.111450625728063635e-01 0.000000000000000000e+00
9.122547267977498819e-01 0.000000000000000000e+00
9.133643910226934004e-01 0.000000000000000000e+00
9.144740552476370299e-01 0.000000000000000000e+00
9.155837194725805483e-01 1.000000000000000000e+00
