#     bins                         n
-1.928665629530947334e-01 2.000000000000000000e+00
-1.845450185358880613e-01 0.000000000000000000e+00
-1.762234741186813891e-01 0.000000000000000000e+00
-1.679019297014746614e-01 3.000000000000000000e+00
-1.595803852842679893e-01 0.000000000000000000e+00
-1.512588408670613171e-01 2.000000000000000000e+00
-1.429372964498545895e-01 1.000000000000000000e+00
-1.346157520326479173e-01 2.000000000000000000e+00
-1.262942076154412452e-01 3.000000000000000000e+00
-1.179726631982345453e-01 3.000000000000000000e+00
-1.096511187810278593e-01 3.000000000000000000e+00
-1.013295743638211593e-01 7.000000000000000000e+00
-9.300802994661447332e-02 2.000000000000000000e+00
-8.468648552940778729e-02 0.000000000000000000e+00
-7.636494111220108738e-02 1.000000000000000000e+00
-6.804339669499440135e-02 4.000000000000000000e+00
-5.972185227778771532e-02 1.000000000000000000e+00
-5.140030786058101542e-02 2.000000000000000000e+00
-4.307876344337434327e-02 3.000000000000000000e+00
-3.475721902616764336e-02 2.000000000000000000e+00
-2.643567460896097121e-02 3.000000000000000000e+00
-1.811413019175427130e-02 1.000000000000000000e+00
-9.792585774547571398e-03 3.000000000000000000e+00
-1.471041357340899247e-03 2.000000000000000000e+00
6.850503059865800659e-03 0.000000000000000000e+00
1.517204747707250057e-02 4.000000000000000000e+00
2.349359189427917272e-02 5.000000000000000000e+00
3.181513631148587262e-02 5.000000000000000000e+00
4.013668072869257253e-02 4.000000000000000000e+00
4.845822514589924468e-02 2.000000000000000000e+00
5.677976956310594459e-02 3.000000000000000000e+00
6.510131398031264449e-02 0.000000000000000000e+00
7.342285839751931664e-02 2.000000000000000000e+00
8.174440281472598879e-02 2.000000000000000000e+00
9.006594723193271645e-02 2.000000000000000000e+00
9.838749164913938861e-02 2.000000000000000000e+00
1.067090360663460608e-01 0.000000000000000000e+00
1.150305804835527884e-01 3.000000000000000000e+00
1.233521249007594606e-01 4.000000000000000000e+00
1.316736693179661466e-01 1.000000000000000000e+00
1.399952137351728187e-01 3.000000000000000000e+00
1.483167581523795464e-01 4.000000000000000000e+00
1.566383025695862186e-01 0.000000000000000000e+00
1.649598469867928907e-01 0.000000000000000000e+00
1.732813914039996184e-01 0.000000000000000000e+00
1.816029358212062905e-01 1.000000000000000000e+00
1.899244802384129627e-01 0.000000000000000000e+00
1.982460246556196903e-01 1.000000000000000000e+00
2.065675690728263625e-01 0.000000000000000000e+00
2.148891134900330346e-01 2.000000000000000000e+00
