#     bins                         n
-3.005089994838681111e-01 1.000000000000000000e+00
-2.899800529844959174e-01 0.000000000000000000e+00
-2.794511064851236126e-01 0.000000000000000000e+00
-2.689221599857514189e-01 0.000000000000000000e+00
-2.583932134863792252e-01 1.000000000000000000e+00
-2.478642669870069482e-01 0.000000000000000000e+00
-2.373353204876346989e-01 0.000000000000000000e+00
-2.268063739882624497e-01 0.000000000000000000e+00
-2.162774274888902282e-01 0.000000000000000000e+00
-2.057484809895180067e-01 1.000000000000000000e+00
-1.952195344901457574e-01 1.000000000000000000e+00
-1.846905879907735082e-01 1.000000000000000000e+00
-1.741616414914012589e-01 0.000000000000000000e+00
-1.636326949920290375e-01 0.000000000000000000e+00
-1.531037484926567882e-01 2.000000000000000000e+00
-1.425748019932845667e-01 2.000000000000000000e+00
-1.320458554939123175e-01 0.000000000000000000e+00
-1.215169089945400682e-01 1.000000000000000000e+00
-1.109879624951678467e-01 0.000000000000000000e+00
-1.004590159957955975e-01 3.000000000000000000e+00
-8.993006949642337600e-02 7.000000000000000000e+00
-7.940112299705112675e-02 5.000000000000000000e+00
-6.887217649767887750e-02 3.000000000000000000e+00
-5.834322999830665601e-02 3.000000000000000000e+00
-4.781428349893437901e-02 1.000000000000000000e+00
-3.728533699956218528e-02 7.000000000000000000e+00
-2.675639050018993603e-02 4.000000000000000000e+00
-1.622744400081768679e-02 7.000000000000000000e+00
-5.698497501445437541e-03 7.000000000000000000e+00
4.830448997926811705e-03 6.000000000000000000e+00
1.535939549729900544e-02 3.000000000000000000e+00
2.588834199667125469e-02 3.000000000000000000e+00
3.641728849604350393e-02 2.000000000000000000e+00
4.694623499541575318e-02 4.000000000000000000e+00
5.747518149478800242e-02 3.000000000000000000e+00
6.800412799416019616e-02 4.000000000000000000e+00
7.853307449353244540e-02 2.000000000000000000e+00
8.906202099290469465e-02 1.000000000000000000e+00
9.959096749227694390e-02 4.000000000000000000e+00
1.101199139916491931e-01 3.000000000000000000e+00
1.206488604910213869e-01 1.000000000000000000e+00
1.311778069903936361e-01 2.000000000000000000e+00
1.417067534897658854e-01 0.000000000000000000e+00
1.522356999891381346e-01 1.000000000000000000e+00
1.627646464885103839e-01 0.000000000000000000e+00
1.732935929878826331e-01 0.000000000000000000e+00
1.838225394872548268e-01 0.000000000000000000e+00
1.943514859866270761e-01 1.000000000000000000e+00
2.048804324859993808e-01 2.000000000000000000e+00
2.154093789853715746e-01 1.000000000000000000e+00
