#     bins                         n
-2.455466830828486047e-01 3.000000000000000000e+00
-2.357750662134756592e-01 0.000000000000000000e+00
-2.260034493441027137e-01 1.000000000000000000e+00
-2.162318324747298237e-01 0.000000000000000000e+00
-2.064602156053568782e-01 0.000000000000000000e+00
-1.966885987359839327e-01 1.000000000000000000e+00
-1.869169818666110428e-01 0.000000000000000000e+00
-1.771453649972380973e-01 0.000000000000000000e+00
-1.673737481278651518e-01 1.000000000000000000e+00
-1.576021312584922618e-01 3.000000000000000000e+00
-1.478305143891193163e-01 0.000000000000000000e+00
-1.380588975197463708e-01 2.000000000000000000e+00
-1.282872806503734808e-01 1.000000000000000000e+00
-1.185156637810005215e-01 3.000000000000000000e+00
-1.087440469116276037e-01 3.000000000000000000e+00
-9.897243004225465823e-02 2.000000000000000000e+00
-8.920081317288174050e-02 4.000000000000000000e+00
-7.942919630350882276e-02 2.000000000000000000e+00
-6.965757943413587727e-02 4.000000000000000000e+00
-5.988596256476295954e-02 6.000000000000000000e+00
-5.011434569539001405e-02 3.000000000000000000e+00
-4.034272882601709631e-02 1.000000000000000000e+00
-3.057111195664417858e-02 1.000000000000000000e+00
-2.079949508727123308e-02 5.000000000000000000e+00
-1.102787821789831535e-02 4.000000000000000000e+00
-1.256261348525397614e-03 3.000000000000000000e+00
8.515355520847547877e-03 5.000000000000000000e+00
1.828697239022049337e-02 2.000000000000000000e+00
2.805858925959338335e-02 4.000000000000000000e+00
3.783020612896632884e-02 4.000000000000000000e+00
4.760182299833927433e-02 5.000000000000000000e+00
5.737343986771216431e-02 6.000000000000000000e+00
6.714505673708510980e-02 2.000000000000000000e+00
7.691667360645805529e-02 1.000000000000000000e+00
8.668829047583094527e-02 3.000000000000000000e+00
9.645990734520389076e-02 0.000000000000000000e+00
1.062315242145768363e-01 1.000000000000000000e+00
1.160031410839497262e-01 4.000000000000000000e+00
1.257747579533226578e-01 0.000000000000000000e+00
1.355463748226956033e-01 0.000000000000000000e+00
1.453179916920685488e-01 4.000000000000000000e+00
1.550896085614414388e-01 3.000000000000000000e+00
1.648612254308143843e-01 1.000000000000000000e+00
1.746328423001873298e-01 0.000000000000000000e+00
1.844044591695602198e-01 0.000000000000000000e+00
1.941760760389331653e-01 0.000000000000000000e+00
2.039476929083061107e-01 1.000000000000000000e+00
2.137193097776790007e-01 0.000000000000000000e+00
2.234909266470519462e-01 0.000000000000000000e+00
2.332625435164248917e-01 1.000000000000000000e+00
