#     bins                         n
-2.690218384265899765e+00 1.000000000000000000e+00
-2.581649110317230544e+00 2.000000000000000000e+00
-2.473079836368560880e+00 1.000000000000000000e+01
-2.364510562419891659e+00 1.700000000000000000e+01
-2.255941288471221995e+00 3.300000000000000000e+01
-2.147372014522552774e+00 5.600000000000000000e+01
-2.038802740573883110e+00 6.900000000000000000e+01
-1.930233466625213890e+00 1.090000000000000000e+02
-1.821664192676544225e+00 9.700000000000000000e+01
-1.713094918727875005e+00 1.340000000000000000e+02
-1.604525644779205562e+00 1.600000000000000000e+02
-1.495956370830536120e+00 1.400000000000000000e+02
-1.387387096881866677e+00 1.770000000000000000e+02
-1.278817822933197235e+00 1.950000000000000000e+02
-1.170248548984527792e+00 2.320000000000000000e+02
-1.061679275035858350e+00 2.510000000000000000e+02
-9.531100010871889072e-01 3.000000000000000000e+02
-8.445407271385194647e-01 3.070000000000000000e+02
-7.359714531898500223e-01 3.310000000000000000e+02
-6.274021792411805798e-01 3.520000000000000000e+02
-5.188329052925113594e-01 3.930000000000000000e+02
-4.102636313438416948e-01 3.820000000000000000e+02
-3.016943573951724744e-01 3.700000000000000000e+02
-1.931250834465028099e-01 3.900000000000000000e+02
-8.455580949783358946e-02 3.710000000000000000e+02
2.401346445083607506e-02 3.350000000000000000e+02
1.325827383995052955e-01 3.790000000000000000e+02
2.411520123481749600e-01 3.670000000000000000e+02
3.497212862968441804e-01 3.400000000000000000e+02
4.582905602455138450e-01 3.540000000000000000e+02
5.668598341941830654e-01 3.030000000000000000e+02
6.754291081428527299e-01 3.210000000000000000e+02
7.839983820915219503e-01 3.210000000000000000e+02
8.925676560401911708e-01 3.150000000000000000e+02
1.001136929988860835e+00 2.870000000000000000e+02
1.109706203937530056e+00 3.000000000000000000e+02
1.218275477886199720e+00 2.760000000000000000e+02
1.326844751834869385e+00 2.280000000000000000e+02
1.435414025783538605e+00 2.200000000000000000e+02
1.543983299732207826e+00 1.830000000000000000e+02
1.652552573680877046e+00 1.440000000000000000e+02
1.761121847629547155e+00 1.070000000000000000e+02
1.869691121578216375e+00 6.800000000000000000e+01
1.978260395526885596e+00 5.400000000000000000e+01
2.086829669475554816e+00 4.000000000000000000e+01
2.195398943424224925e+00 3.700000000000000000e+01
2.303968217372894145e+00 2.100000000000000000e+01
2.412537491321563365e+00 1.500000000000000000e+01
2.521106765270232586e+00 5.000000000000000000e+00
2.629676039218901806e+00 4.000000000000000000e+00
