#     bins                         n
8.695342455664338832e-01 3.000000000000000000e+00
8.707179490675076572e-01 1.000000000000000000e+00
8.719016525685814312e-01 0.000000000000000000e+00
8.730853560696554272e-01 0.000000000000000000e+00
8.742690595707292012e-01 1.000000000000000000e+00
8.754527630718029751e-01 0.000000000000000000e+00
8.766364665728769712e-01 2.000000000000000000e+00
8.778201700739507451e-01 2.000000000000000000e+00
8.790038735750245191e-01 3.000000000000000000e+00
8.801875770760985151e-01 1.000000000000000000e+00
8.813712805771722891e-01 3.000000000000000000e+00
8.825549840782460631e-01 3.000000000000000000e+00
8.837386875793198371e-01 3.000000000000000000e+00
8.849223910803938331e-01 1.000000000000000000e+00
8.861060945814676071e-01 5.000000000000000000e+00
8.872897980825413811e-01 5.000000000000000000e+00
8.884735015836153771e-01 3.000000000000000000e+00
8.896572050846891511e-01 2.000000000000000000e+00
8.908409085857629250e-01 5.000000000000000000e+00
8.920246120868369211e-01 4.000000000000000000e+00
8.932083155879106950e-01 3.000000000000000000e+00
8.943920190889844690e-01 4.000000000000000000e+00
8.955757225900584650e-01 0.000000000000000000e+00
8.967594260911322390e-01 4.000000000000000000e+00
8.979431295922060130e-01 2.000000000000000000e+00
8.991268330932797870e-01 2.000000000000000000e+00
9.003105365943537830e-01 8.000000000000000000e+00
9.014942400954275570e-01 4.000000000000000000e+00
9.026779435965013310e-01 2.000000000000000000e+00
9.038616470975753270e-01 1.000000000000000000e+00
9.050453505986491010e-01 3.000000000000000000e+00
9.062290540997228749e-01 3.000000000000000000e+00
9.074127576007968710e-01 2.000000000000000000e+00
9.085964611018706449e-01 3.000000000000000000e+00
9.097801646029444189e-01 3.000000000000000000e+00
9.109638681040184149e-01 0.000000000000000000e+00
9.121475716050921889e-01 0.000000000000000000e+00
9.133312751061659629e-01 1.000000000000000000e+00
9.145149786072399589e-01 1.000000000000000000e+00
9.156986821083137329e-01 0.000000000000000000e+00
9.168823856093875069e-01 0.000000000000000000e+00
9.180660891104612809e-01 3.000000000000000000e+00
9.192497926115352769e-01 1.000000000000000000e+00
9.204334961126090509e-01 1.000000000000000000e+00
9.216171996136828248e-01 0.000000000000000000e+00
9.228009031147568209e-01 1.000000000000000000e+00
9.239846066158305948e-01 0.000000000000000000e+00
9.251683101169043688e-01 0.000000000000000000e+00
9.263520136179783648e-01 0.000000000000000000e+00
9.275357171190521388e-01 1.000000000000000000e+00
