#     bins                         n
8.539203715176909570e-01 1.000000000000000000e+00
8.551530842534941224e-01 1.000000000000000000e+00
8.563857969892972877e-01 0.000000000000000000e+00
8.576185097251004530e-01 0.000000000000000000e+00
8.588512224609037293e-01 0.000000000000000000e+00
8.600839351967068946e-01 0.000000000000000000e+00
8.613166479325100600e-01 0.000000000000000000e+00
8.625493606683132253e-01 0.000000000000000000e+00
8.637820734041163906e-01 1.000000000000000000e+00
8.650147861399195559e-01 3.000000000000000000e+00
8.662474988757227212e-01 3.000000000000000000e+00
8.674802116115259976e-01 1.000000000000000000e+00
8.687129243473291629e-01 1.000000000000000000e+00
8.699456370831323282e-01 1.000000000000000000e+00
8.711783498189354935e-01 3.000000000000000000e+00
8.724110625547386588e-01 0.000000000000000000e+00
8.736437752905418241e-01 0.000000000000000000e+00
8.748764880263449895e-01 2.000000000000000000e+00
8.761092007621482658e-01 1.000000000000000000e+00
8.773419134979514311e-01 4.000000000000000000e+00
8.785746262337545964e-01 4.000000000000000000e+00
8.798073389695577617e-01 2.000000000000000000e+00
8.810400517053609271e-01 3.000000000000000000e+00
8.822727644411640924e-01 3.000000000000000000e+00
8.835054771769672577e-01 2.000000000000000000e+00
8.847381899127704230e-01 5.000000000000000000e+00
8.859709026485736993e-01 2.000000000000000000e+00
8.872036153843768647e-01 1.000000000000000000e+00
8.884363281201800300e-01 3.000000000000000000e+00
8.896690408559831953e-01 4.000000000000000000e+00
8.909017535917863606e-01 4.000000000000000000e+00
8.921344663275895259e-01 3.000000000000000000e+00
8.933671790633928023e-01 5.000000000000000000e+00
8.945998917991959676e-01 3.000000000000000000e+00
8.958326045349991329e-01 1.000000000000000000e+00
8.970653172708022982e-01 5.000000000000000000e+00
8.982980300066054635e-01 5.000000000000000000e+00
8.995307427424086288e-01 4.000000000000000000e+00
9.007634554782117942e-01 1.000000000000000000e+00
9.019961682140149595e-01 4.000000000000000000e+00
9.032288809498182358e-01 1.000000000000000000e+00
9.044615936856214011e-01 2.000000000000000000e+00
9.056943064214245664e-01 3.000000000000000000e+00
9.069270191572277318e-01 2.000000000000000000e+00
9.081597318930308971e-01 3.000000000000000000e+00
9.093924446288340624e-01 1.000000000000000000e+00
9.106251573646373387e-01 1.000000000000000000e+00
9.118578701004405040e-01 0.000000000000000000e+00
9.130905828362436694e-01 0.000000000000000000e+00
9.143232955720468347e-01 1.000000000000000000e+00
