#     bins                         n
8.663322479229822459e-01 1.000000000000000000e+00
8.672589053968156048e-01 1.000000000000000000e+00
8.681855628706488526e-01 0.000000000000000000e+00
8.691122203444822114e-01 0.000000000000000000e+00
8.700388778183155702e-01 1.000000000000000000e+00
8.709655352921488181e-01 0.000000000000000000e+00
8.718921927659821769e-01 1.000000000000000000e+00
8.728188502398155357e-01 0.000000000000000000e+00
8.737455077136488946e-01 1.000000000000000000e+00
8.746721651874821424e-01 3.000000000000000000e+00
8.755988226613155012e-01 1.000000000000000000e+00
8.765254801351488601e-01 0.000000000000000000e+00
8.774521376089821079e-01 2.000000000000000000e+00
8.783787950828154667e-01 0.000000000000000000e+00
8.793054525566488255e-01 3.000000000000000000e+00
8.802321100304821844e-01 1.000000000000000000e+00
8.811587675043154322e-01 4.000000000000000000e+00
8.820854249781487910e-01 2.000000000000000000e+00
8.830120824519821499e-01 5.000000000000000000e+00
8.839387399258153977e-01 3.000000000000000000e+00
8.848653973996487565e-01 1.000000000000000000e+00
8.857920548734821153e-01 2.000000000000000000e+00
8.867187123473153632e-01 3.000000000000000000e+00
8.876453698211487220e-01 0.000000000000000000e+00
8.885720272949820808e-01 2.000000000000000000e+00
8.894986847688153286e-01 1.000000000000000000e+00
8.904253422426486875e-01 3.000000000000000000e+00
8.913519997164820463e-01 6.000000000000000000e+00
8.922786571903154051e-01 2.000000000000000000e+00
8.932053146641486530e-01 1.000000000000000000e+00
8.941319721379820118e-01 5.000000000000000000e+00
8.950586296118153706e-01 2.000000000000000000e+00
8.959852870856486184e-01 3.000000000000000000e+00
8.969119445594819773e-01 4.000000000000000000e+00
8.978386020333153361e-01 1.000000000000000000e+00
8.987652595071486950e-01 2.000000000000000000e+00
8.996919169809819428e-01 5.000000000000000000e+00
9.006185744548153016e-01 6.000000000000000000e+00
9.015452319286486604e-01 5.000000000000000000e+00
9.024718894024819082e-01 0.000000000000000000e+00
9.033985468763152671e-01 2.000000000000000000e+00
9.043252043501486259e-01 4.000000000000000000e+00
9.052518618239818737e-01 2.000000000000000000e+00
9.061785192978152326e-01 1.000000000000000000e+00
9.071051767716485914e-01 3.000000000000000000e+00
9.080318342454818392e-01 2.000000000000000000e+00
9.089584917193151981e-01 0.000000000000000000e+00
9.098851491931485569e-01 2.000000000000000000e+00
9.108118066669819157e-01 0.000000000000000000e+00
9.117384641408151635e-01 1.000000000000000000e+00
