#     bins                         n
-2.389380854308960078e-01 1.000000000000000000e+00
-2.287269961365668292e-01 0.000000000000000000e+00
-2.185159068422376505e-01 0.000000000000000000e+00
-2.083048175479084718e-01 0.000000000000000000e+00
-1.980937282535792932e-01 0.000000000000000000e+00
-1.878826389592501145e-01 2.000000000000000000e+00
-1.776715496649209358e-01 0.000000000000000000e+00
-1.674604603705917572e-01 2.000000000000000000e+00
-1.572493710762625785e-01 1.000000000000000000e+00
-1.470382817819333998e-01 0.000000000000000000e+00
-1.368271924876042211e-01 2.000000000000000000e+00
-1.266161031932750425e-01 4.000000000000000000e+00
-1.164050138989458638e-01 0.000000000000000000e+00
-1.061939246046166851e-01 1.000000000000000000e+00
-9.598283531028750648e-02 3.000000000000000000e+00
-8.577174601595832781e-02 3.000000000000000000e+00
-7.556065672162914915e-02 5.000000000000000000e+00
-6.534956742729997048e-02 4.000000000000000000e+00
-5.513847813297079181e-02 5.000000000000000000e+00
-4.492738883864161314e-02 4.000000000000000000e+00
-3.471629954431243448e-02 2.000000000000000000e+00
-2.450521024998325581e-02 5.000000000000000000e+00
-1.429412095565407714e-02 1.000000000000000000e+00
-4.083031661324898476e-03 2.000000000000000000e+00
6.128057633004280191e-03 3.000000000000000000e+00
1.633914692733345886e-02 6.000000000000000000e+00
2.655023622166263753e-02 3.000000000000000000e+00
3.676132551599181619e-02 2.000000000000000000e+00
4.697241481032099486e-02 9.000000000000000000e+00
5.718350410465017353e-02 3.000000000000000000e+00
6.739459339897935219e-02 4.000000000000000000e+00
7.760568269330853086e-02 2.000000000000000000e+00
8.781677198763770953e-02 4.000000000000000000e+00
9.802786128196688820e-02 4.000000000000000000e+00
1.082389505762960669e-01 1.000000000000000000e+00
1.184500398706252455e-01 1.000000000000000000e+00
1.286611291649544242e-01 1.000000000000000000e+00
1.388722184592836029e-01 1.000000000000000000e+00
1.490833077536127815e-01 1.000000000000000000e+00
1.592943970479419602e-01 2.000000000000000000e+00
1.695054863422711389e-01 0.000000000000000000e+00
1.797165756366003175e-01 1.000000000000000000e+00
1.899276649309294962e-01 0.000000000000000000e+00
2.001387542252586749e-01 1.000000000000000000e+00
2.103498435195878535e-01 1.000000000000000000e+00
2.205609328139170322e-01 2.000000000000000000e+00
2.307720221082462109e-01 0.000000000000000000e+00
2.409831114025753895e-01 0.000000000000000000e+00
2.511942006969045682e-01 0.000000000000000000e+00
2.614052899912338024e-01 1.000000000000000000e+00
