#     bins                         n
-2.477929844856261887e+00 1.000000000000000000e+00
-2.366890234947204519e+00 4.000000000000000000e+00
-2.255850625038147150e+00 1.000000000000000000e+01
-2.144811015129088894e+00 2.600000000000000000e+01
-2.033771405220031525e+00 5.600000000000000000e+01
-1.922731795310973935e+00 6.300000000000000000e+01
-1.811692185401916344e+00 8.800000000000000000e+01
-1.700652575492858753e+00 8.200000000000000000e+01
-1.589612965583801163e+00 1.130000000000000000e+02
-1.478573355674743572e+00 1.050000000000000000e+02
-1.367533745765685982e+00 1.510000000000000000e+02
-1.256494135856628391e+00 1.990000000000000000e+02
-1.145454525947570579e+00 2.620000000000000000e+02
-1.034414916038512988e+00 3.520000000000000000e+02
-9.233753061294553977e-01 3.750000000000000000e+02
-8.123356962203978071e-01 3.830000000000000000e+02
-7.012960863113402166e-01 3.620000000000000000e+02
-5.902564764022826260e-01 3.270000000000000000e+02
-4.792168664932250355e-01 3.500000000000000000e+02
-3.681772565841672229e-01 3.560000000000000000e+02
-2.571376466751098544e-01 4.010000000000000000e+02
-1.460980367660520418e-01 3.840000000000000000e+02
-3.505842685699467332e-02 3.640000000000000000e+02
7.598118305206313927e-02 3.750000000000000000e+02
1.870207929611209519e-01 3.760000000000000000e+02
2.980604028701783204e-01 3.510000000000000000e+02
4.091000127792361329e-01 3.550000000000000000e+02
5.201396226882935014e-01 3.370000000000000000e+02
6.311792325973513140e-01 3.480000000000000000e+02
7.422188425064086825e-01 3.010000000000000000e+02
8.532584524154664951e-01 3.110000000000000000e+02
9.642980623245238636e-01 2.900000000000000000e+02
1.075337672233581676e+00 2.580000000000000000e+02
1.186377282142639489e+00 2.450000000000000000e+02
1.297416892051696857e+00 2.680000000000000000e+02
1.408456501960754670e+00 2.420000000000000000e+02
1.519496111869812038e+00 1.930000000000000000e+02
1.630535721778869407e+00 1.930000000000000000e+02
1.741575331687927664e+00 1.980000000000000000e+02
1.852614941596985032e+00 1.700000000000000000e+02
1.963654551506042401e+00 1.070000000000000000e+02
2.074694161415100879e+00 1.110000000000000000e+02
2.185733771324158248e+00 3.900000000000000000e+01
2.296773381233215616e+00 1.700000000000000000e+01
2.407812991142272985e+00 9.000000000000000000e+00
2.518852601051331241e+00 4.000000000000000000e+00
2.629892210960388610e+00 0.000000000000000000e+00
2.740931820869445978e+00 0.000000000000000000e+00
2.851971430778504235e+00 0.000000000000000000e+00
2.963011040687561604e+00 1.000000000000000000e+00
