#     bins                         n
-2.764116265773773229e+00 1.100000000000000000e+01
-2.649704868793487655e+00 1.200000000000000000e+01
-2.535293471813202082e+00 1.400000000000000000e+01
-2.420882074832916508e+00 1.800000000000000000e+01
-2.306470677852630491e+00 3.400000000000000000e+01
-2.192059280872344917e+00 5.400000000000000000e+01
-2.077647883892059344e+00 6.400000000000000000e+01
-1.963236486911773770e+00 7.800000000000000000e+01
-1.848825089931488197e+00 8.000000000000000000e+01
-1.734413692951202401e+00 1.050000000000000000e+02
-1.620002295970916828e+00 1.280000000000000000e+02
-1.505590898990631255e+00 1.530000000000000000e+02
-1.391179502010345459e+00 1.960000000000000000e+02
-1.276768105030059886e+00 2.330000000000000000e+02
-1.162356708049774312e+00 2.230000000000000000e+02
-1.047945311069488517e+00 2.800000000000000000e+02
-9.335339140892029430e-01 2.970000000000000000e+02
-8.191225171089173696e-01 3.170000000000000000e+02
-7.047111201286315740e-01 3.030000000000000000e+02
-5.902997231483460006e-01 3.760000000000000000e+02
-4.758883261680604271e-01 3.690000000000000000e+02
-3.614769291877748536e-01 4.290000000000000000e+02
-2.470655322074892801e-01 4.170000000000000000e+02
-1.326541352272032626e-01 4.180000000000000000e+02
-1.824273824691768908e-02 3.990000000000000000e+02
9.616865873336788439e-02 4.080000000000000000e+02
2.105800557136534579e-01 4.220000000000000000e+02
3.249914526939390313e-01 4.660000000000000000e+02
4.394028496742246048e-01 3.980000000000000000e+02
5.538142466545106224e-01 3.560000000000000000e+02
6.682256436347961959e-01 3.320000000000000000e+02
7.826370406150817693e-01 3.260000000000000000e+02
8.970484375953673428e-01 3.080000000000000000e+02
1.011459834575652916e+00 2.840000000000000000e+02
1.125871231555938490e+00 2.710000000000000000e+02
1.240282628536224507e+00 2.540000000000000000e+02
1.354694025516510081e+00 1.950000000000000000e+02
1.469105422496795654e+00 1.930000000000000000e+02
1.583516819477081228e+00 1.470000000000000000e+02
1.697928216457366801e+00 1.220000000000000000e+02
1.812339613437652375e+00 1.110000000000000000e+02
1.926751010417937948e+00 9.900000000000000000e+01
2.041162407398223522e+00 6.600000000000000000e+01
2.155573804378509095e+00 4.300000000000000000e+01
2.269985201358794669e+00 3.600000000000000000e+01
2.384396598339081130e+00 2.300000000000000000e+01
2.498807995319366704e+00 8.000000000000000000e+00
2.613219392299652277e+00 9.000000000000000000e+00
2.727630789279937851e+00 4.000000000000000000e+00
2.842042186260223424e+00 3.000000000000000000e+00
