#     bins                         n
-2.767978594303131423e+00 7.000000000000000000e+00
-2.651870505809784007e+00 8.000000000000000000e+00
-2.535762417316436590e+00 1.200000000000000000e+01
-2.419654328823090061e+00 3.200000000000000000e+01
-2.303546240329742645e+00 2.900000000000000000e+01
-2.187438151836395228e+00 4.100000000000000000e+01
-2.071330063343048700e+00 6.300000000000000000e+01
-1.955221974849701061e+00 8.500000000000000000e+01
-1.839113886356353866e+00 1.060000000000000000e+02
-1.723005797863006672e+00 1.500000000000000000e+02
-1.606897709369659477e+00 1.360000000000000000e+02
-1.490789620876312283e+00 1.500000000000000000e+02
-1.374681532382965310e+00 1.990000000000000000e+02
-1.258573443889618115e+00 2.250000000000000000e+02
-1.142465355396270921e+00 2.570000000000000000e+02
-1.026357266902923726e+00 2.900000000000000000e+02
-9.102491784095765315e-01 3.060000000000000000e+02
-7.941410899162293369e-01 3.400000000000000000e+02
-6.780330014228821423e-01 3.610000000000000000e+02
-5.619249129295351697e-01 3.990000000000000000e+02
-4.458168244361877530e-01 4.100000000000000000e+02
-3.297087359428407805e-01 3.750000000000000000e+02
-2.136006474494933638e-01 4.070000000000000000e+02
-9.749255895614639122e-02 4.270000000000000000e+02
1.861552953720058134e-02 4.350000000000000000e+02
1.347236180305479980e-01 4.270000000000000000e+02
2.508317065238949706e-01 4.390000000000000000e+02
3.669397950172423872e-01 4.210000000000000000e+02
4.830478835105893598e-01 3.780000000000000000e+02
5.991559720039367765e-01 3.920000000000000000e+02
7.152640604972837490e-01 3.250000000000000000e+02
8.313721489906311657e-01 3.290000000000000000e+02
9.474802374839781383e-01 2.960000000000000000e+02
1.063588325977325111e+00 2.960000000000000000e+02
1.179696414470672527e+00 2.260000000000000000e+02
1.295804502964019500e+00 2.130000000000000000e+02
1.411912591457366917e+00 1.900000000000000000e+02
1.528020679950714333e+00 1.320000000000000000e+02
1.644128768444060862e+00 1.400000000000000000e+02
1.760236856937408279e+00 1.170000000000000000e+02
1.876344945430755695e+00 8.600000000000000000e+01
1.992453033924102224e+00 7.600000000000000000e+01
2.108561122417449418e+00 4.200000000000000000e+01
2.224669210910796835e+00 4.600000000000000000e+01
2.340777299404144252e+00 2.900000000000000000e+01
2.456885387897490780e+00 2.500000000000000000e+01
2.572993476390838197e+00 1.400000000000000000e+01
2.689101564884185613e+00 4.000000000000000000e+00
2.805209653377532142e+00 4.000000000000000000e+00
2.921317741870879559e+00 3.000000000000000000e+00
