#     bins                         n
-1.739246799592198689e-01 1.000000000000000000e+00
-1.653401864410107003e-01 0.000000000000000000e+00
-1.567556929228015317e-01 1.000000000000000000e+00
-1.481711994045923630e-01 0.000000000000000000e+00
-1.395867058863831944e-01 1.000000000000000000e+00
-1.310022123681740258e-01 0.000000000000000000e+00
-1.224177188499648572e-01 1.000000000000000000e+00
-1.138332253317557025e-01 0.000000000000000000e+00
-1.052487318135465338e-01 0.000000000000000000e+00
-9.666423829533736523e-02 5.000000000000000000e+00
-8.807974477712819661e-02 5.000000000000000000e+00
-7.949525125891902799e-02 2.000000000000000000e+00
-7.091075774070987325e-02 2.000000000000000000e+00
-6.232626422250070464e-02 1.000000000000000000e+00
-5.374177070429153602e-02 2.000000000000000000e+00
-4.515727718608236740e-02 5.000000000000000000e+00
-3.657278366787319879e-02 3.000000000000000000e+00
-2.798829014966403017e-02 3.000000000000000000e+00
-1.940379663145486155e-02 6.000000000000000000e+00
-1.081930311324569294e-02 2.000000000000000000e+00
-2.234809595036524321e-03 3.000000000000000000e+00
6.349683923172644295e-03 4.000000000000000000e+00
1.493417744138181291e-02 1.000000000000000000e+00
2.351867095959098153e-02 3.000000000000000000e+00
3.210316447780012239e-02 1.000000000000000000e+00
4.068765799600929101e-02 8.000000000000000000e+00
4.927215151421845962e-02 5.000000000000000000e+00
5.785664503242762824e-02 3.000000000000000000e+00
6.644113855063679686e-02 3.000000000000000000e+00
7.502563206884596547e-02 4.000000000000000000e+00
8.361012558705513409e-02 3.000000000000000000e+00
9.219461910526430271e-02 2.000000000000000000e+00
1.007791126234734713e-01 6.000000000000000000e+00
1.093636061416826399e-01 0.000000000000000000e+00
1.179480996598918086e-01 2.000000000000000000e+00
1.265325931781009772e-01 2.000000000000000000e+00
1.351170866963101458e-01 1.000000000000000000e+00
1.437015802145193144e-01 1.000000000000000000e+00
1.522860737327284830e-01 1.000000000000000000e+00
1.608705672509376516e-01 0.000000000000000000e+00
1.694550607691468203e-01 0.000000000000000000e+00
1.780395542873559889e-01 4.000000000000000000e+00
1.866240478055651575e-01 0.000000000000000000e+00
1.952085413237743261e-01 0.000000000000000000e+00
2.037930348419834947e-01 0.000000000000000000e+00
2.123775283601926633e-01 1.000000000000000000e+00
2.209620218784018320e-01 0.000000000000000000e+00
2.295465153966110006e-01 1.000000000000000000e+00
2.381310089148201137e-01 0.000000000000000000e+00
2.467155024330292823e-01 1.000000000000000000e+00
