#     bins                         n
-3.231566309928894043e+00 1.000000000000000000e+00
-3.099296212196350098e+00 3.000000000000000000e+00
-2.967026114463806152e+00 4.000000000000000000e+00
-2.834756016731262207e+00 8.000000000000000000e+00
-2.702485918998718262e+00 1.200000000000000000e+01
-2.570215821266174316e+00 2.600000000000000000e+01
-2.437945723533630371e+00 3.300000000000000000e+01
-2.305675625801086426e+00 3.800000000000000000e+01
-2.173405528068542480e+00 4.700000000000000000e+01
-2.041135430335998535e+00 7.400000000000000000e+01
-1.908865332603454590e+00 9.900000000000000000e+01
-1.776595234870910645e+00 1.080000000000000000e+02
-1.644325137138366699e+00 1.510000000000000000e+02
-1.512055039405822754e+00 1.720000000000000000e+02
-1.379784941673278809e+00 2.110000000000000000e+02
-1.247514843940734863e+00 2.270000000000000000e+02
-1.115244746208190918e+00 3.100000000000000000e+02
-9.829746484756469727e-01 3.230000000000000000e+02
-8.507045507431030273e-01 3.800000000000000000e+02
-7.184344530105590820e-01 3.730000000000000000e+02
-5.861643552780151367e-01 4.130000000000000000e+02
-4.538942575454711914e-01 4.670000000000000000e+02
-3.216241598129272461e-01 4.350000000000000000e+02
-1.893540620803833008e-01 5.620000000000000000e+02
-5.708396434783935547e-02 5.300000000000000000e+02
7.518613338470458984e-02 5.070000000000000000e+02
2.074562311172485352e-01 4.860000000000000000e+02
3.397263288497924805e-01 4.630000000000000000e+02
4.719964265823364258e-01 5.010000000000000000e+02
6.042665243148803711e-01 3.890000000000000000e+02
7.365366220474243164e-01 4.090000000000000000e+02
8.688067197799682617e-01 3.540000000000000000e+02
1.001076817512512207e+00 3.140000000000000000e+02
1.133346915245056152e+00 2.810000000000000000e+02
1.265617012977600098e+00 2.350000000000000000e+02
1.397887110710144043e+00 2.140000000000000000e+02
1.530157208442687988e+00 1.980000000000000000e+02
1.662427306175231934e+00 1.460000000000000000e+02
1.794697403907775879e+00 1.050000000000000000e+02
1.926967501640319824e+00 8.900000000000000000e+01
2.059237599372863770e+00 7.400000000000000000e+01
2.191507697105407715e+00 5.100000000000000000e+01
2.323777794837951660e+00 4.100000000000000000e+01
2.456047892570495605e+00 1.600000000000000000e+01
2.588317990303039551e+00 1.300000000000000000e+01
2.720588088035583496e+00 5.000000000000000000e+00
2.852858185768127441e+00 8.000000000000000000e+00
2.985128283500671387e+00 5.000000000000000000e+00
3.117398381233215332e+00 3.000000000000000000e+00
3.249668478965759277e+00 1.000000000000000000e+00
