#     bins                         n
-3.123744430541992134e+00 8.000000000000000000e+00
-2.992649860382079918e+00 6.000000000000000000e+00
-2.861555290222167702e+00 1.000000000000000000e+01
-2.730460720062255930e+00 1.700000000000000000e+01
-2.599366149902343714e+00 2.100000000000000000e+01
-2.468271579742431499e+00 2.900000000000000000e+01
-2.337177009582519727e+00 2.300000000000000000e+01
-2.206082439422607511e+00 5.400000000000000000e+01
-2.074987869262695295e+00 6.500000000000000000e+01
-1.943893299102783079e+00 6.600000000000000000e+01
-1.812798728942871085e+00 8.800000000000000000e+01
-1.681704158782959091e+00 1.290000000000000000e+02
-1.550609588623046875e+00 1.680000000000000000e+02
-1.419515018463134659e+00 1.620000000000000000e+02
-1.288420448303222665e+00 2.030000000000000000e+02
-1.157325878143310671e+00 2.730000000000000000e+02
-1.026231307983398455e+00 2.830000000000000000e+02
-8.951367378234862393e-01 3.520000000000000000e+02
-7.640421676635740234e-01 3.990000000000000000e+02
-6.329475975036622515e-01 3.900000000000000000e+02
-5.018530273437500355e-01 4.340000000000000000e+02
-3.707584571838378196e-01 4.680000000000000000e+02
-2.396638870239260477e-01 5.180000000000000000e+02
-1.085693168640138317e-01 5.650000000000000000e+02
2.252525329589838421e-02 5.360000000000000000e+02
1.536198234558106002e-01 5.550000000000000000e+02
2.847143936157228161e-01 5.350000000000000000e+02
4.158089637756345880e-01 4.370000000000000000e+02
5.469035339355468039e-01 4.350000000000000000e+02
6.779981040954590199e-01 4.330000000000000000e+02
8.090926742553707918e-01 3.550000000000000000e+02
9.401872444152830077e-01 3.330000000000000000e+02
1.071281814575195224e+00 2.690000000000000000e+02
1.202376384735107440e+00 2.330000000000000000e+02
1.333470954895019656e+00 2.180000000000000000e+02
1.464565525054931872e+00 1.680000000000000000e+02
1.595660095214844088e+00 1.510000000000000000e+02
1.726754665374755415e+00 1.000000000000000000e+02
1.857849235534667631e+00 8.800000000000000000e+01
1.988943805694579847e+00 9.400000000000000000e+01
2.120038375854492063e+00 6.500000000000000000e+01
2.251132946014404279e+00 4.800000000000000000e+01
2.382227516174316495e+00 4.900000000000000000e+01
2.513322086334228711e+00 4.100000000000000000e+01
2.644416656494140039e+00 2.100000000000000000e+01
2.775511226654052255e+00 1.400000000000000000e+01
2.906605796813964471e+00 8.000000000000000000e+00
3.037700366973876687e+00 4.000000000000000000e+00
3.168794937133788903e+00 1.000000000000000000e+00
3.299889507293701119e+00 1.000000000000000000e+00
