#     bins                         n
-3.421050512790679843e+00 1.000000000000000000e+00
-3.288828265666961403e+00 0.000000000000000000e+00
-3.156606018543243408e+00 0.000000000000000000e+00
-3.024383771419524969e+00 3.000000000000000000e+00
-2.892161524295806974e+00 3.000000000000000000e+00
-2.759939277172088534e+00 1.100000000000000000e+01
-2.627717030048370095e+00 1.400000000000000000e+01
-2.495494782924651656e+00 2.400000000000000000e+01
-2.363272535800933660e+00 3.700000000000000000e+01
-2.231050288677215665e+00 5.700000000000000000e+01
-2.098828041553497226e+00 6.600000000000000000e+01
-1.966605794429778786e+00 7.700000000000000000e+01
-1.834383547306060569e+00 1.150000000000000000e+02
-1.702161300182342352e+00 1.550000000000000000e+02
-1.569939053058623912e+00 1.650000000000000000e+02
-1.437716805934905695e+00 2.120000000000000000e+02
-1.305494558811187478e+00 2.580000000000000000e+02
-1.173272311687469038e+00 2.770000000000000000e+02
-1.041050064563751043e+00 3.000000000000000000e+02
-9.088278174400326037e-01 3.390000000000000000e+02
-7.766055703163146084e-01 3.970000000000000000e+02
-6.443833231925961691e-01 4.160000000000000000e+02
-5.121610760688777297e-01 4.020000000000000000e+02
-3.799388289451597345e-01 4.300000000000000000e+02
-2.477165818214412951e-01 5.020000000000000000e+02
-1.154943346977228558e-01 5.180000000000000000e+02
1.672791242599513950e-02 5.650000000000000000e+02
1.489501595497135789e-01 5.210000000000000000e+02
2.811724066734320182e-01 4.740000000000000000e+02
4.133946537971500135e-01 4.370000000000000000e+02
5.456169009208684528e-01 4.490000000000000000e+02
6.778391480445864481e-01 3.890000000000000000e+02
8.100613951683048874e-01 3.470000000000000000e+02
9.422836422920233268e-01 3.700000000000000000e+02
1.074505889415741766e+00 2.870000000000000000e+02
1.206728136539459317e+00 2.500000000000000000e+02
1.338950383663177757e+00 2.340000000000000000e+02
1.471172630786896196e+00 1.760000000000000000e+02
1.603394877910614635e+00 1.720000000000000000e+02
1.735617125034333075e+00 1.270000000000000000e+02
1.867839372158050626e+00 9.400000000000000000e+01
2.000061619281769065e+00 8.100000000000000000e+01
2.132283866405487505e+00 6.500000000000000000e+01
2.264506113529205944e+00 2.700000000000000000e+01
2.396728360652924383e+00 2.400000000000000000e+01
2.528950607776642823e+00 2.700000000000000000e+01
2.661172854900360374e+00 6.000000000000000000e+00
2.793395102024078813e+00 6.000000000000000000e+00
2.925617349147797253e+00 3.000000000000000000e+00
3.057839596271515692e+00 1.000000000000000000e+00
