#     bins                         n
-2.707160010337829270e+00 4.000000000000000000e+00
-2.599828763008117605e+00 7.000000000000000000e+00
-2.492497515678405939e+00 1.300000000000000000e+01
-2.385166268348693386e+00 2.500000000000000000e+01
-2.277835021018981720e+00 2.900000000000000000e+01
-2.170503773689270055e+00 4.800000000000000000e+01
-2.063172526359557502e+00 4.600000000000000000e+01
-1.955841279029846058e+00 7.700000000000000000e+01
-1.848510031700134171e+00 9.200000000000000000e+01
-1.741178784370422283e+00 9.700000000000000000e+01
-1.633847537040710396e+00 1.470000000000000000e+02
-1.526516289710998509e+00 1.580000000000000000e+02
-1.419185042381286399e+00 1.780000000000000000e+02
-1.311853795051574512e+00 2.170000000000000000e+02
-1.204522547721862624e+00 2.470000000000000000e+02
-1.097191300392150737e+00 2.560000000000000000e+02
-9.898600530624388494e-01 2.910000000000000000e+02
-8.825288057327269620e-01 3.200000000000000000e+02
-7.751975584030150745e-01 3.110000000000000000e+02
-6.678663110733029651e-01 3.300000000000000000e+02
-5.605350637435912997e-01 3.140000000000000000e+02
-4.532038164138791903e-01 3.350000000000000000e+02
-3.458725690841675249e-01 3.740000000000000000e+02
-2.385413217544554154e-01 3.740000000000000000e+02
-1.312100744247433060e-01 3.710000000000000000e+02
-2.387882709503164058e-02 3.910000000000000000e+02
8.345242023468046888e-02 3.650000000000000000e+02
1.907836675643921343e-01 3.800000000000000000e+02
2.981149148941042437e-01 3.810000000000000000e+02
4.054461622238159091e-01 3.530000000000000000e+02
5.127774095535280185e-01 3.600000000000000000e+02
6.201086568832396839e-01 3.440000000000000000e+02
7.274399042129517934e-01 3.050000000000000000e+02
8.347711515426639028e-01 3.250000000000000000e+02
9.421023988723755682e-01 2.850000000000000000e+02
1.049433646202087678e+00 2.470000000000000000e+02
1.156764893531799343e+00 2.270000000000000000e+02
1.264096140861511453e+00 2.420000000000000000e+02
1.371427388191223562e+00 2.130000000000000000e+02
1.478758635520935227e+00 1.990000000000000000e+02
1.586089882850646893e+00 1.470000000000000000e+02
1.693421130180359446e+00 1.260000000000000000e+02
1.800752377510071112e+00 1.100000000000000000e+02
1.908083624839782777e+00 9.500000000000000000e+01
2.015414872169494664e+00 7.100000000000000000e+01
2.122746119499207218e+00 3.700000000000000000e+01
2.230077366828918883e+00 1.900000000000000000e+01
2.337408614158630549e+00 2.400000000000000000e+01
2.444739861488343102e+00 1.000000000000000000e+01
2.552071108818054768e+00 8.000000000000000000e+00
