#     bins                         n
4.190066713839769863e-02 4.700000000000000000e+01
9.369556631892921039e-02 1.020000000000000000e+02
1.454904654994607083e-01 1.500000000000000000e+02
1.972853646799921923e-01 1.950000000000000000e+02
2.490802638605237318e-01 2.320000000000000000e+02
3.008751630410552158e-01 2.930000000000000000e+02
3.526700622215866998e-01 3.170000000000000000e+02
4.044649614021182393e-01 3.590000000000000000e+02
4.562598605826497233e-01 3.730000000000000000e+02
5.080547597631812629e-01 3.790000000000000000e+02
5.598496589437127469e-01 4.270000000000000000e+02
6.116445581242442309e-01 3.970000000000000000e+02
6.634394573047757149e-01 4.360000000000000000e+02
7.152343564853071989e-01 4.290000000000000000e+02
7.670292556658387939e-01 3.890000000000000000e+02
8.188241548463702779e-01 4.250000000000000000e+02
8.706190540269017619e-01 4.350000000000000000e+02
9.224139532074332459e-01 4.230000000000000000e+02
9.742088523879647299e-01 3.670000000000000000e+02
1.026003751568496325e+00 3.920000000000000000e+02
1.077798650749027809e+00 3.170000000000000000e+02
1.129593549929559293e+00 3.370000000000000000e+02
1.181388449110090777e+00 2.870000000000000000e+02
1.233183348290622261e+00 2.610000000000000000e+02
1.284978247471153745e+00 2.350000000000000000e+02
1.336773146651685229e+00 2.350000000000000000e+02
1.388568045832216713e+00 2.210000000000000000e+02
1.440362945012748419e+00 2.070000000000000000e+02
1.492157844193279903e+00 1.690000000000000000e+02
1.543952743373811387e+00 1.600000000000000000e+02
1.595747642554342871e+00 1.530000000000000000e+02
1.647542541734874355e+00 1.290000000000000000e+02
1.699337440915405839e+00 8.400000000000000000e+01
1.751132340095937323e+00 8.300000000000000000e+01
1.802927239276468807e+00 9.400000000000000000e+01
1.854722138457000291e+00 8.300000000000000000e+01
1.906517037637531775e+00 6.600000000000000000e+01
1.958311936818063259e+00 5.000000000000000000e+01
2.010106835998595187e+00 4.300000000000000000e+01
2.061901735179126671e+00 3.500000000000000000e+01
2.113696634359658155e+00 2.300000000000000000e+01
2.165491533540189639e+00 2.000000000000000000e+01
2.217286432720721123e+00 1.200000000000000000e+01
2.269081331901252607e+00 9.000000000000000000e+00
2.320876231081784091e+00 7.000000000000000000e+00
2.372671130262315575e+00 4.000000000000000000e+00
2.424466029442847059e+00 4.000000000000000000e+00
2.476260928623378543e+00 3.000000000000000000e+00
2.528055827803910027e+00 0.000000000000000000e+00
2.579850726984441511e+00 3.000000000000000000e+00
