#     bins                         n
2.934028557501733303e-02 3.100000000000000000e+01
7.721257326193153858e-02 7.400000000000000000e+01
1.250848609488457441e-01 1.020000000000000000e+02
1.729571486357599497e-01 1.600000000000000000e+02
2.208294363226741552e-01 1.730000000000000000e+02
2.687017240095883608e-01 2.470000000000000000e+02
3.165740116965025663e-01 2.640000000000000000e+02
3.644462993834167719e-01 2.720000000000000000e+02
4.123185870703309774e-01 3.020000000000000000e+02
4.601908747572451830e-01 3.240000000000000000e+02
5.080631624441593885e-01 3.440000000000000000e+02
5.559354501310735941e-01 3.760000000000000000e+02
6.038077378179877996e-01 3.900000000000000000e+02
6.516800255049020052e-01 3.830000000000000000e+02
6.995523131918162107e-01 3.760000000000000000e+02
7.474246008787304163e-01 4.290000000000000000e+02
7.952968885656446218e-01 4.010000000000000000e+02
8.431691762525588274e-01 3.780000000000000000e+02
8.910414639394730330e-01 3.660000000000000000e+02
9.389137516263872385e-01 3.580000000000000000e+02
9.867860393133014441e-01 3.660000000000000000e+02
1.034658327000215650e+00 3.600000000000000000e+02
1.082530614687129855e+00 3.300000000000000000e+02
1.130402902374044061e+00 3.010000000000000000e+02
1.178275190060958266e+00 3.220000000000000000e+02
1.226147477747872472e+00 2.950000000000000000e+02
1.274019765434786677e+00 2.690000000000000000e+02
1.321892053121700883e+00 2.170000000000000000e+02
1.369764340808615088e+00 2.110000000000000000e+02
1.417636628495529294e+00 2.080000000000000000e+02
1.465508916182443500e+00 1.910000000000000000e+02
1.513381203869357705e+00 1.630000000000000000e+02
1.561253491556271911e+00 1.350000000000000000e+02
1.609125779243186116e+00 1.260000000000000000e+02
1.656998066930100322e+00 1.230000000000000000e+02
1.704870354617014527e+00 9.900000000000000000e+01
1.752742642303928733e+00 8.200000000000000000e+01
1.800614929990842938e+00 6.900000000000000000e+01
1.848487217677757144e+00 7.700000000000000000e+01
1.896359505364671350e+00 5.400000000000000000e+01
1.944231793051585555e+00 4.500000000000000000e+01
1.992104080738499761e+00 2.800000000000000000e+01
2.039976368425413966e+00 2.900000000000000000e+01
2.087848656112328172e+00 1.900000000000000000e+01
2.135720943799242377e+00 1.400000000000000000e+01
2.183593231486156583e+00 1.700000000000000000e+01
2.231465519173070788e+00 5.000000000000000000e+00
2.279337806859984994e+00 3.000000000000000000e+00
2.327210094546899199e+00 3.000000000000000000e+00
2.375082382233813405e+00 4.000000000000000000e+00
