#     bins                         n
-2.430736556152347516e-01 1.000000000000000000e+00
-2.333652102775345960e-01 0.000000000000000000e+00
-2.236567649398344959e-01 1.000000000000000000e+00
-2.139483196021343403e-01 0.000000000000000000e+00
-2.042398742644342402e-01 1.000000000000000000e+00
-1.945314289267341401e-01 0.000000000000000000e+00
-1.848229835890339845e-01 2.000000000000000000e+00
-1.751145382513338844e-01 0.000000000000000000e+00
-1.654060929136337288e-01 1.000000000000000000e+00
-1.556976475759336287e-01 2.000000000000000000e+00
-1.459892022382334731e-01 1.000000000000000000e+00
-1.362807569005333730e-01 2.000000000000000000e+00
-1.265723115628332729e-01 4.000000000000000000e+00
-1.168638662251331312e-01 1.000000000000000000e+00
-1.071554208874330033e-01 2.000000000000000000e+00
-9.744697554973287545e-02 4.000000000000000000e+00
-8.773853021203274760e-02 1.000000000000000000e+00
-7.803008487433261975e-02 3.000000000000000000e+00
-6.832163953663249190e-02 2.000000000000000000e+00
-5.861319419893236404e-02 3.000000000000000000e+00
-4.890474886123223619e-02 4.000000000000000000e+00
-3.919630352353213609e-02 4.000000000000000000e+00
-2.948785818583200824e-02 3.000000000000000000e+00
-1.977941284813188039e-02 3.000000000000000000e+00
-1.007096751043175253e-02 5.000000000000000000e+00
-3.625221727316246811e-04 2.000000000000000000e+00
9.345923164968475416e-03 1.000000000000000000e+00
1.905436850266863102e-02 6.000000000000000000e+00
2.876281384036873112e-02 4.000000000000000000e+00
3.847125917806888673e-02 4.000000000000000000e+00
4.817970451576898683e-02 0.000000000000000000e+00
5.788814985346914244e-02 2.000000000000000000e+00
6.759659519116924253e-02 2.000000000000000000e+00
7.730504052886934263e-02 3.000000000000000000e+00
8.701348586656949824e-02 2.000000000000000000e+00
9.672193120426959834e-02 1.000000000000000000e+00
1.064303765419697539e-01 1.000000000000000000e+00
1.161388218796698540e-01 4.000000000000000000e+00
1.258472672173699958e-01 2.000000000000000000e+00
1.355557125550700959e-01 2.000000000000000000e+00
1.452641578927702515e-01 3.000000000000000000e+00
1.549726032304703516e-01 2.000000000000000000e+00
1.646810485681704517e-01 0.000000000000000000e+00
1.743894939058706073e-01 1.000000000000000000e+00
1.840979392435707074e-01 4.000000000000000000e+00
1.938063845812708630e-01 1.000000000000000000e+00
2.035148299189709631e-01 2.000000000000000000e+00
2.132232752566711187e-01 0.000000000000000000e+00
2.229317205943712188e-01 0.000000000000000000e+00
2.326401659320713189e-01 1.000000000000000000e+00
