#     bins                         n
-2.239521449734520053e-01 2.000000000000000000e+00
-2.149505370156239992e-01 0.000000000000000000e+00
-2.059489290577959375e-01 0.000000000000000000e+00
-1.969473210999679313e-01 1.000000000000000000e+00
-1.879457131421398697e-01 1.000000000000000000e+00
-1.789441051843118635e-01 0.000000000000000000e+00
-1.699424972264838574e-01 0.000000000000000000e+00
-1.609408892686557957e-01 1.000000000000000000e+00
-1.519392813108277895e-01 1.000000000000000000e+00
-1.429376733529997279e-01 1.000000000000000000e+00
-1.339360653951717217e-01 1.000000000000000000e+00
-1.249344574373436462e-01 2.000000000000000000e+00
-1.159328494795156400e-01 3.000000000000000000e+00
-1.069312415216876061e-01 1.000000000000000000e+00
-9.792963356385957219e-02 4.000000000000000000e+00
-8.892802560603153827e-02 2.000000000000000000e+00
-7.992641764820350436e-02 1.000000000000000000e+00
-7.092480969037547045e-02 1.000000000000000000e+00
-6.192320173254743654e-02 0.000000000000000000e+00
-5.292159377471940263e-02 1.000000000000000000e+00
-4.391998581689136871e-02 2.000000000000000000e+00
-3.491837785906333480e-02 3.000000000000000000e+00
-2.591676990123530089e-02 3.000000000000000000e+00
-1.691516194340726698e-02 3.000000000000000000e+00
-7.913553985579260819e-03 7.000000000000000000e+00
1.088053972248773094e-03 4.000000000000000000e+00
1.008966193007680701e-02 4.000000000000000000e+00
1.909126988790484092e-02 5.000000000000000000e+00
2.809287784573287483e-02 5.000000000000000000e+00
3.709448580356093650e-02 3.000000000000000000e+00
4.609609376138894266e-02 4.000000000000000000e+00
5.509770171921700432e-02 2.000000000000000000e+00
6.409930967704501048e-02 4.000000000000000000e+00
7.310091763487301664e-02 5.000000000000000000e+00
8.210252559270107831e-02 2.000000000000000000e+00
9.110413355052908446e-02 1.000000000000000000e+00
1.001057415083571461e-01 3.000000000000000000e+00
1.091073494661851523e-01 3.000000000000000000e+00
1.181089574240132140e-01 1.000000000000000000e+00
1.271105653818412340e-01 0.000000000000000000e+00
1.361121733396692957e-01 3.000000000000000000e+00
1.451137812974973018e-01 2.000000000000000000e+00
1.541153892553253635e-01 1.000000000000000000e+00
1.631169972131533696e-01 1.000000000000000000e+00
1.721186051709814313e-01 4.000000000000000000e+00
1.811202131288094375e-01 0.000000000000000000e+00
1.901218210866374991e-01 0.000000000000000000e+00
1.991234290444655053e-01 1.000000000000000000e+00
2.081250370022935114e-01 0.000000000000000000e+00
2.171266449601215731e-01 1.000000000000000000e+00
