#     bins                         n
-2.482958977219980878e-01 1.000000000000000000e+00
-2.391200603114216616e-01 1.000000000000000000e+00
-2.299442229008452077e-01 0.000000000000000000e+00
-2.207683854902687814e-01 0.000000000000000000e+00
-2.115925480796923275e-01 1.000000000000000000e+00
-2.024167106691159013e-01 1.000000000000000000e+00
-1.932408732585394751e-01 3.000000000000000000e+00
-1.840650358479630488e-01 2.000000000000000000e+00
-1.748891984373865949e-01 1.000000000000000000e+00
-1.657133610268101409e-01 2.000000000000000000e+00
-1.565375236162337147e-01 0.000000000000000000e+00
-1.473616862056572885e-01 0.000000000000000000e+00
-1.381858487950808623e-01 0.000000000000000000e+00
-1.290100113845044083e-01 2.000000000000000000e+00
-1.198341739739279821e-01 0.000000000000000000e+00
-1.106583365633515281e-01 2.000000000000000000e+00
-1.014824991527751019e-01 1.000000000000000000e+00
-9.230666174219867570e-02 1.000000000000000000e+00
-8.313082433162222173e-02 4.000000000000000000e+00
-7.395498692104579552e-02 1.000000000000000000e+00
-6.477914951046934156e-02 2.000000000000000000e+00
-5.560331209989291534e-02 4.000000000000000000e+00
-4.642747468931648913e-02 3.000000000000000000e+00
-3.725163727874003516e-02 4.000000000000000000e+00
-2.807579986816360895e-02 4.000000000000000000e+00
-1.889996245758718274e-02 1.000000000000000000e+00
-9.724125047010728773e-03 3.000000000000000000e+00
-5.482876364343025610e-04 5.000000000000000000e+00
8.627549774142123651e-03 2.000000000000000000e+00
1.780338718471854986e-02 6.000000000000000000e+00
2.697922459529503159e-02 5.000000000000000000e+00
3.615506200587145780e-02 4.000000000000000000e+00
4.533089941644788401e-02 5.000000000000000000e+00
5.450673682702431022e-02 4.000000000000000000e+00
6.368257423760073643e-02 1.000000000000000000e+00
7.285841164817721816e-02 4.000000000000000000e+00
8.203424905875364437e-02 1.000000000000000000e+00
9.121008646933007058e-02 2.000000000000000000e+00
1.003859238799064968e-01 4.000000000000000000e+00
1.095617612904829230e-01 3.000000000000000000e+00
1.187375987010594047e-01 0.000000000000000000e+00
1.279134361116358309e-01 2.000000000000000000e+00
1.370892735222122572e-01 2.000000000000000000e+00
1.462651109327886834e-01 0.000000000000000000e+00
1.554409483433651096e-01 1.000000000000000000e+00
1.646167857539415358e-01 0.000000000000000000e+00
1.737926231645180175e-01 1.000000000000000000e+00
1.829684605750944437e-01 0.000000000000000000e+00
1.921442979856708699e-01 2.000000000000000000e+00
2.013201353962472961e-01 2.000000000000000000e+00
