#     bins                         n
-2.275626321777440841e-01 1.000000000000000000e+00
-2.166317406371361942e-01 0.000000000000000000e+00
-2.057008490965283320e-01 0.000000000000000000e+00
-1.947699575559204699e-01 0.000000000000000000e+00
-1.838390660153125800e-01 0.000000000000000000e+00
-1.729081744747046900e-01 1.000000000000000000e+00
-1.619772829340968279e-01 0.000000000000000000e+00
-1.510463913934889657e-01 1.000000000000000000e+00
-1.401154998528810758e-01 3.000000000000000000e+00
-1.291846083122731859e-01 1.000000000000000000e+00
-1.182537167716653237e-01 3.000000000000000000e+00
-1.073228252310574476e-01 2.000000000000000000e+00
-9.639193369044957160e-02 3.000000000000000000e+00
-8.546104214984168168e-02 7.000000000000000000e+00
-7.453015060923381951e-02 3.000000000000000000e+00
-6.359925906862595735e-02 3.000000000000000000e+00
-5.266836752801806742e-02 3.000000000000000000e+00
-4.173747598741017750e-02 6.000000000000000000e+00
-3.080658444680231534e-02 1.000000000000000000e+00
-1.987569290619445317e-02 3.000000000000000000e+00
-8.944801365586563247e-03 4.000000000000000000e+00
1.986090175021326676e-03 5.000000000000000000e+00
1.291698171562918884e-02 3.000000000000000000e+00
2.384787325623705101e-02 1.100000000000000000e+01
3.477876479684494093e-02 4.000000000000000000e+00
4.570965633745283085e-02 1.000000000000000000e+00
5.664054787806072078e-02 4.000000000000000000e+00
6.757143941866855519e-02 6.000000000000000000e+00
7.850233095927644511e-02 4.000000000000000000e+00
8.943322249988433503e-02 2.000000000000000000e+00
1.003641140404921694e-01 2.000000000000000000e+00
1.112950055811000594e-01 0.000000000000000000e+00
1.222258971217079493e-01 1.000000000000000000e+00
1.331567886623158392e-01 1.000000000000000000e+00
1.440876802029237291e-01 4.000000000000000000e+00
1.550185717435315635e-01 1.000000000000000000e+00
1.659494632841394535e-01 0.000000000000000000e+00
1.768803548247473434e-01 2.000000000000000000e+00
1.878112463653551778e-01 0.000000000000000000e+00
1.987421379059630677e-01 2.000000000000000000e+00
2.096730294465709576e-01 0.000000000000000000e+00
2.206039209871788476e-01 0.000000000000000000e+00
2.315348125277867375e-01 1.000000000000000000e+00
2.424657040683945719e-01 0.000000000000000000e+00
2.533965956090024618e-01 0.000000000000000000e+00
2.643274871496103517e-01 0.000000000000000000e+00
2.752583786902181862e-01 0.000000000000000000e+00
2.861892702308260761e-01 0.000000000000000000e+00
2.971201617714339660e-01 0.000000000000000000e+00
3.080510533120418559e-01 1.000000000000000000e+00
