#     bins                         n
3.854925039224326583e-02 3.200000000000000000e+01
8.772684753872453389e-02 7.300000000000000000e+01
1.369044446852058228e-01 1.040000000000000000e+02
1.860820418316870839e-01 1.470000000000000000e+02
2.352596389781683728e-01 1.880000000000000000e+02
2.844372361246496617e-01 2.660000000000000000e+02
3.336148332711308950e-01 2.730000000000000000e+02
3.827924304176121839e-01 3.070000000000000000e+02
4.319700275640934728e-01 3.480000000000000000e+02
4.811476247105747617e-01 3.490000000000000000e+02
5.303252218570559950e-01 3.680000000000000000e+02
5.795028190035372839e-01 3.950000000000000000e+02
6.286804161500184618e-01 3.800000000000000000e+02
6.778580132964997507e-01 4.100000000000000000e+02
7.270356104429810395e-01 4.280000000000000000e+02
7.762132075894623284e-01 4.430000000000000000e+02
8.253908047359436173e-01 4.300000000000000000e+02
8.745684018824249062e-01 4.520000000000000000e+02
9.237459990289061951e-01 4.020000000000000000e+02
9.729235961753874840e-01 3.590000000000000000e+02
1.022101193321868884e+00 3.170000000000000000e+02
1.071278790468350062e+00 3.600000000000000000e+02
1.120456387614831462e+00 3.310000000000000000e+02
1.169633984761312639e+00 3.180000000000000000e+02
1.218811581907793817e+00 2.600000000000000000e+02
1.267989179054275217e+00 2.560000000000000000e+02
1.317166776200756395e+00 2.320000000000000000e+02
1.366344373347237795e+00 1.930000000000000000e+02
1.415521970493718973e+00 1.960000000000000000e+02
1.464699567640200373e+00 1.960000000000000000e+02
1.513877164786681551e+00 1.590000000000000000e+02
1.563054761933162951e+00 1.480000000000000000e+02
1.612232359079644128e+00 1.290000000000000000e+02
1.661409956226125306e+00 8.200000000000000000e+01
1.710587553372606706e+00 1.020000000000000000e+02
1.759765150519087884e+00 8.100000000000000000e+01
1.808942747665569284e+00 8.000000000000000000e+01
1.858120344812050462e+00 7.000000000000000000e+01
1.907297941958531862e+00 5.400000000000000000e+01
1.956475539105013040e+00 4.500000000000000000e+01
2.005653136251494217e+00 3.900000000000000000e+01
2.054830733397975173e+00 3.100000000000000000e+01
2.104008330544456573e+00 2.000000000000000000e+01
2.153185927690937973e+00 9.000000000000000000e+00
2.202363524837419373e+00 1.700000000000000000e+01
2.251541121983900329e+00 1.300000000000000000e+01
2.300718719130381729e+00 1.300000000000000000e+01
2.349896316276863129e+00 6.000000000000000000e+00
2.399073913423344084e+00 2.000000000000000000e+00
2.448251510569825484e+00 1.000000000000000000e+00
