#     bins                         n
-3.733234567642211843e+00 1.000000000000000000e+00
-3.592218408584594513e+00 0.000000000000000000e+00
-3.451202249526977628e+00 0.000000000000000000e+00
-3.310186090469360298e+00 0.000000000000000000e+00
-3.169169931411742969e+00 4.000000000000000000e+00
-3.028153772354126083e+00 3.000000000000000000e+00
-2.887137613296508754e+00 8.000000000000000000e+00
-2.746121454238891424e+00 1.200000000000000000e+01
-2.605105295181274094e+00 2.200000000000000000e+01
-2.464089136123657209e+00 2.100000000000000000e+01
-2.323072977066039879e+00 4.100000000000000000e+01
-2.182056818008422994e+00 4.900000000000000000e+01
-2.041040658950805664e+00 7.400000000000000000e+01
-1.900024499893188334e+00 1.030000000000000000e+02
-1.759008340835571227e+00 1.310000000000000000e+02
-1.617992181777954119e+00 1.640000000000000000e+02
-1.476976022720336790e+00 2.060000000000000000e+02
-1.335959863662719460e+00 2.580000000000000000e+02
-1.194943704605102575e+00 2.700000000000000000e+02
-1.053927545547485245e+00 3.370000000000000000e+02
-9.129113864898679154e-01 3.870000000000000000e+02
-7.718952274322510299e-01 4.190000000000000000e+02
-6.308790683746337002e-01 4.630000000000000000e+02
-4.898629093170163706e-01 4.830000000000000000e+02
-3.488467502593994851e-01 4.590000000000000000e+02
-2.078305912017821555e-01 5.300000000000000000e+02
-6.681443214416482590e-02 5.200000000000000000e+02
7.420172691345250371e-02 5.510000000000000000e+02
2.152178859710693892e-01 5.180000000000000000e+02
3.562340450286862747e-01 5.230000000000000000e+02
4.972502040863036044e-01 5.350000000000000000e+02
6.382663631439209340e-01 4.280000000000000000e+02
7.792825222015382636e-01 3.900000000000000000e+02
9.202986812591555932e-01 3.650000000000000000e+02
1.061314840316772923e+00 3.220000000000000000e+02
1.202330999374390252e+00 2.990000000000000000e+02
1.343347158432006694e+00 2.410000000000000000e+02
1.484363317489624023e+00 2.210000000000000000e+02
1.625379476547241353e+00 1.390000000000000000e+02
1.766395635604858683e+00 1.070000000000000000e+02
1.907411794662476012e+00 8.300000000000000000e+01
2.048427953720093342e+00 6.400000000000000000e+01
2.189444112777709783e+00 4.300000000000000000e+01
2.330460271835327113e+00 4.300000000000000000e+01
2.471476430892944443e+00 3.200000000000000000e+01
2.612492589950561772e+00 1.900000000000000000e+01
2.753508749008179102e+00 1.300000000000000000e+01
2.894524908065796431e+00 5.000000000000000000e+00
3.035541067123412873e+00 7.000000000000000000e+00
3.176557226181030202e+00 1.000000000000000000e+00
