#     bins                         n
3.502443403005599948e-02 3.800000000000000000e+01
8.237484008073805986e-02 9.100000000000000000e+01
1.297252461314201410e-01 9.800000000000000000e+01
1.770756521821021945e-01 1.510000000000000000e+02
2.244260582327842757e-01 1.860000000000000000e+02
2.717764642834663569e-01 2.030000000000000000e+02
3.191268703341483826e-01 2.130000000000000000e+02
3.664772763848304638e-01 2.600000000000000000e+02
4.138276824355125449e-01 2.910000000000000000e+02
4.611780884861946261e-01 3.420000000000000000e+02
5.085284945368766518e-01 3.240000000000000000e+02
5.558789005875587330e-01 3.590000000000000000e+02
6.032293066382407032e-01 3.800000000000000000e+02
6.505797126889227844e-01 3.910000000000000000e+02
6.979301187396048656e-01 3.630000000000000000e+02
7.452805247902869468e-01 4.040000000000000000e+02
7.926309308409690280e-01 3.970000000000000000e+02
8.399813368916511092e-01 4.160000000000000000e+02
8.873317429423331903e-01 3.750000000000000000e+02
9.346821489930152715e-01 3.660000000000000000e+02
9.820325550436973527e-01 3.530000000000000000e+02
1.029382961094379434e+00 3.480000000000000000e+02
1.076733367145061626e+00 3.740000000000000000e+02
1.124083773195743596e+00 3.110000000000000000e+02
1.171434179246425566e+00 3.170000000000000000e+02
1.218784585297107759e+00 2.690000000000000000e+02
1.266134991347789729e+00 2.900000000000000000e+02
1.313485397398471921e+00 2.600000000000000000e+02
1.360835803449153891e+00 2.260000000000000000e+02
1.408186209499836083e+00 2.040000000000000000e+02
1.455536615550518054e+00 1.850000000000000000e+02
1.502887021601200246e+00 1.700000000000000000e+02
1.550237427651882216e+00 1.750000000000000000e+02
1.597587833702564186e+00 1.410000000000000000e+02
1.644938239753246378e+00 1.330000000000000000e+02
1.692288645803928349e+00 9.300000000000000000e+01
1.739639051854610541e+00 8.700000000000000000e+01
1.786989457905292511e+00 7.600000000000000000e+01
1.834339863955974703e+00 7.000000000000000000e+01
1.881690270006656673e+00 4.800000000000000000e+01
1.929040676057338866e+00 4.500000000000000000e+01
1.976391082108020836e+00 2.700000000000000000e+01
2.023741488158702584e+00 2.400000000000000000e+01
2.071091894209384776e+00 1.300000000000000000e+01
2.118442300260066968e+00 1.100000000000000000e+01
2.165792706310748716e+00 6.000000000000000000e+00
2.213143112361430909e+00 4.000000000000000000e+00
2.260493518412113101e+00 1.000000000000000000e+00
2.307843924462794849e+00 0.000000000000000000e+00
2.355194330513477041e+00 2.000000000000000000e+00
