#     bins                         n
-3.650645108222961177e+00 1.000000000000000000e+00
-3.508579287528991841e+00 1.000000000000000000e+00
-3.366513466835021617e+00 6.000000000000000000e+00
-3.224447646141052282e+00 4.000000000000000000e+00
-3.082381825447082058e+00 9.000000000000000000e+00
-2.940316004753112722e+00 1.000000000000000000e+01
-2.798250184059143386e+00 1.700000000000000000e+01
-2.656184363365173162e+00 2.000000000000000000e+01
-2.514118542671203826e+00 2.100000000000000000e+01
-2.372052721977233603e+00 5.100000000000000000e+01
-2.229986901283264267e+00 4.800000000000000000e+01
-2.087921080589294043e+00 7.900000000000000000e+01
-1.945855259895324929e+00 9.400000000000000000e+01
-1.803789439201354927e+00 1.300000000000000000e+02
-1.661723618507385369e+00 1.670000000000000000e+02
-1.519657797813415590e+00 1.800000000000000000e+02
-1.377591977119445810e+00 1.970000000000000000e+02
-1.235526156425476030e+00 2.690000000000000000e+02
-1.093460335731506250e+00 2.780000000000000000e+02
-9.513945150375364701e-01 3.490000000000000000e+02
-8.093286943435666903e-01 3.790000000000000000e+02
-6.672628736495973545e-01 4.100000000000000000e+02
-5.251970529556275746e-01 4.580000000000000000e+02
-3.831312322616577948e-01 5.270000000000000000e+02
-2.410654115676880149e-01 5.780000000000000000e+02
-9.899959087371823507e-02 5.730000000000000000e+02
4.306622982025154478e-02 6.020000000000000000e+02
1.851320505142213246e-01 5.960000000000000000e+02
3.271978712081906604e-01 5.790000000000000000e+02
4.692636919021608843e-01 5.140000000000000000e+02
6.113295125961302201e-01 4.480000000000000000e+02
7.533953332901004440e-01 3.770000000000000000e+02
8.954611539840697798e-01 3.640000000000000000e+02
1.037526974678039116e+00 3.180000000000000000e+02
1.179592795372009340e+00 2.540000000000000000e+02
1.321658616065978675e+00 2.400000000000000000e+02
1.463724436759948899e+00 1.830000000000000000e+02
1.605790257453918235e+00 1.600000000000000000e+02
1.747856078147888459e+00 1.020000000000000000e+02
1.889921898841857795e+00 1.160000000000000000e+02
2.031987719535828241e+00 6.000000000000000000e+01
2.174053540229797576e+00 4.200000000000000000e+01
2.316119360923766912e+00 4.200000000000000000e+01
2.458185181617737136e+00 2.100000000000000000e+01
2.600251002311706472e+00 1.500000000000000000e+01
2.742316823005676696e+00 1.200000000000000000e+01
2.884382643699646032e+00 1.000000000000000000e+01
3.026448464393616256e+00 7.000000000000000000e+00
3.168514285087585591e+00 1.000000000000000000e+00
3.310580105781554927e+00 4.000000000000000000e+00
