#     bins                         n
-2.782946455478668035e+00 6.000000000000000000e+00
-2.663826549053192494e+00 4.000000000000000000e+00
-2.544706642627716064e+00 1.300000000000000000e+01
-2.425586736202239635e+00 2.700000000000000000e+01
-2.306466829776764094e+00 2.800000000000000000e+01
-2.187346923351287664e+00 4.600000000000000000e+01
-2.068227016925812123e+00 4.200000000000000000e+01
-1.949107110500335915e+00 7.900000000000000000e+01
-1.829987204074859708e+00 9.500000000000000000e+01
-1.710867297649383723e+00 1.190000000000000000e+02
-1.591747391223907515e+00 1.280000000000000000e+02
-1.472627484798431530e+00 1.740000000000000000e+02
-1.353507578372955544e+00 2.040000000000000000e+02
-1.234387671947479337e+00 2.470000000000000000e+02
-1.115267765522003351e+00 2.950000000000000000e+02
-9.961478590965271440e-01 3.140000000000000000e+02
-8.770279526710511586e-01 3.340000000000000000e+02
-7.579080462455751732e-01 3.480000000000000000e+02
-6.387881398200991878e-01 3.560000000000000000e+02
-5.196682333946227583e-01 3.750000000000000000e+02
-4.005483269691467729e-01 4.000000000000000000e+02
-2.814284205436707875e-01 4.070000000000000000e+02
-1.623085141181948021e-01 4.030000000000000000e+02
-4.318860769271881672e-02 4.460000000000000000e+02
7.593129873275716868e-02 4.450000000000000000e+02
1.950512051582335982e-01 4.340000000000000000e+02
3.141711115837095836e-01 4.190000000000000000e+02
4.332910180091855690e-01 3.900000000000000000e+02
5.524109244346615544e-01 3.760000000000000000e+02
6.715308308601375398e-01 3.530000000000000000e+02
7.906507372856139693e-01 3.390000000000000000e+02
9.097706437110899547e-01 3.410000000000000000e+02
1.028890550136565940e+00 3.110000000000000000e+02
1.148010456562041925e+00 3.240000000000000000e+02
1.267130362987517911e+00 2.580000000000000000e+02
1.386250269412994340e+00 2.030000000000000000e+02
1.505370175838469882e+00 1.890000000000000000e+02
1.624490082263946311e+00 1.670000000000000000e+02
1.743609988689422741e+00 1.100000000000000000e+02
1.862729895114898282e+00 1.140000000000000000e+02
1.981849801540374711e+00 7.200000000000000000e+01
2.100969707965850475e+00 5.000000000000000000e+01
2.220089614391326904e+00 5.500000000000000000e+01
2.339209520816803334e+00 2.300000000000000000e+01
2.458329427242278875e+00 1.700000000000000000e+01
2.577449333667755305e+00 1.500000000000000000e+01
2.696569240093230846e+00 4.000000000000000000e+00
2.815689146518707275e+00 2.000000000000000000e+00
2.934809052944182817e+00 0.000000000000000000e+00
3.053928959369659246e+00 2.000000000000000000e+00
