#     bins                         n
-2.523116461371061048e-01 1.000000000000000000e+00
-2.424536632060264041e-01 0.000000000000000000e+00
-2.325956802749467589e-01 0.000000000000000000e+00
-2.227376973438670582e-01 0.000000000000000000e+00
-2.128797144127873575e-01 0.000000000000000000e+00
-2.030217314817077123e-01 0.000000000000000000e+00
-1.931637485506280116e-01 0.000000000000000000e+00
-1.833057656195483665e-01 1.000000000000000000e+00
-1.734477826884686658e-01 1.000000000000000000e+00
-1.635897997573890206e-01 1.000000000000000000e+00
-1.537318168263093199e-01 2.000000000000000000e+00
-1.438738338952296192e-01 1.000000000000000000e+00
-1.340158509641499740e-01 2.000000000000000000e+00
-1.241578680330702872e-01 2.000000000000000000e+00
-1.142998851019905865e-01 2.000000000000000000e+00
-1.044419021709109135e-01 1.000000000000000000e+00
-9.458391923983124061e-02 3.000000000000000000e+00
-8.472593630875156767e-02 1.000000000000000000e+00
-7.486795337767189473e-02 4.000000000000000000e+00
-6.500997044659219404e-02 5.000000000000000000e+00
-5.515198751551252110e-02 5.000000000000000000e+00
-4.529400458443284816e-02 4.000000000000000000e+00
-3.543602165335317522e-02 3.000000000000000000e+00
-2.557803872227350228e-02 5.000000000000000000e+00
-1.572005579119382934e-02 3.000000000000000000e+00
-5.862072860114128647e-03 5.000000000000000000e+00
3.995910070965516536e-03 4.000000000000000000e+00
1.385389300204521723e-02 3.000000000000000000e+00
2.371187593312491793e-02 1.000000000000000000e+00
3.356985886420456311e-02 3.000000000000000000e+00
4.342784179528426380e-02 5.000000000000000000e+00
5.328582472636390899e-02 3.000000000000000000e+00
6.314380765744360968e-02 4.000000000000000000e+00
7.300179058852331038e-02 2.000000000000000000e+00
8.285977351960295556e-02 1.000000000000000000e+00
9.271775645068265626e-02 4.000000000000000000e+00
1.025757393817623014e-01 3.000000000000000000e+00
1.124337223128420021e-01 1.000000000000000000e+00
1.222917052439217028e-01 2.000000000000000000e+00
1.321496881750013341e-01 1.000000000000000000e+00
1.420076711060810348e-01 3.000000000000000000e+00
1.518656540371606800e-01 1.000000000000000000e+00
1.617236369682403807e-01 2.000000000000000000e+00
1.715816198993200814e-01 2.000000000000000000e+00
1.814396028303997266e-01 0.000000000000000000e+00
1.912975857614794273e-01 2.000000000000000000e+00
2.011555686925590725e-01 0.000000000000000000e+00
2.110135516236387732e-01 0.000000000000000000e+00
2.208715345547184183e-01 0.000000000000000000e+00
2.307295174857981190e-01 1.000000000000000000e+00
