#     bins                         n
-2.993795275096368114e-01 2.000000000000000000e+00
-2.874921319703874767e-01 1.000000000000000000e+00
-2.756047364311381420e-01 1.000000000000000000e+00
-2.637173408918888073e-01 0.000000000000000000e+00
-2.518299453526394727e-01 0.000000000000000000e+00
-2.399425498133901380e-01 0.000000000000000000e+00
-2.280551542741408033e-01 0.000000000000000000e+00
-2.161677587348914686e-01 0.000000000000000000e+00
-2.042803631956421340e-01 1.000000000000000000e+00
-1.923929676563927993e-01 0.000000000000000000e+00
-1.805055721171434646e-01 1.000000000000000000e+00
-1.686181765778941299e-01 1.000000000000000000e+00
-1.567307810386447953e-01 0.000000000000000000e+00
-1.448433854993954606e-01 1.000000000000000000e+00
-1.329559899601461259e-01 2.000000000000000000e+00
-1.210685944208967912e-01 1.000000000000000000e+00
-1.091811988816474566e-01 2.000000000000000000e+00
-9.729380334239812189e-02 2.000000000000000000e+00
-8.540640780314878722e-02 3.000000000000000000e+00
-7.351901226389945254e-02 0.000000000000000000e+00
-6.163161672465011787e-02 2.000000000000000000e+00
-4.974422118540078319e-02 5.000000000000000000e+00
-3.785682564615144852e-02 2.000000000000000000e+00
-2.596943010690211384e-02 5.000000000000000000e+00
-1.408203456765277917e-02 5.000000000000000000e+00
-2.194639028403444492e-03 5.000000000000000000e+00
9.692756510845890183e-03 2.000000000000000000e+00
2.158015205009522486e-02 7.000000000000000000e+00
3.346754758934455953e-02 6.000000000000000000e+00
4.535494312859389421e-02 6.000000000000000000e+00
5.724233866784322888e-02 5.000000000000000000e+00
6.912973420709256356e-02 6.000000000000000000e+00
8.101712974634189823e-02 0.000000000000000000e+00
9.290452528559123291e-02 2.000000000000000000e+00
1.047919208248405676e-01 4.000000000000000000e+00
1.166793163640899023e-01 2.000000000000000000e+00
1.285667119033392369e-01 3.000000000000000000e+00
1.404541074425885716e-01 1.000000000000000000e+00
1.523415029818379063e-01 3.000000000000000000e+00
1.642288985210872410e-01 2.000000000000000000e+00
1.761162940603365756e-01 2.000000000000000000e+00
1.880036895995859103e-01 0.000000000000000000e+00
1.998910851388352450e-01 2.000000000000000000e+00
2.117784806780845797e-01 2.000000000000000000e+00
2.236658762173339143e-01 0.000000000000000000e+00
2.355532717565832490e-01 2.000000000000000000e+00
2.474406672958325837e-01 0.000000000000000000e+00
2.593280628350819184e-01 0.000000000000000000e+00
2.712154583743312530e-01 0.000000000000000000e+00
2.831028539135805877e-01 1.000000000000000000e+00
