#     bins                         n
-2.534256506081934979e-01 1.000000000000000000e+00
-2.430642388827819467e-01 0.000000000000000000e+00
-2.327028271573703400e-01 0.000000000000000000e+00
-2.223414154319587888e-01 1.000000000000000000e+00
-2.119800037065472376e-01 0.000000000000000000e+00
-2.016185919811356309e-01 1.000000000000000000e+00
-1.912571802557240797e-01 0.000000000000000000e+00
-1.808957685303125285e-01 1.000000000000000000e+00
-1.705343568049009217e-01 1.000000000000000000e+00
-1.601729450794893705e-01 2.000000000000000000e+00
-1.498115333540777638e-01 0.000000000000000000e+00
-1.394501216286662126e-01 2.000000000000000000e+00
-1.290887099032546614e-01 0.000000000000000000e+00
-1.187272981778430686e-01 1.000000000000000000e+00
-1.083658864524315174e-01 3.000000000000000000e+00
-9.800447472701993845e-02 1.000000000000000000e+00
-8.764306300160835950e-02 2.000000000000000000e+00
-7.728165127619678054e-02 6.000000000000000000e+00
-6.692023955078520159e-02 6.000000000000000000e+00
-5.655882782537365039e-02 6.000000000000000000e+00
-4.619741609996207143e-02 1.000000000000000000e+00
-3.583600437455049248e-02 3.000000000000000000e+00
-2.547459264913894128e-02 5.000000000000000000e+00
-1.511318092372736233e-02 1.000000000000000000e+00
-4.751769198315783371e-03 3.000000000000000000e+00
5.609642527095767828e-03 3.000000000000000000e+00
1.597105425250737454e-02 3.000000000000000000e+00
2.633246597791892574e-02 3.000000000000000000e+00
3.669387770333047694e-02 6.000000000000000000e+00
4.705528942874208365e-02 2.000000000000000000e+00
5.741670115415363485e-02 7.000000000000000000e+00
6.777811287956524156e-02 2.000000000000000000e+00
7.813952460497679275e-02 5.000000000000000000e+00
8.850093633038834395e-02 6.000000000000000000e+00
9.886234805579995066e-02 3.000000000000000000e+00
1.092237597812115019e-01 3.000000000000000000e+00
1.195851715066231086e-01 1.000000000000000000e+00
1.299465832320346736e-01 3.000000000000000000e+00
1.403079949574462248e-01 1.000000000000000000e+00
1.506694066828578316e-01 1.000000000000000000e+00
1.610308184082693828e-01 0.000000000000000000e+00
1.713922301336809340e-01 0.000000000000000000e+00
1.817536418590925407e-01 1.000000000000000000e+00
1.921150535845040919e-01 1.000000000000000000e+00
2.024764653099156431e-01 1.000000000000000000e+00
2.128378770353272498e-01 0.000000000000000000e+00
2.231992887607388010e-01 0.000000000000000000e+00
2.335607004861504077e-01 0.000000000000000000e+00
2.439221122115619589e-01 0.000000000000000000e+00
2.542835239369735656e-01 1.000000000000000000e+00
