#     bins                         n
-2.167595859050216733e-01 1.000000000000000000e+00
-2.075926524703500531e-01 0.000000000000000000e+00
-1.984257190356784328e-01 0.000000000000000000e+00
-1.892587856010068126e-01 0.000000000000000000e+00
-1.800918521663351923e-01 1.000000000000000000e+00
-1.709249187316635721e-01 0.000000000000000000e+00
-1.617579852969919796e-01 0.000000000000000000e+00
-1.525910518623203593e-01 3.000000000000000000e+00
-1.434241184276487391e-01 1.000000000000000000e+00
-1.342571849929771188e-01 0.000000000000000000e+00
-1.250902515583054986e-01 1.000000000000000000e+00
-1.159233181236338922e-01 2.000000000000000000e+00
-1.067563846889622720e-01 1.000000000000000000e+00
-9.758945125429065170e-02 3.000000000000000000e+00
-8.842251781961904533e-02 2.000000000000000000e+00
-7.925558438494742508e-02 3.000000000000000000e+00
-7.008865095027580483e-02 4.000000000000000000e+00
-6.092171751560418458e-02 4.000000000000000000e+00
-5.175478408093256433e-02 3.000000000000000000e+00
-4.258785064626094408e-02 1.000000000000000000e+00
-3.342091721158932383e-02 4.000000000000000000e+00
-2.425398377691773133e-02 6.000000000000000000e+00
-1.508705034224611108e-02 6.000000000000000000e+00
-5.920116907574490828e-03 4.000000000000000000e+00
3.246816527097129423e-03 1.100000000000000000e+01
1.241374996176874967e-02 4.000000000000000000e+00
2.158068339644036993e-02 2.000000000000000000e+00
3.074761683111199018e-02 6.000000000000000000e+00
3.991455026578358267e-02 2.000000000000000000e+00
4.908148370045520292e-02 0.000000000000000000e+00
5.824841713512682317e-02 4.000000000000000000e+00
6.741535056979844343e-02 2.000000000000000000e+00
7.658228400447006368e-02 2.000000000000000000e+00
8.574921743914168393e-02 1.000000000000000000e+00
9.491615087381330418e-02 0.000000000000000000e+00
1.040830843084849244e-01 0.000000000000000000e+00
1.132500177431565447e-01 1.000000000000000000e+00
1.224169511778281649e-01 4.000000000000000000e+00
1.315838846124997852e-01 4.000000000000000000e+00
1.407508180471714054e-01 0.000000000000000000e+00
1.499177514818430257e-01 1.000000000000000000e+00
1.590846849165145904e-01 2.000000000000000000e+00
1.682516183511862107e-01 0.000000000000000000e+00
1.774185517858578309e-01 0.000000000000000000e+00
1.865854852205294512e-01 2.000000000000000000e+00
1.957524186552010714e-01 0.000000000000000000e+00
2.049193520898726917e-01 1.000000000000000000e+00
2.140862855245443119e-01 0.000000000000000000e+00
2.232532189592159322e-01 0.000000000000000000e+00
2.324201523938875524e-01 1.000000000000000000e+00
