#     bins                         n
-1.847244945699487162e-01 3.000000000000000000e+00
-1.751401950942165775e-01 1.000000000000000000e+00
-1.655558956184844943e-01 1.000000000000000000e+00
-1.559715961427523556e-01 1.000000000000000000e+00
-1.463872966670202724e-01 1.000000000000000000e+00
-1.368029971912881337e-01 0.000000000000000000e+00
-1.272186977155560506e-01 1.000000000000000000e+00
-1.176343982398239535e-01 1.000000000000000000e+00
-1.080500987640918426e-01 4.000000000000000000e+00
-9.846579928835973161e-02 4.000000000000000000e+00
-8.888149981262762067e-02 2.000000000000000000e+00
-7.929720033689552361e-02 6.000000000000000000e+00
-6.971290086116341267e-02 2.000000000000000000e+00
-6.012860138543130173e-02 7.000000000000000000e+00
-5.054430190969920467e-02 3.000000000000000000e+00
-4.096000243396709373e-02 5.000000000000000000e+00
-3.137570295823498279e-02 5.000000000000000000e+00
-2.179140348250287185e-02 3.000000000000000000e+00
-1.220710400677076091e-02 1.000000000000000000e+00
-2.622804531038649967e-03 4.000000000000000000e+00
6.961494944693460973e-03 3.000000000000000000e+00
1.654579442042554416e-02 3.000000000000000000e+00
2.613009389615765510e-02 5.000000000000000000e+00
3.571439337188976604e-02 5.000000000000000000e+00
4.529869284762187698e-02 2.000000000000000000e+00
5.488299232335398792e-02 1.000000000000000000e+00
6.446729179908609886e-02 2.000000000000000000e+00
7.405159127481820980e-02 3.000000000000000000e+00
8.363589075055029298e-02 3.000000000000000000e+00
9.322019022628243168e-02 5.000000000000000000e+00
1.028044897020145149e-01 2.000000000000000000e+00
1.123887891777466536e-01 1.000000000000000000e+00
1.219730886534787367e-01 1.000000000000000000e+00
1.315573881292108060e-01 1.000000000000000000e+00
1.411416876049429447e-01 1.000000000000000000e+00
1.507259870806750279e-01 0.000000000000000000e+00
1.603102865564071666e-01 2.000000000000000000e+00
1.698945860321392498e-01 1.000000000000000000e+00
1.794788855078713885e-01 2.000000000000000000e+00
1.890631849836034717e-01 0.000000000000000000e+00
1.986474844593356104e-01 0.000000000000000000e+00
2.082317839350676936e-01 0.000000000000000000e+00
2.178160834107997768e-01 0.000000000000000000e+00
2.274003828865319154e-01 1.000000000000000000e+00
2.369846823622639986e-01 0.000000000000000000e+00
2.465689818379961373e-01 0.000000000000000000e+00
2.561532813137282205e-01 0.000000000000000000e+00
2.657375807894603592e-01 0.000000000000000000e+00
2.753218802651924979e-01 0.000000000000000000e+00
2.849061797409245256e-01 1.000000000000000000e+00
