#     bins                         n
-2.684341242047409981e-01 1.000000000000000000e+00
-2.580945567161408993e-01 0.000000000000000000e+00
-2.477549892275406618e-01 0.000000000000000000e+00
-2.374154217389405075e-01 1.000000000000000000e+00
-2.270758542503403254e-01 1.000000000000000000e+00
-2.167362867617401434e-01 2.000000000000000000e+00
-2.063967192731399891e-01 1.000000000000000000e+00
-1.960571517845398071e-01 2.000000000000000000e+00
-1.857175842959396250e-01 2.000000000000000000e+00
-1.753780168073394430e-01 0.000000000000000000e+00
-1.650384493187392609e-01 0.000000000000000000e+00
-1.546988818301391067e-01 2.000000000000000000e+00
-1.443593143415389246e-01 1.000000000000000000e+00
-1.340197468529387426e-01 1.000000000000000000e+00
-1.236801793643385883e-01 1.000000000000000000e+00
-1.133406118757384062e-01 2.000000000000000000e+00
-1.030010443871382242e-01 4.000000000000000000e+00
-9.266147689853804215e-02 4.000000000000000000e+00
-8.232190940993786010e-02 3.000000000000000000e+00
-7.198234192133770581e-02 3.000000000000000000e+00
-6.164277443273752377e-02 3.000000000000000000e+00
-5.130320694413734173e-02 3.000000000000000000e+00
-4.096363945553718744e-02 0.000000000000000000e+00
-3.062407196693700540e-02 3.000000000000000000e+00
-2.028450447833682335e-02 2.000000000000000000e+00
-9.944936989736669064e-03 4.000000000000000000e+00
3.946304988635407351e-04 5.000000000000000000e+00
1.073419798746369502e-02 3.000000000000000000e+00
2.107376547606384931e-02 4.000000000000000000e+00
3.141333296466405911e-02 4.000000000000000000e+00
4.175290045326421340e-02 5.000000000000000000e+00
5.209246794186442320e-02 3.000000000000000000e+00
6.243203543046457749e-02 3.000000000000000000e+00
7.277160291906473177e-02 4.000000000000000000e+00
8.311117040766494157e-02 3.000000000000000000e+00
9.345073789626509586e-02 2.000000000000000000e+00
1.037903053848653057e-01 2.000000000000000000e+00
1.141298728734654599e-01 2.000000000000000000e+00
1.244694403620656142e-01 0.000000000000000000e+00
1.348090078506658240e-01 0.000000000000000000e+00
1.451485753392659783e-01 2.000000000000000000e+00
1.554881428278661326e-01 4.000000000000000000e+00
1.658277103164663424e-01 0.000000000000000000e+00
1.761672778050664967e-01 3.000000000000000000e+00
1.865068452936666510e-01 1.000000000000000000e+00
1.968464127822668608e-01 1.000000000000000000e+00
2.071859802708670151e-01 0.000000000000000000e+00
2.175255477594672249e-01 1.000000000000000000e+00
2.278651152480673792e-01 1.000000000000000000e+00
2.382046827366675890e-01 1.000000000000000000e+00
