#     bins                         n
-2.639701247500145787e-01 1.000000000000000000e+00
-2.543230781424100639e-01 0.000000000000000000e+00
-2.446760315348054105e-01 1.000000000000000000e+00
-2.350289849272008402e-01 0.000000000000000000e+00
-2.253819383195962422e-01 0.000000000000000000e+00
-2.157348917119916443e-01 0.000000000000000000e+00
-2.060878451043870463e-01 0.000000000000000000e+00
-1.964407984967824483e-01 0.000000000000000000e+00
-1.867937518891778781e-01 1.000000000000000000e+00
-1.771467052815732524e-01 3.000000000000000000e+00
-1.674996586739686821e-01 1.000000000000000000e+00
-1.578526120663640842e-01 0.000000000000000000e+00
-1.482055654587594862e-01 0.000000000000000000e+00
-1.385585188511548882e-01 1.000000000000000000e+00
-1.289114722435503180e-01 1.000000000000000000e+00
-1.192644256359457200e-01 7.000000000000000000e+00
-1.096173790283411220e-01 3.000000000000000000e+00
-9.997033242073652404e-02 2.000000000000000000e+00
-9.032328581313192606e-02 1.000000000000000000e+00
-8.067623920552735584e-02 4.000000000000000000e+00
-7.102919259792275786e-02 4.000000000000000000e+00
-6.138214599031815988e-02 1.000000000000000000e+00
-5.173509938271356190e-02 1.000000000000000000e+00
-4.208805277510896392e-02 2.000000000000000000e+00
-3.244100616750436594e-02 5.000000000000000000e+00
-2.279395955989979572e-02 4.000000000000000000e+00
-1.314691295229516999e-02 4.000000000000000000e+00
-3.499866344690599762e-03 3.000000000000000000e+00
6.147180262913970461e-03 5.000000000000000000e+00
1.579422687051859620e-02 1.000000000000000000e+00
2.544127347812316642e-02 4.000000000000000000e+00
3.508832008572779215e-02 5.000000000000000000e+00
4.473536669333236238e-02 4.000000000000000000e+00
5.438241330093693260e-02 3.000000000000000000e+00
6.402945990854155833e-02 2.000000000000000000e+00
7.367650651614612856e-02 5.000000000000000000e+00
8.332355312375075429e-02 3.000000000000000000e+00
9.297059973135532451e-02 4.000000000000000000e+00
1.026176463389598947e-01 2.000000000000000000e+00
1.122646929465645205e-01 0.000000000000000000e+00
1.219117395541690907e-01 2.000000000000000000e+00
1.315587861617737164e-01 1.000000000000000000e+00
1.412058327693782867e-01 3.000000000000000000e+00
1.508528793769828569e-01 0.000000000000000000e+00
1.604999259845874826e-01 1.000000000000000000e+00
1.701469725921920528e-01 2.000000000000000000e+00
1.797940191997966786e-01 0.000000000000000000e+00
1.894410658074012488e-01 0.000000000000000000e+00
1.990881124150058745e-01 2.000000000000000000e+00
2.087351590226104447e-01 1.000000000000000000e+00
