#     bins                         n
-3.048672373294830429e+00 1.000000000000000000e+00
-2.919224307537079177e+00 2.000000000000000000e+00
-2.789776241779327481e+00 5.000000000000000000e+00
-2.660328176021575786e+00 1.700000000000000000e+01
-2.530880110263824534e+00 2.500000000000000000e+01
-2.401432044506073282e+00 2.900000000000000000e+01
-2.271983978748321586e+00 4.500000000000000000e+01
-2.142535912990569891e+00 5.400000000000000000e+01
-2.013087847232818639e+00 5.800000000000000000e+01
-1.883639781475067165e+00 9.500000000000000000e+01
-1.754191715717315692e+00 1.280000000000000000e+02
-1.624743649959564218e+00 1.480000000000000000e+02
-1.495295584201812744e+00 1.870000000000000000e+02
-1.365847518444061270e+00 2.280000000000000000e+02
-1.236399452686309797e+00 2.460000000000000000e+02
-1.106951386928558323e+00 2.940000000000000000e+02
-9.775033211708068492e-01 2.990000000000000000e+02
-8.480552554130555976e-01 3.480000000000000000e+02
-7.186071896553039018e-01 3.740000000000000000e+02
-5.891591238975522060e-01 4.220000000000000000e+02
-4.597110581398009543e-01 4.540000000000000000e+02
-3.302629923820497027e-01 4.800000000000000000e+02
-2.008149266242980069e-01 4.970000000000000000e+02
-7.136686086654631112e-02 5.090000000000000000e+02
5.808120489120494057e-02 4.740000000000000000e+02
1.875292706489561922e-01 4.920000000000000000e+02
3.169773364067078880e-01 4.700000000000000000e+02
4.464254021644595838e-01 4.170000000000000000e+02
5.758734679222108355e-01 4.160000000000000000e+02
7.053215336799620871e-01 4.250000000000000000e+02
8.347695994377137829e-01 3.500000000000000000e+02
9.642176651954654787e-01 3.490000000000000000e+02
1.093665730953216730e+00 2.650000000000000000e+02
1.223113796710967982e+00 2.320000000000000000e+02
1.352561862468719234e+00 2.170000000000000000e+02
1.482009928226471374e+00 2.020000000000000000e+02
1.611457993984222625e+00 1.660000000000000000e+02
1.740906059741973877e+00 1.380000000000000000e+02
1.870354125499726017e+00 8.500000000000000000e+01
1.999802191257477268e+00 8.000000000000000000e+01
2.129250257015228520e+00 6.500000000000000000e+01
2.258698322772979772e+00 4.600000000000000000e+01
2.388146388530731024e+00 2.800000000000000000e+01
2.517594454288483163e+00 1.300000000000000000e+01
2.647042520046234415e+00 1.300000000000000000e+01
2.776490585803985667e+00 5.000000000000000000e+00
2.905938651561737807e+00 7.000000000000000000e+00
3.035386717319489058e+00 3.000000000000000000e+00
3.164834783077240310e+00 1.000000000000000000e+00
3.294282848834991562e+00 1.000000000000000000e+00
