-1.334896435250783275e+00 1.918950848780462959e-01 2.406791110124528454e-01 3.164502829781243420e+00 5.111494567245244980e-03 4.624912969994000866e-02 2.427427796646952629e-03
-1.227053297995881254e+00 8.948215773803291917e-01 -1.604315474648814632e+00 -2.342512492315244887e-01 3.332496931155522202e-02 5.928525633689527702e-02 5.930686990420023022e-03
-1.119210160740979454e+00 -1.203064173016239469e+00 -2.322497289128173215e+00 -1.157154937596411193e+00 -2.362135691302163013e-02 7.599584341877764493e-02 2.160834680710520001e-03
-1.011367023486077432e+00 -8.369969947265958332e-01 -3.838324588757518474e-01 3.823473765121844781e-01 3.716338425874710083e-02 9.741660193070904306e-02 3.338278504088521004e-03
-9.035238862311754104e-01 -6.428845261144877643e-01 9.181818218842844326e-01 1.261667935233529825e+00 1.414284628370533758e-02 1.248751761255058879e-01 2.612694450046705238e-03
-7.956807489762734997e-01 1.722940427490634585e-01 -1.256347948673394027e-02 1.536916974218218490e+00 1.223344206809997637e-03 1.600734300244608110e-01 6.246647834777832066e-03
-6.878376117213715890e-01 1.970925362814452964e-01 -2.189304456332578086e-01 -3.558562154818787904e-01 -6.066004992747792883e-04 2.051929278085104502e-01 5.605063268116541528e-03
-5.799944744664694563e-01 7.171827726112955936e-02 -5.164275035232878119e-01 -2.111195856331126164e-01 4.483847593774600675e-03 2.630301457037227397e-01 5.234723188439193223e-03
-4.721513372115674345e-01 3.688456250524185798e-02 -6.195865710381144309e-01 -1.891230376443167327e-01 -1.545009498824616358e-05 3.371697957031253301e-01 5.047135010450900031e-03
-3.643081999566656348e-01 4.159477518018961373e-02 -8.286126024420259473e-01 -2.190022650790149003e-02 -1.423817695216444057e-03 4.322070036129634918e-01 4.765434205251361729e-03
-2.564650627017636686e-01 1.259953016887332966e-01 -1.335048015035923186e+00 -2.073170413622816774e-02 -2.420874274506861195e-03 5.540321118697547620e-01 4.992537595787827076e-03
-1.486219254468617024e-01 7.619394238042853651e-02 -1.682959178282734891e+00 -3.722450570613350385e-01 1.323744603448717173e-03 7.101957590158167744e-01 4.716620494409935228e-03
-4.077878819195976390e-02 1.820534354543679179e-02 -2.080110787513747894e+00 -2.516019510832300798e-01 -1.715040763725393994e-04 9.103768632144273454e-01 4.149857600023791789e-03
6.706434906294217457e-02 6.964699142184493930e-02 -2.368230088613983320e+00 -2.654542966241328350e-01 5.492521048526324010e-04 1.166982515109164842e+00 4.162592009767325518e-03
1.749074863178441963e-01 -1.300786366594564036e-02 -2.838290626642263614e+00 -4.353821805548004908e-01 3.288769740481262008e-04 1.495916960984702504e+00 3.637293496734879568e-03
2.827506235727462180e-01 -2.593919856518378531e-02 -2.933900532519102988e+00 -2.663236493506452307e-01 -4.588707521192612426e-04 1.917567337289862506e+00 3.353187864494400205e-03
3.905937608276482398e-01 -1.118714951690935600e-02 -2.906697654250272045e+00 -3.259756681345770124e-01 -5.663210028284662492e-04 2.458067251687866772e+00 3.186661917884070754e-03
4.984368980825502615e-01 2.849801493202086533e-02 -2.944810438224517490e+00 -5.799735560546822599e-01 4.169852238850068672e-04 3.150916526540215035e+00 2.851999258693260417e-03
6.062800353374522278e-01 -1.680080171960351976e-02 -2.853265181311835264e+00 -7.014352704467637922e-01 8.529586631769329802e-04 4.039057495439500656e+00 2.389151306375262348e-03
7.141231725923540274e-01 -6.437001576573031514e-02 -2.827375006631866583e+00 -6.320750419029137479e-01 5.961444850654983507e-04 5.177536540258389053e+00 2.013072647823926746e-03
8.219663098472559382e-01 6.232512127778977451e-03 -2.892986551810226015e+00 -4.896104978138281494e-01 -4.002610349511285344e-04 6.636915828996856170e+00 1.745475445503442101e-03
9.298094471021578489e-01 9.234158906086653573e-02 -2.876261931962205143e+00 -6.562945885269101387e-01 3.281064560818921887e-04 8.507646711652322224e+00 1.578545788070580573e-03
1.037652584357059871e+00 1.055070401261049007e-02 -2.774071088660305939e+00 -9.007201610859075780e-01 3.528860673627817572e-04 1.090567583425696974e+01 1.259969432296849032e-03
1.145495721611961892e+00 1.160660533057000787e-02 -2.813348407023133380e+00 -8.790882972572028331e-01 3.531330874349646997e-04 1.397963143427210042e+01 1.009216187510553805e-03
1.253338858866864136e+00 -3.979133010231561407e-02 -2.853826779399259106e+00 -8.608414569609095235e-01 -1.906049662622912152e-04 1.792003521911064112e+01 8.142405542834051276e-04
1.361181996121765936e+00 -2.028196658801444396e-01 -2.968986396086348734e+00 -9.749525313790075032e-01 3.811324416904057766e-04 2.297111077384323963e+01 6.581312624095094366e-04
1.469025133376667736e+00 -2.364838712605257243e-01 -3.144955840186772100e+00 -8.933496877690109139e-01 -5.311822918221042935e-05 2.944592037528176576e+01 5.017285908287234071e-04
1.576868270631569535e+00 -1.988175603359598753e-01 -3.301291437601025169e+00 -8.196653452629995007e-01 1.226347234674090734e-03 3.774576838202969498e+01 4.223079479713094360e-04
1.684711407886471557e+00 -7.186770780397822023e-02 -3.518327961625282718e+00 -5.414670741958350630e-01 1.165571472890041021e-04 4.838507380960749771e+01 3.339475681230969807e-04
1.792554545141373579e+00 3.386907427965680784e-01 -3.613529703894053036e+00 -5.144058545072407451e-01 -3.036145075730580845e-04 6.202325367618538365e+01 3.227321558419779936e-04
1.900397682396275600e+00 6.211254451879447691e-01 -3.943542692671823335e+00 -1.102305639444402852e+00 -5.170255633811474561e-04 7.950559322731866985e+01 2.586592433711849175e-04
2.008240819651177844e+00 7.176090010070101943e-01 -5.134620090353149813e+00 -1.534768284201440736e+00 -2.627738554974768954e-03 1.019156361488166311e+02 1.866766687636071953e-04
2.116083956906079866e+00 7.565183404718617277e-01 -3.973980285612072283e+00 -3.501834425408881124e+00 -7.959311909418179815e-03 1.306423418780177030e+02 1.206978542639234616e-04
2.223927094160981888e+00 6.944901669419214496e-01 -1.855128388994477184e+00 -8.146359895215843361e-01 -2.386029673974041088e-03 1.674661723786044547e+02 3.279385115453588642e-05
2.331770231415883909e+00 9.497059942420433831e-01 -1.713295713889995575e+00 4.560554707801252938e+00 6.822949330996008407e-03 2.146694439795509197e+02 8.053668467389001463e-05
2.439613368670785487e+00 9.858543154382739537e-01 -3.139759202533295657e+00 3.655807362496390489e+00 1.652466505367700816e-02 2.751777838112043924e+02 3.158213428352555567e-04
2.547456505925687509e+00 9.905949837515779510e-01 -7.769907404578220600e+00 1.498235312248895390e+00 2.170081663466728178e-02 3.527414582135837691e+02 4.948814989159946390e-04
