-1.087691998831055384e+00 1.081817350831399960e-01 -5.431526077583908041e-01 -3.434197174893156325e-03 7.642364162567246572e-03 8.171616960822593312e-02 1.823007508953270947e-02
-8.257872369262934109e-01 -7.071128748401567243e-02 -7.398660937195504772e-01 7.380667258792811269e-02 -2.460683662879285284e-03 1.493525916316219004e-01 1.831049846513622265e-02
-5.638824750215315484e-01 -6.511364979106915030e-02 -1.132070751540664055e+00 1.287438464095775614e-01 1.471219342641805943e-03 2.729716374865001627e-01 1.992732920545212810e-02
-3.019777131167696860e-01 3.903331683207911240e-02 -1.697342583466402433e+00 -5.300135882255796460e-02 1.542822217292150969e-03 4.989100895942188418e-01 2.138638693684519199e-02
-4.007295121200771942e-02 4.513560395734805830e-03 -2.341422255810883257e+00 -3.365855371564775989e-01 -4.029813898653617377e-04 9.118576559486750721e-01 1.869332165884454722e-02
2.218318106927542055e-01 1.851150071542906339e-03 -3.054108619494928956e+00 -5.722315339741509410e-01 6.876315464683933941e-04 1.666601662412735996e+00 1.425051994001620866e-02
4.837365725975161235e-01 -4.273657984764644979e-03 -3.684810401174177130e+00 -7.905125409685999083e-01 7.287535581837081920e-04 3.046046806798136330e+00 9.374457655240914580e-03
7.456413345022779859e-01 -1.220560137949355806e-02 -4.148226793242620225e+00 -9.164094799523553325e-01 -8.896400212737983967e-05 5.567257826787955111e+00 5.492280540918229037e-03
1.007546096407039737e+00 7.501827719183284948e-03 -4.478585224705621926e+00 -1.076187911221342164e+00 -1.017330051925529515e-03 1.017527361718764034e+01 3.104003043260686844e-03
1.269450858311801600e+00 -4.877484878240223587e-02 -4.713497113994042031e+00 -1.303957219077856777e+00 1.192220763910148591e-03 1.859734116973173812e+01 1.499806512971187241e-03
1.531355620216563906e+00 7.806003110151793489e-02 -5.671062983800858603e+00 -2.478314165797421698e+00 1.073144619760949643e-03 3.399034872135383978e+01 6.440164022196352787e-04
