-1.374552735740848242e+00 7.193469404440075987e-01 -6.910083535642955743e-01 9.173978836073357623e-01 -1.364407357242372262e-02 4.221310171896706931e-02 2.114250759283701347e-02
-1.292219990557789133e+00 5.539603916811131068e-02 -4.918621127618326705e-01 -9.565849675864891433e-01 -7.351874113082885499e-03 5.102464706940635503e-02 1.773756623268127330e-02
-1.209887245374729803e+00 2.778144283968055905e-01 3.040805522795949623e-01 3.062452085832147453e-01 -1.068658630053202427e-02 6.167551074285726465e-02 1.471092436048719761e-02
-1.127554500191670472e+00 2.785867258641371302e-01 -3.981838582731190290e-01 1.024440618478783260e-01 9.803467638352337740e-03 7.454963128344785361e-02 1.992150054258458661e-02
-1.045221755008611364e+00 -1.484134479940455442e-01 -1.367324497107272885e+00 2.486276462218635352e-01 2.230797695512531237e-02 9.011109040781901947e-02 1.529357313108043424e-02
-9.628890098255522556e-01 -5.004285740844904851e-02 -5.833430077713618322e-01 3.461890206170669115e-01 5.064539089324368061e-03 1.089208420577260084e-01 2.189084071262626871e-02
-8.805562646424931472e-01 -9.754460910240903004e-03 -2.772102329833993628e-01 -5.078469476594610343e-01 7.752772118594195450e-04 1.316569334681435277e-01 1.743870973587036133e-02
-7.982235194594338168e-01 -4.641513871774094468e-02 -8.681873616564088625e-01 3.805627731579367956e-01 -4.445678280806487220e-03 1.591389471727433225e-01 1.805666638941319513e-02
-7.158907742763745974e-01 3.891611265139760523e-02 -7.116626131885331885e-01 -2.272008129824371059e-02 -5.006455008620410742e-03 1.923575450234606410e-01 2.014558599365602609e-02
-6.335580290933154890e-01 -1.000412097080192186e-01 -9.194088477886394051e-01 5.384087025146841454e-02 3.562646807381933053e-03 2.325101792164560588e-01 1.790178598572010962e-02
-5.512252839102562696e-01 -6.151227158352901014e-02 -1.168079232126433498e+00 3.666780797248259671e-01 1.446975111470791449e-04 2.810442576228296963e-01 2.056106651107306518e-02
-4.688925387271970502e-01 -5.957412942597817285e-02 -1.293184237090867716e+00 1.296916144593225073e-01 4.709096844686845931e-03 3.397093194325712107e-01 2.057195599569658362e-02
-3.865597935441379418e-01 3.835250045822302667e-02 -1.489467723464377169e+00 1.037768613701973291e-01 -1.240417189981745565e-04 4.106201019207956771e-01 2.159739499804617241e-02
-3.042270483610787224e-01 4.278693453138238123e-02 -1.664889238611626077e+00 -3.922706488327545177e-02 -5.880363557020179760e-04 4.963327717446144316e-01 2.139755022509699789e-02
-2.218943031780194752e-01 4.193481465101989158e-02 -1.959729094610221045e+00 -2.059199419495676420e-01 3.386674685207678899e-03 5.999370687293071880e-01 2.127854986178405114e-02
-1.395615579949603946e-01 -2.272732374070041139e-02 -2.051991308686119453e+00 -3.266419545949093006e-01 1.918461298491409969e-03 7.251676837102158935e-01 1.979047172801810459e-02
-5.722881281190112662e-02 -5.280889908475749905e-03 -2.266092325499827975e+00 -3.035106208700752983e-01 4.129173353776189096e-04 8.765388853391766766e-01 1.879989266485674118e-02
2.510393237115809625e-02 1.608316548319510542e-02 -2.551840074655447488e+00 -4.258597452557961183e-01 -3.242556262827556764e-03 1.059507248834704818e+00 1.763918117676117545e-02
1.074366775542173053e-01 6.010353137445578753e-04 -2.705636194991791754e+00 -4.984000206390069021e-01 -5.653194018772670325e-04 1.280668352664026122e+00 1.599672083951989010e-02
1.897694227372765385e-01 3.636081308647787225e-04 -3.056794354807350622e+00 -5.394079885763227722e-01 6.068767497785106622e-04 1.547994533608959333e+00 1.460189217707980394e-02
2.721021679203355914e-01 2.333497884188173721e-02 -3.365819416435142042e+00 -7.334986531906657614e-01 2.185561519301141079e-03 1.871122270725672276e+00 1.303794320925699170e-02
3.544349131033948108e-01 -3.512225937282131838e-02 -3.462089347933823280e+00 -7.264150529902887454e-01 1.801224186837209202e-04 2.261699557713046538e+00 1.105674317097377068e-02
4.367676582864540302e-01 1.463757143817978612e-02 -3.671587294105633337e+00 -7.660024192211649652e-01 1.423476497579065315e-03 2.733805785645180286e+00 9.899051737341081278e-03
5.191004034695131386e-01 -5.125651697400979145e-03 -3.838723581736865231e+00 -8.962879661835584377e-01 -6.034249303461492757e-06 3.304459271851388102e+00 8.269762892737885299e-03
6.014331486525723580e-01 3.334715705850388456e-02 -3.949804820685279161e+00 -9.518870072656487880e-01 4.035290163701994314e-04 3.994230730164179732e+00 7.047026370053000900e-03
6.837658938356316884e-01 -5.452754313354013505e-03 -4.145923279695945318e+00 -9.266862619110305399e-01 3.848726666432280034e-04 4.827984796692443403e+00 5.764347007529830452e-03
7.660986390186907968e-01 3.954820373537892841e-02 -4.225831355138854661e+00 -1.015649251168314615e+00 -2.700916428542412206e-04 5.835776341377064469e+00 4.959211710846601028e-03
8.484313842017499052e-01 -1.181857439504676588e-01 -4.365296090950866237e+00 -9.722803767812588926e-01 -8.303014400947695238e-04 7.053933875249061458e+00 3.922001315573264181e-03
9.307641293848092356e-01 4.916276546367193134e-02 -4.404667414453219187e+00 -9.773795484785862131e-01 -1.429204060400039679e-03 8.526369107669555802e+00 3.430138245809796239e-03
1.013096874567868344e+00 -2.764461044198185391e-02 -4.599129912482956328e+00 -1.086122311404172258e+00 -4.264420651374979286e-05 1.030615986000504236e+01 2.707491191566413144e-03
1.095429619750927452e+00 -4.002786070244113148e-02 -4.763416213646832986e+00 -1.167201898991137021e+00 6.415104793560179623e-04 1.245746339604697184e+01 2.272295251322613893e-03
1.177762364933986783e+00 -4.093713496555295706e-02 -4.627331155121599870e+00 -1.398310365580825998e+00 -7.000454233889757581e-05 1.505782914022976193e+01 1.739278703639451310e-03
1.260095110117045891e+00 -4.038636574221965425e-02 -4.597426243709100468e+00 -1.204073496267868304e+00 1.200452866294817855e-03 1.820099415169074675e+01 1.337245973368746642e-03
1.342427855300105000e+00 -1.753120677519159898e-02 -4.888302665196516905e+00 -1.071092234706521040e+00 1.654252824904043446e-03 2.200026212442638140e+01 1.101792537713352669e-03
1.424760600483164330e+00 1.102338912964015982e-01 -4.868603380169187922e+00 -1.520039477662414651e+00 8.226978481957738717e-04 2.659258771854003456e+01 8.909213588612289580e-04
1.507093345666223438e+00 1.248301670785072481e-01 -4.869021721786799262e+00 -2.966050616738417300e+00 1.449754452094053530e-03 3.214351345310091546e+01 6.191584162223033377e-04
1.589426090849282547e+00 -2.493363696952239916e-01 -4.695568133599409499e+00 -5.126363857131065238e+00 1.119005934212558831e-03 3.885313712397161368e+01 2.893564659495686414e-04
