-1.087691998831055384e+00 4.684755304929318909e-01 6.931334069195371761e-01 5.067805566647649584e-01 1.713230976691612964e-02 8.171616960822593312e-02 8.738465034044707105e-03
-8.257872369262934109e-01 -3.753991593262684390e-02 -4.437483441388545558e-02 -4.494692632063466142e-01 4.493029638268481417e-03 1.493525916316219004e-01 5.073417877328807030e-03
-5.638824750215315484e-01 3.080802722712083774e-02 -4.151398785017716420e-01 -8.207311350199626709e-02 -3.682609165416044026e-03 2.729716374865001627e-01 5.081581227919634500e-03
-3.019777131167696860e-01 -1.381064683588473230e-02 -1.044703588387796866e+00 -1.596628896246940765e-01 -2.167962951424681501e-03 4.989100895942188418e-01 4.595258598955570539e-03
-4.007295121200771942e-02 4.189573348131192532e-03 -2.040383617938401617e+00 -2.054923082069254336e-01 -1.722785854424673272e-03 9.118576559486750721e-01 4.191465828697347844e-03
2.218318106927542055e-01 8.506857790208988135e-03 -2.729286117171232373e+00 -3.101679324775379332e-01 -1.596831010611489497e-03 1.666601662412735996e+00 3.586502420695954294e-03
4.837365725975161235e-01 2.263027974579479018e-02 -2.888014973298328680e+00 -4.782196553301502062e-01 -1.287792693772626647e-03 3.046046806798136330e+00 2.883347674712766207e-03
7.456413345022779859e-01 2.063518735447600339e-02 -2.884249939239209581e+00 -6.323596480285740284e-01 -5.118002304674390502e-04 5.567257826787955111e+00 2.014536397410294707e-03
1.007546096407039737e+00 -7.645053057360295945e-02 -2.855029931212190064e+00 -7.790866395279191225e-01 -1.206738055336218415e-03 1.017527361718764034e+01 1.344810238146094744e-03
1.269450858311801600e+00 -3.265419374385740703e-01 -2.875564507797660152e+00 -8.357752813180638896e-01 -1.310941601353956577e-03 1.859734116973173812e+01 7.871946189338194103e-04
1.531355620216563906e+00 -7.256836558255952419e-02 -3.306984762546332668e+00 -7.236376743734658223e-01 -8.813848154352154751e-04 3.399034872135383978e+01 4.907654205546470912e-04
1.793260382121325769e+00 6.134954353617736444e-01 -3.333581700319066865e+00 -3.369767592531759948e-01 -1.873568476034877901e-03 6.212413891076156602e+01 3.288772339223689314e-04
2.055165144026087631e+00 9.284556921570976673e-01 -2.569830180560317423e+00 1.571415704080865172e+00 9.321796342357524523e-03 1.135442494880611122e+02 3.268604082780422857e-04
2.317069905930849494e+00 9.876014922149819464e-01 -2.298245875612794809e+00 2.398734230081764451e+00 4.110780500027162720e-02 2.075247531450898464e+02 2.188549242644773768e-03
2.578974667835611356e+00 9.961752550141668161e-01 -2.879468081392458689e+00 1.521096862672008054e+00 7.256646268299983549e-02 3.792928603791494879e+02 5.899866078191692842e-03
2.840879429740373219e+00 9.988151860903173862e-01 -3.944465488670714670e+00 1.403427915483912436e+00 1.140688080635445245e-01 6.932333215884656283e+02 1.370633511784032782e-02
3.102784191645135081e+00 9.995703328689696798e-01 -6.535614744130692877e+00 1.329374642248809080e+00 1.765842364101336270e-01 1.267022104450334609e+03 3.206055689042139334e-02
