-1.334896435250783275e+00 -1.513367012309425164e+01 -1.604315474648810858e+00 -1.658661200338123365e+00 6.863417103886604309e-03 4.624912969994000866e-02 9.421297727385535836e-05
-1.227053297995881254e+00 -2.536825434625991527e+00 6.077921608696221778e-01 7.725103190321951807e+00 2.711983025074005127e-02 5.928525633689527702e-02 1.136727010210355051e-03
-1.119210160740979454e+00 -9.810415561190444222e-02 -1.155005414338739600e+00 2.669995086305813281e+00 -1.541421136685779993e-02 7.599584341877764493e-02 4.368269816040992737e-03
-1.011367023486077432e+00 -7.545377677156048790e-01 2.406791110124528454e-01 2.017719508088502145e-01 -6.117836882670720129e-03 9.741660193070904306e-02 4.280923555294672070e-03
-9.035238862311754104e-01 -1.208494371844039961e-01 1.554166625910728738e+00 4.332432771952672845e-01 -9.571966384687730783e-04 1.248751761255058879e-01 4.828685233669896028e-03
-7.956807489762734997e-01 4.034311274585056228e-02 -4.967712442240928006e-01 1.936566796440447324e-01 -5.167339529309953466e-03 1.600734300244608110e-01 5.308625649432746271e-03
-6.878376117213715890e-01 7.441793565757215401e-02 -8.656041522128628263e-02 -3.289075414968594679e-01 8.737402302878245069e-03 2.051929278085104502e-01 5.316159271058582686e-03
-5.799944744664694563e-01 -9.892971638296699233e-02 -5.854478595909826666e-01 -1.704775009228522153e-01 5.734454713216641936e-03 2.630301457037227397e-01 4.508595350312023971e-03
-4.721513372115674345e-01 -4.362705632924002153e-02 -7.813228736837486421e-01 1.288071684689249263e-01 -1.103330071950923454e-02 3.371697957031253301e-01 4.884592370490807405e-03
-3.643081999566656348e-01 3.217986370266356921e-02 -7.228100802808458125e-01 -6.437206911153849076e-02 -4.759350443274025099e-04 4.322070036129634918e-01 4.806436368120395146e-03
-2.564650627017636686e-01 2.483062003546532281e-03 -1.181412968495006766e+00 -9.339844980544449726e-02 -2.799929859482239332e-03 5.540321118697547620e-01 4.730904213735990897e-03
-1.486219254468617024e-01 2.430315162818452723e-02 -1.869692186500719444e+00 -3.185472021653579233e-02 -1.284316693258159619e-03 7.101957590158167744e-01 4.588581326769021126e-03
-4.077878819195976390e-02 1.023895877217079198e-01 -2.218883581646469594e+00 -2.331198338786691360e-01 -2.415526326497395831e-03 9.103768632144273454e-01 4.656649271647135893e-03
6.706434906294217457e-02 -2.382521905537049456e-02 -2.402821253149183711e+00 -4.808057802521230051e-01 -1.263508651548981643e-03 1.166982515109164842e+00 4.086934570339820910e-03
1.749074863178441963e-01 -8.593961689868989673e-02 -2.649183733609177693e+00 -3.448219717532888806e-01 1.189117862722592021e-04 1.495916960984702504e+00 3.667501681007911615e-03
2.827506235727462180e-01 4.182948280266884922e-02 -2.996807693119096339e+00 -2.985054600710489447e-01 6.247312334884866890e-04 1.917567337289862506e+00 3.443692133094010139e-03
3.905937608276482398e-01 -2.830218133347273124e-04 -3.100970296074061494e+00 -4.472803483632489807e-01 -8.584396856131293243e-04 2.458067251687866772e+00 3.162181481235289485e-03
4.984368980825502615e-01 -4.644392037645928006e-02 -2.859113531320021995e+00 -6.015130899597482816e-01 -6.728003552045780811e-04 3.150916526540215035e+00 2.757732177167223752e-03
6.062800353374522278e-01 -5.677557337836036666e-03 -2.705603648988521570e+00 -6.639973894521880027e-01 -9.997977062801276672e-04 4.039057495439500656e+00 2.345571486260803612e-03
7.141231725923540274e-01 1.661141358482332020e-02 -2.871815363276108535e+00 -5.455986622475786918e-01 -1.452359967481002502e-03 5.177536540258389053e+00 1.983065062673742499e-03
8.219663098472559382e-01 4.286813829282354327e-02 -3.020751270679400413e+00 -6.418063095375882154e-01 -1.124890981184639314e-03 6.636915828996856170e+00 1.788836017710385487e-03
9.298094471021578489e-01 1.875532413067848569e-02 -2.843666232001538230e+00 -6.522771784567154008e-01 -6.249313071385555933e-04 8.507646711652322224e+00 1.441810391959051120e-03
1.037652584357059871e+00 -7.330474299168088237e-02 -2.727307801635505680e+00 -7.087979962611125062e-01 -8.059741594852545300e-04 1.090567583425696974e+01 1.293848111079289433e-03
1.145495721611961892e+00 -1.678030978601590117e-01 -2.784110779171558026e+00 -9.402373159660418755e-01 -6.697678875053435623e-04 1.397963143427210042e+01 1.013981782063900139e-03
1.253338858866864136e+00 -2.967835694316165451e-01 -2.769596541687287417e+00 -9.269806441646664119e-01 -8.872861722138303698e-04 1.792003521911064112e+01 8.111235527699802534e-04
1.361181996121765936e+00 -3.471788083079661025e-01 -3.001740568162003520e+00 -8.775792479378333732e-01 2.794524744397435890e-04 2.297111077384323963e+01 6.398720650238259389e-04
1.469025133376667736e+00 -2.493348174254912397e-01 -3.228582616762824653e+00 -8.884690111996509376e-01 -8.829114072948093198e-04 2.944592037528176576e+01 5.245721305825181650e-04
1.576868270631569535e+00 -2.007750116114774830e-01 -3.307296357065558912e+00 -6.689947815680072907e-01 -4.887120910437710254e-04 3.774576838202969498e+01 4.115878817546798928e-04
1.684711407886471557e+00 2.414723644265835967e-01 -3.513413699634309495e+00 -4.998017496036458729e-01 -4.048914107431217624e-05 4.838507380960749771e+01 3.762809411516602359e-04
1.792554545141373579e+00 5.518462441436480237e-01 -3.944482160410510474e+00 -8.540186630992948613e-01 -5.899159027081818515e-04 6.202325367618538365e+01 3.211161898491774283e-04
1.900397682396275600e+00 6.762149351675692532e-01 -4.213189434704599279e+00 -1.651267221779164407e+00 -2.977446680928504466e-03 7.950559322731866985e+01 2.462136451266865641e-04
2.008240819651177844e+00 7.236188935234375563e-01 -3.831067153938728875e+00 -2.876943247367156342e+00 -5.133894845219349329e-03 1.019156361488166311e+02 1.414185978149674037e-04
2.116083956906079866e+00 7.462047257826870394e-01 -2.686752216229554957e+00 -4.427960103188907648e-01 -2.195464347517857209e-03 1.306423418780177030e+02 5.899224810700748697e-05
2.223927094160981888e+00 9.432567410924084239e-01 -1.747264195585088054e+00 3.921272046860504457e+00 7.069452709879358795e-03 1.674661723786044547e+02 1.135014748949905971e-04
2.331770231415883909e+00 9.816056639059578259e-01 -1.650748288755751414e+00 4.582264145220524831e+00 1.801391183240606472e-02 2.146694439795509197e+02 4.135799781460674715e-04
2.439613368670785487e+00 9.893135912982701230e-01 -1.725810823009454431e+00 3.429158431012017783e+00 3.117995950120005383e-02 2.751777838112043924e+02 1.104925476496492528e-03
2.547456505925687509e+00 9.933759524681630149e-01 -1.998414091782873880e+00 2.565227357706700850e+00 4.562390627708910740e-02 3.527414582135837691e+02 2.270815827699926640e-03
2.655299643180589531e+00 9.959926837618343631e-01 -2.449457980148275649e+00 2.060398389379976880e+00 6.084652206720995993e-02 4.521678117300805297e+02 3.950183943432506069e-03
2.763142780435491552e+00 9.975870152805590418e-01 -2.808677130136894018e+00 1.779389991304252350e+00 7.749168779746856695e-02 5.796192230995775390e+02 6.318028275915488212e-03
2.870985917690393574e+00 9.985367622117998776e-01 -3.284057675637743756e+00 1.649368993209406220e+00 9.609181870700773953e-02 7.429950453596345596e+02 9.558886776478866393e-03
2.978829054945295152e+00 9.991105501678955170e-01 -3.946235938871116122e+00 1.615422941959061331e+00 1.182925848885555964e-01 9.524212024522953470e+02 1.433269366314170699e-02
3.086672192200197173e+00 9.994508572565581339e-01 -4.734689998143633005e+00 1.647752172043665642e+00 1.449358786644601160e-01 1.220877787201941828e+03 2.132219317198783340e-02
3.194515329455099195e+00 9.996546227592629785e-01 -6.088137443151492967e+00 1.659864630078874637e+00 1.793096201466668760e-01 1.565003558767128197e+03 3.248817725334661455e-02
3.302358466710001217e+00 9.997816503938731225e-01 -8.716425285836715275e+00 1.534217511326371630e+00 2.196508711310708462e-01 2.006127201779170036e+03 4.862301577428343458e-02
3.410201603964903239e+00 9.998441159446100901e-01 -1.502341721982211098e+01 7.002069197732946337e-01 2.622783319736884389e-01 2.571589263917560856e+03 6.960412932605278269e-02
