-1.045221755008611364e+00 4.692855995165420291e-01 -4.702830985586929913e-01 1.001807849516087368e+00 1.395679712295532227e-01 9.011109040781901947e-02 8.583597011036342081e-03
-9.628890098255522556e-01 5.531937439955570968e-01 1.086256133009356195e-01 -1.118365996521448746e+00 8.988750725984573364e-02 1.089208420577260084e-01 7.139380400379498511e-03
-8.805562646424931472e-01 2.804568541634222534e-01 -2.673751635780929892e-01 -9.171837045686384027e-01 1.275131478905677795e-02 1.316569334681435277e-01 5.617111369415565131e-03
-7.982235194594338168e-01 -8.439705439614941795e-02 -1.382976974636598300e+00 -7.914971962378348769e-01 -1.159684583544731140e-01 1.591389471727433225e-01 5.042338743805885315e-03
-7.158907742763745974e-01 -2.092701296755463680e-01 -6.698240250321566558e-01 -5.714499082819376463e-01 7.130914926528930664e-02 1.923575450234606410e-01 4.160837555418208517e-03
-6.335580290933154890e-01 -2.005502550574942422e-01 1.588639841192376057e-01 5.126553165736581485e-01 1.185595691204071045e-01 2.325101792164560588e-01 4.060073902732446935e-03
-5.512252839102562696e-01 -3.217194501422948605e-02 7.870081372847737011e-02 6.385292028839347767e-01 -1.095509454607963562e-01 2.810442576228296963e-01 5.053559690713882793e-03
-4.688925387271970502e-01 -6.180623982485089485e-02 -5.668073127121253663e-01 -2.484831455196983563e-01 -7.028044015169143677e-02 3.397093194325712107e-01 5.172228025010794719e-03
-3.865597935441379418e-01 -8.538233308223786011e-03 -3.549507792038805731e-01 -1.344432067027437061e-01 -3.828617930412292480e-02 4.106201019207956771e-01 4.599184169436333104e-03
-3.042270483610787224e-01 1.700682453565646179e-01 -8.700306242898324660e-01 -1.983912525649528247e-01 -8.706110715866088867e-02 4.963327717446144316e-01 4.915180901988299052e-03
-2.218943031780194752e-01 -1.488390243173807193e-01 -1.409031320037712032e+00 -3.197475631558083231e-01 -5.685829743742942810e-02 5.999370687293071880e-01 4.265919029048928154e-03
-1.395615579949603946e-01 1.165819655387378972e-02 -1.769969384777393184e+00 -6.321385879408629449e-02 -1.564995646476745605e-01 7.251676837102158935e-01 4.353996917927721415e-03
-5.722881281190112662e-02 2.992166932622664088e-02 -2.204186516489346381e+00 -1.222752648312988716e-01 1.457044929265975952e-01 8.765388853391766766e-01 4.164889340297397644e-03
2.510393237115809625e-02 -7.003979058656017997e-03 -2.465886213177787667e+00 -1.621134516351628585e-01 -4.656022787094116211e-02 1.059507248834704818e+00 4.156747084397536401e-03
1.074366775542173053e-01 3.829635359785577009e-02 -2.425803829155345426e+00 -3.064263681100932168e-01 -1.697823591530323029e-02 1.280668352664026122e+00 3.916597801800731672e-03
1.897694227372765385e-01 -1.402748447010848665e-02 -2.636172028493402486e+00 -4.044614527023855377e-01 6.345878541469573975e-02 1.547994533608959333e+00 3.700801169518196879e-03
2.721021679203355914e-01 1.536350699354294136e-02 -3.014408668539982017e+00 -4.807964933136438801e-01 7.291704416275024414e-02 1.871122270725672276e+00 3.359759049531774004e-03
3.544349131033948108e-01 1.662943727241483760e-02 -3.198888967747335776e+00 -3.902459009818947666e-01 -6.253498047590255737e-02 2.261699557713046538e+00 3.084076643583488417e-03
4.367676582864540302e-01 -3.984995736462559890e-02 -3.027727979633216826e+00 -2.052178105871375891e-01 1.093693822622299194e-01 2.733805785645180286e+00 2.897664497109584715e-03
5.191004034695131386e-01 5.710155427268837069e-02 -2.778898173538999039e+00 -4.466937770794524587e-01 5.094429478049278259e-02 3.304459271851388102e+00 2.853204306942116932e-03
6.014331486525723580e-01 4.821634918251782587e-02 -2.706370221646596352e+00 -6.745011881285587485e-01 9.168873727321624756e-02 3.994230730164179732e+00 2.446206128573746950e-03
6.837658938356316884e-01 8.398574963881744182e-03 -2.701381823290440298e+00 -6.854288794658885964e-01 -2.075244486331939697e-02 4.827984796692443403e+00 2.209356515714437728e-03
7.660986390186907968e-01 2.612153943419914803e-02 -2.897517237332598583e+00 -7.742584234412062116e-01 1.589482724666595459e-01 5.835776341377064469e+00 1.886368637723263332e-03
8.484313842017499052e-01 4.055284294075156559e-02 -3.105487747164286105e+00 -6.255542143687016221e-01 -2.108199149370193481e-02 7.053933875249061458e+00 1.647297954146480182e-03
9.307641293848092356e-01 -1.101651125599900638e-03 -3.051908328708919704e+00 -6.374644026832786414e-01 -3.906124085187911987e-02 8.526369107669555802e+00 1.488056344575121445e-03
1.013096874567868344e+00 -1.305274107823028995e-01 -2.841600754239974158e+00 -8.566151064655984637e-01 3.533609211444854736e-03 1.030615986000504236e+01 1.293611210703060318e-03
1.095429619750927452e+00 -2.364728317969309046e-01 -2.595768563553802810e+00 -9.747516289734403649e-01 -9.122230857610702515e-02 1.245746339604697184e+01 1.075386126390242246e-03
1.177762364933986783e+00 -2.800538639145111475e-01 -2.559493357148178383e+00 -8.567788735364170183e-01 2.208705246448516846e-02 1.505782914022976193e+01 8.939141576940363163e-04
1.260095110117045891e+00 -3.840961819564148172e-01 -3.036226303990903208e+00 -8.629424444367072011e-01 -6.596589088439941406e-02 1.820099415169074675e+01 7.771100329168527474e-04
1.342427855300105000e+00 -3.422907532796690688e-01 -2.948471054501832000e+00 -1.023666477709408440e+00 -1.545929610729217529e-01 2.200026212442638140e+01 6.444644634991014871e-04
1.424760600483164330e+00 -3.470759531934788367e-01 -2.956787109876954034e+00 -7.169807821646126955e-01 -8.330135047435760498e-02 2.659258771854003456e+01 5.271327188158444468e-04
1.507093345666223438e+00 -1.033483145531579606e-01 -3.352315331832908196e+00 -3.837115258367806425e-01 -2.315639704465866089e-02 3.214351345310091546e+01 4.910627400420231135e-04
1.589426090849282547e+00 2.469874900054088718e-01 -3.559777681998508303e+00 -3.663988912197363446e-01 -4.208903014659881592e-02 3.885313712397161368e+01 4.557597066260145086e-04
1.671758836032341877e+00 5.068791687490326048e-01 -3.656353163738829348e+00 -8.137906194031416796e-01 -1.667608693242073059e-02 4.696332485795863221e+01 4.273697017008653621e-04
1.754091581215401208e+00 6.238682467734693038e-01 -3.705065011901715444e+00 -1.296761398297673340e+00 -1.020982861518859863e-01 5.676642981689559520e+01 3.347593342538267768e-04
1.836424326398460316e+00 7.208242166619223124e-01 -3.542525611647808770e+00 -1.500637886601529969e+00 -4.217459261417388916e-02 6.861583084040191238e+01 2.613797138346776261e-04
1.918757071581519424e+00 7.771864863530311140e-01 -3.105117164275707164e+00 -1.023777718281691840e+00 -1.042328625917434692e-01 8.293867092056143520e+01 1.895088176432153839e-04
2.001089816764578977e+00 8.761871493250145138e-01 -2.567796052046159794e+00 1.673308782769470815e+00 7.893388718366622925e-02 1.002512547005238162e+02 1.772927670251755615e-04
2.083422561947637863e+00 9.474008915323595126e-01 -2.115690153373726901e+00 3.779184140651732360e+00 4.326855763792991638e-02 1.211776600405794113e+02 3.574091225422074939e-04
2.165755307130697194e+00 9.713005220847366061e-01 -1.866873119077958609e+00 3.686435816467294124e+00 3.458551689982414246e-02 1.464722345548212843e+02 7.430058409147755625e-04
2.248088052313756080e+00 9.815718644040519747e-01 -1.959932997029558477e+00 3.041458899991949405e+00 9.307099133729934692e-02 1.770467880655403121e+02 1.446086909365815361e-03
2.330420797496815410e+00 9.873291427694806943e-01 -2.235858263626193665e+00 2.241100881056268257e+00 9.039161726832389832e-03 2.140034611992789451e+02 2.354049273816194530e-03
2.412753542679874741e+00 9.915805921410016932e-01 -2.457266509383055908e+00 1.753251985747936947e+00 3.329532966017723083e-02 2.586744549599944207e+02 3.382410939534505508e-03
2.495086287862933627e+00 9.944156962645701592e-01 -2.732621605719994129e+00 1.540058569491492557e+00 1.028336212038993835e-01 3.126700534368533795e+02 4.576312223911760575e-03
