-1.036275761965378850e+00 4.818682897619305239e-01 -6.183855670076352506e-01 1.765529620541264499e+00 3.083365038037300110e-02 9.198653036458710741e-02 8.163790218532085419e-03
-9.818203164208243461e-01 5.575849264848218301e-01 -8.506905627845190443e-01 -3.772865990236353717e+00 -2.576120623520442368e-02 1.042748763622319552e-01 1.039202937058040024e-02
-9.273648708762699533e-01 -2.451520973567744566e-01 1.152914979132512840e+00 -1.731381078515516592e+00 2.136672918613140466e-03 1.182048045215186582e-01 3.169462657891787116e-03
-8.729094253317155605e-01 4.766519304805524326e-01 -1.383162075943296321e+00 9.852055690667058663e-01 -1.161487400531768799e-02 1.339956114014745625e-01 6.731845024559232442e-03
-8.184539797871610567e-01 -4.043373592710424180e-01 -1.462127289393624352e+00 -8.326899534390267421e-01 9.715132023158825139e-03 1.518958890675749518e-01 4.057749713722027911e-03
-7.639985342426065529e-01 -2.228505061834933354e-01 -5.829650079788329942e-01 3.414257204683436853e-01 1.536546991421626311e-02 1.721874386355845832e-01 5.463174902475797547e-03
-7.095430886980521601e-01 2.407510573322015901e-01 -5.684908978215247322e-01 -1.270220967955888458e+00 2.347582622486002273e-04 1.951897066199946018e-01 4.420488196260789066e-03
-6.550876431534977673e-01 -8.421803365778224304e-02 -4.853042989402873708e-01 -1.186491885404952651e+00 -6.517418521515866599e-03 2.212648139277562098e-01 3.972868653053933038e-03
-6.006321976089432635e-01 -7.612010197315590698e-01 3.662927769424756952e-01 1.036539761764990075e+00 3.361830635676308146e-03 2.508232566679285958e-01 3.282829646080259300e-03
-5.461767520643887597e-01 1.092631623147558573e-01 4.963865882105456540e-01 2.411677913489699066e+00 1.055374189659401231e-03 2.843303685241463374e-01 5.152223286805329532e-03
-4.917213065198343114e-01 1.479090320691112126e-01 -8.382874020220939526e-01 -5.317787814702469307e-01 -9.639406204223634200e-03 3.223136464259692135e-01 6.010440985361735489e-03
-4.372658609752798076e-01 -1.952065395251127988e-01 -3.034712230794925913e-01 -1.190017297695979082e+00 -1.175269822816591044e-02 3.653710548459487839e-01 4.508978611714131030e-03
-3.828104154307254703e-01 -1.046845200774497719e-01 -1.502388896608599922e-01 6.929808316596821616e-01 -5.826984943986749342e-03 4.141804394555890223e-01 4.459647094311357078e-03
-3.283549698861709665e-01 2.982243084188597182e-01 -8.688781107115756130e-01 1.546428391930309565e-01 -2.291385153560486325e-03 4.695101983378335841e-01 5.364772811808699547e-03
-2.738995243416165182e-01 3.632716943136027332e-02 -1.123156974604856195e+00 -9.538778581028157788e-01 3.799948149812435502e-03 5.322313787512139571e-01 4.635993116154165858e-03
-2.194440787970620144e-01 -2.046640089154247999e-01 -1.540409881934144520e+00 -3.142700429391060424e-01 -3.065062201833646058e-03 6.033313898830213740e-01 4.223413926056566146e-03
-1.649886332525075383e-01 -3.929364372764210245e-02 -1.629051718400088111e+00 1.201562925790521791e-01 -1.039071261387452616e-03 6.839295474691101662e-01 4.284650004801657426e-03
-1.105331877079531178e-01 4.042698968252622649e-02 -1.800637008356554158e+00 -1.829728673339170442e-01 -2.490356389214010407e-03 7.752946949967158830e-01 4.352612214929917241e-03
-5.607774216339875273e-02 1.501378643354700504e-02 -2.375254783327806596e+00 -1.609584186633645497e-01 -1.209127841851650184e-03 8.788651788979751078e-01 4.092489878336588727e-03
-1.622296618844220727e-03 5.158397511788859191e-02 -2.421734291153831542e+00 -1.981420446969631502e-02 -2.645071843260491089e-03 9.962714922003199636e-01 4.180419373080524262e-03
5.283314892571031735e-02 -4.803422307609728215e-02 -2.390473167627873430e+00 -2.587773319957444307e-01 -1.389877290564928971e-03 1.129361943108995625e+00 4.072204985868222403e-03
1.072885944702646893e-01 4.579056766627565001e-02 -2.510700788457165267e+00 -2.651540264276623926e-01 1.533006242313944903e-03 1.280231752617959851e+00 3.917745152079790856e-03
1.617440400148190960e-01 3.232737767742477342e-02 -2.367130964681035454e+00 -4.392025104791542067e-01 -2.517532329170071685e-03 1.451256039228048245e+00 3.810232437948229967e-03
2.161994855593735720e-01 -5.728831108489784718e-02 -2.819340187341519588e+00 -5.239013319399700164e-01 3.432715826378908962e-05 1.645127210045373101e+00 3.509152524156788477e-03
2.706549311039281314e-01 1.287958380883513776e-02 -3.068216686530519155e+00 -3.620963525873044375e-01 -4.724920019563302008e-03 1.864897346901849717e+00 3.341126424069701482e-03
3.251103766484825242e-01 4.926743134155719961e-02 -2.937622659263859237e+00 -3.421609794769113755e-01 -4.925452608397339754e-04 2.114026254775541958e+00 3.204542300154244235e-03
3.795658221930369169e-01 -2.172580306915250503e-03 -3.412499441496453123e+00 -4.358347305043766551e-01 -2.715855440677885334e-03 2.396435928929183667e+00 3.066393261998231860e-03
4.340212677375913097e-01 -5.758496981691729744e-02 -3.344557047726212762e+00 -5.360861432875465432e-02 -1.132552066844201392e-03 2.716572298234033234e+00 2.872756789945505890e-03
4.884767132821458691e-01 5.609627697141383873e-02 -2.466699202660195489e+00 -3.570532375244950818e-01 -1.248515170553456078e-03 3.079475216694022688e+00 3.025445193292246229e-03
5.429321588267003174e-01 4.197312648391748890e-02 -2.750887759300407964e+00 -9.052609024868465415e-01 -2.509110537442293953e-03 3.490857805035203931e+00 2.626708464189009013e-03
5.973876043712549322e-01 2.343899837380869489e-02 -2.796332946933357544e+00 -5.559328817164697067e-01 -3.921119961183118052e-04 3.957196391422044712e+00 2.410996158617167030e-03
6.518430499158093250e-01 9.918340503658251706e-03 -2.511922181712697988e+00 -3.835737919585112676e-01 -1.187442003156533987e-03 4.485832467222401476e+00 2.284887006716144770e-03
7.062984954603638288e-01 4.039774238565263520e-02 -2.939787815929467030e+00 -7.109221688851151688e-01 -3.551622949929600847e-04 5.085088262893972200e+00 2.189884224091188762e-03
7.607539410049181106e-01 3.235457065593227988e-02 -2.978690060332475742e+00 -1.070725296669834403e+00 8.043533608246368266e-04 5.764397763484289783e+00 1.911778446766208492e-03
8.152093865494723923e-01 3.696581577449342682e-02 -2.716923098643494683e+00 -5.849548357479927851e-01 -2.498137808036550640e-04 6.534455226299680675e+00 1.674200659903007059e-03
8.696648320940268961e-01 5.750879764805094663e-02 -3.274927113882463381e+00 -4.626289000571862098e-01 -5.933694168216605783e-04 7.407383538832295500e+00 1.650933608573376633e-03
9.241202776385813999e-01 -1.692153996690604068e-02 -3.191774029911274457e+00 -8.183983275325172890e-01 -1.808787548593039553e-03 8.396925067376271201e+00 1.490809607947944215e-03
9.785757231831359038e-01 -1.292248476934259038e-01 -2.783951462743370353e+00 -6.749240489650629726e-01 -5.988749915254330466e-04 9.518658000831283772e+00 1.344612417265485423e-03
1.033031168727690519e+00 -1.080206451804468504e-01 -2.905552119770586472e+00 -8.250167450123193635e-01 -2.033656996649664712e-03 1.079024159555828000e+01 1.258680788246361064e-03
1.087486614272245022e+00 -2.404948535295274858e-01 -2.602575300168189276e+00 -1.167488727888446043e+00 -9.568567939049395796e-04 1.223169418213660364e+01 1.093311229257168393e-03
1.141942059816799526e+00 -3.042060806562147945e-01 -2.442007159829515661e+00 -8.370775407855063355e-01 6.439561873036422131e-05 1.386570831063708908e+01 9.392114225148424662e-04
1.196397505361354030e+00 -2.525315129227336808e-01 -2.581083427750038073e+00 -8.988787185969235871e-01 -2.138312118875104924e-03 1.571800799569101947e+01 8.862922420609469203e-04
1.250852950905908312e+00 -4.542709634032506827e-01 -2.959630120073809767e+00 -6.732283731212762579e-01 -1.523985211544625186e-03 1.781775368540514037e+01 7.496623215696360514e-04
1.305308396450462594e+00 -2.772459846850714449e-01 -3.193567749629038666e+00 -8.236075819791210950e-01 -1.181940504368519636e-03 2.019800132948152438e+01 7.486090030712835852e-04
1.359763841995017097e+00 -3.826501646032682835e-01 -2.827500383873774670e+00 -1.399355149028911338e+00 -1.495321775447426517e-03 2.289622277357581837e+01 6.097697109156261950e-04
1.414219287539571601e+00 -3.329669014350693512e-01 -2.893050474087763391e+00 -8.567864417902296692e-01 -1.280030402258621088e-03 2.595489567237635598e+01 5.270478300187570646e-04
1.468674733084126105e+00 -3.454157349221043116e-01 -3.262772016107508222e+00 -2.794446364224248414e-01 -3.545306744572817269e-04 2.942217220830842805e+01 4.918724214621454259e-04
1.523130178628680387e+00 3.288015447150227644e-02 -3.406190758812563946e+00 -2.340851771207539678e-01 -7.597595385064794676e-04 3.335263714339171059e+01 4.913777249355883196e-04
1.577585624173235113e+00 2.375540924510125551e-01 -3.534102238642648608e+00 -4.157301235767373315e-01 -2.018728434482467381e-03 3.780816713813628382e+01 4.638291593652648205e-04
1.632041069717789616e+00 3.866464724447664647e-01 -3.594029855627865366e+00 -4.213389264164764114e-01 -6.835292257305218609e-05 4.285890486559237189e+01 4.427289557347818772e-04
1.686496515262344120e+00 5.413737834399114934e-01 -3.839243060464768487e+00 -9.546729303718430870e-01 -1.911051275069870509e-03 4.858436325587098992e+01 4.173204335111340498e-04
1.740951960806898402e+00 6.195285456215767761e-01 -3.526704899037071961e+00 -1.416250074142000326e+00 -1.225451580260048141e-03 5.507467725507412126e+01 3.484685975183297348e-04
1.795407406351452684e+00 6.704924640820379977e-01 -3.630291945004037846e+00 -1.320553228605285234e+00 -1.878312318631918196e-03 6.243202280486902822e+01 2.925664973337658214e-04
1.849862851896006966e+00 7.365691092072739199e-01 -3.630089458445272310e+00 -1.601820884990527105e+00 -2.966606098672617924e-03 7.077222538146749287e+01 2.502309464777349940e-04
1.904318297440561691e+00 7.678033289112574655e-01 -3.213084894854184359e+00 -1.647944195608131990e+00 -1.392067918454967116e-03 8.022658341697380990e+01 1.957802380916576896e-04
1.958773742985116195e+00 8.098271889804197210e-01 -2.919825090140501178e+00 -1.662085523384874697e-01 1.619101283795098926e-03 9.094393530892236299e+01 1.655243715997469411e-04
2.013229188529670477e+00 8.952997654707863795e-01 -2.398974673917109168e+00 2.313040498440884107e+00 5.447832020846280106e-03 1.030930025585954581e+02 1.877876083281907144e-04
2.067684634074224981e+00 9.375522493389026879e-01 -2.103392167630691034e+00 4.073501772647053265e+00 1.044470736338384831e-02 1.168650459257601710e+02 2.956495685806405111e-04
2.122140079618779485e+00 9.633426806274286713e-01 -2.016152406619396320e+00 3.949721335702871983e+00 1.725800784020128237e-02 1.324768764152299525e+02 5.215736452642259508e-04
2.176595525163333988e+00 9.738337146490473328e-01 -1.733149546589233481e+00 3.571363566033691317e+00 2.309586982624780085e-02 1.501742684967155981e+02 7.960583824894064539e-04
2.231050970707888492e+00 9.804943300995453415e-01 -1.783241620809197903e+00 3.322272743856687693e+00 3.087154884170330987e-02 1.702358292917219273e+02 1.277250340331493629e-03
2.285506416252442552e+00 9.850289508950753614e-01 -2.272972195380935201e+00 2.720000631691058324e+00 3.808284653976500705e-02 1.929773846394602117e+02 1.831372147021086225e-03
2.339961861796997056e+00 9.881521038880800578e-01 -2.297026786096716844e+00 2.204572406836239118e+00 4.550768225058441502e-02 2.187569510908894301e+02 2.526467521565942034e-03
2.394417307341551560e+00 9.911170369100147370e-01 -2.380601601161952185e+00 1.671527087757896268e+00 5.180188536940276423e-02 2.479803721041643314e+02 3.183307189435729493e-03
2.448872752886106063e+00 9.932963826235117200e-01 -2.562219801656798968e+00 1.574362044088920332e+00 5.773196117348661227e-02 2.811077071711887356e+02 3.842034180646795079e-03
2.503328198430660567e+00 9.947787772505457538e-01 -2.711321582454464085e+00 1.577305749995836504e+00 6.464347471196119077e-02 3.186604744582354556e+02 4.724368043714039823e-03
2.557783643975215071e+00 9.959777164879717315e-01 -2.948508248194023906e+00 1.446795661239490993e+00 7.171753554316291634e-02 3.612298609803297609e+02 5.706200125621773214e-03
2.612239089519769575e+00 9.969019232823725929e-01 -3.017534420207093504e+00 1.393408097679837976e+00 7.907398597099440929e-02 4.094860295608150409e+02 6.790715375196457355e-03
2.666694535064324079e+00 9.976650924554056887e-01 -2.975227612457403747e+00 1.391080901286652960e+00 8.707475032050178421e-02 4.641886690940298195e+02 8.092902655468463269e-03
2.721149980608878582e+00 9.981522364182137119e-01 -3.239917424528325540e+00 1.429444172809039904e+00 9.564757989604197319e-02 5.261989542021382249e+02 9.625413343147561779e-03
2.775605426153433086e+00 9.985647671016173454e-01 -3.628031788657804846e+00 1.514856492114019071e+00 1.053268581338328430e-01 5.964931025650172387e+02 1.158207452785201853e-02
2.830060871697987590e+00 9.988592208115032456e-01 -3.656121337742588739e+00 1.567888019353702589e+00 1.166803436409380307e-01 6.761777433540066795e+02 1.407355319101995413e-02
2.884516317242542094e+00 9.991157982499014878e-01 -4.203679013181995217e+00 1.519976028750966268e+00 1.292488574981689453e-01 7.665073387122371287e+02 1.716115194208481590e-02
2.938971762787096598e+00 9.993035285849711791e-01 -4.728386819287541343e+00 1.549209252120480107e+00 1.421899449241264546e-01 8.689039325450239630e+02 2.060372300381619476e-02
2.993427208331651102e+00 9.994502342161689645e-01 -4.992760789597175730e+00 1.629761532660468859e+00 1.577863253911786778e-01 9.849795375222728353e+02 2.530883745805833848e-02
3.047882653876205161e+00 9.995516772042000175e-01 -5.713419180800049624e+00 1.632803312090962189e+00 1.750971113967533244e-01 1.116561512727780837e+03 3.100591009272243154e-02
3.102338099420759665e+00 9.996392511196655617e-01 -6.512314027769320113e+00 1.616126309143529172e+00 1.943801559768356668e-01 1.265721331471579106e+03 3.811555609002813261e-02
3.156793544965314169e+00 9.997229993111355073e-01 -7.569537073898922941e+00 1.659216073522854495e+00 2.148725915555277366e-01 1.434807192152224161e+03 4.650056607663222152e-02
3.211248990509868673e+00 9.997779241491575597e-01 -1.001881343759686693e+01 1.619106324298947408e+00 2.395216623942057199e-01 1.626480985556476526e+03 5.778418089214124032e-02
3.265704436054423176e+00 9.998175774951025829e-01 -1.507072276141132505e+01 1.439529107397137464e+00 2.621642162925318376e-01 1.843760200566448020e+03 6.979053898861532768e-02
3.320159881598977680e+00 9.998486834075053231e-01 -2.021647160023285750e+01 -1.149723027378869888e+00 2.755097349484761371e-01 2.090065427988853116e+03 8.290664851665496826e-02
