-9.887155598124067746e-01 3.454099058874762207e-01 2.249549638891226444e-01 3.889405135684423920e-01 -3.828617930412292480e-02 1.026323894686307497e-01 6.893656001641200806e-03
-7.887646072249772100e-01 -4.665395311717990268e-02 -3.998359580365384858e-01 -2.777968725734331623e-01 -8.706110715866088867e-02 1.626430061329100507e-01 4.726717526885284605e-03
-5.888136546375477565e-01 8.405708639403797200e-02 -3.742839218505475962e-01 2.655291626553529447e-02 1.395679712295532227e-01 2.577426831910115679e-01 5.337748527526855330e-03
-3.888627020501183029e-01 5.284670994288387380e-02 -6.414618477551330411e-01 -2.230280139158669628e-01 8.988750725984573364e-02 4.084484929171515732e-01 4.843710865786851269e-03
-1.889117494626889049e-01 -4.626099540880335148e-02 -1.513210351051283764e+00 -1.804151616829131610e-01 1.275131478905677795e-02 6.472741313190084611e-01 4.346791225758510867e-03
1.103920312474056600e-02 1.262649497119738840e-02 -2.263855670105224593e+00 -1.988436760518137170e-01 -5.685829743742942810e-02 1.025744514522565209e+00 4.102322926477323939e-03
2.109901557121700300e-01 8.555454401211637361e-03 -2.766286931867040444e+00 -3.261911714658437544e-01 2.208705246448516846e-02 1.625511909349859341e+00 3.619518634435292884e-03
4.109411082995995113e-01 -6.710591020295808562e-04 -2.923621946909024771e+00 -4.217035731958721501e-01 -1.159684583544731140e-01 2.575971823420458495e+00 3.037983237354490839e-03
6.108920608870288538e-01 2.975710319134572401e-02 -2.821993219066913916e+00 -5.562733866595228616e-01 -1.564995646476745605e-01 4.082179156540360232e+00 2.454769702859573369e-03
8.108430134744583073e-01 4.337486620716723973e-02 -2.934060909449663246e+00 -6.832081007959928121e-01 1.457044929265975952e-01 6.469087322533415119e+00 1.820248098772497564e-03
1.010793966061887872e+00 -9.869709113626190522e-02 -2.843534650858205115e+00 -8.037386530056777056e-01 -6.596589088439941406e-02 1.025165461430399283e+01 1.308562689786664729e-03
1.210744918649317325e+00 -3.143094960934840199e-01 -2.788436240021050505e+00 -9.092160898292483973e-01 -2.315639704465866089e-02 1.624594275685593558e+01 8.683883080757281167e-04
1.410695871236746557e+00 -3.352442486167592772e-01 -3.111184704964807590e+00 -6.950300298516339792e-01 -4.656022787094116211e-02 2.574517636311907509e+01 5.664965728434120202e-04
1.610646823824176233e+00 2.626366421725390143e-01 -3.471748497287436397e+00 -6.933239297093793940e-01 7.130914926528930664e-02 4.079874685563520842e+01 4.578994632179761849e-04
1.810597776411605908e+00 6.649675552140891233e-01 -3.410220231359883503e+00 -8.078530032910032910e-01 -1.667608693242073059e-02 6.465435394626841514e+01 2.991821828183636339e-04
2.010548728999035362e+00 8.815670222385857402e-01 -2.621016451429357463e+00 1.443577661212846142e+00 -1.697823591530323029e-02 1.024586735225171594e+02 2.176246969222059551e-04
2.210499681586464593e+00 9.786849522857478112e-01 -2.134821934959968193e+00 2.951771332056118080e+00 6.345878541469573975e-02 1.623677160043704077e+02 1.130381870285609167e-03
