-1.087691998831055384e+00 -5.802458445719245184e-01 -1.094362508700482128e-01 7.626919123064831441e-01 -8.539641705843118921e-03 8.171616960822593312e-02 4.414753845104804272e-03
-8.257872369262934109e-01 -1.828262211005236004e-01 1.038509980909023273e-01 7.584057202690901167e-02 -1.405826572215918523e-03 1.493525916316219004e-01 4.799462930120603800e-03
-5.638824750215315484e-01 -5.801466612001426881e-03 -4.973950612238330904e-01 -1.201304302211182555e-02 -1.525247777540852641e-03 2.729716374865001627e-01 4.837628424636961078e-03
-3.019777131167696860e-01 -4.993075502151889111e-03 -1.199800774579786511e+00 -5.523046701169034151e-02 -2.363161218249548116e-03 4.989100895942188418e-01 4.730424281963678534e-03
-4.007295121200771942e-02 5.772305254588905310e-02 -2.069517057289534723e+00 -2.226885919975201689e-01 -1.887509118902139108e-03 9.118576559486750721e-01 4.525871954528246262e-03
2.218318106927542055e-01 -2.707637424004394333e-02 -2.729651242742678896e+00 -3.753962877670238840e-01 2.296217076190106173e-04 1.666601662412735996e+00 3.616210392543247817e-03
4.837365725975161235e-01 -1.129110857472359619e-02 -2.892694173508682631e+00 -5.018568974069506083e-01 -1.021791057837433169e-03 3.046046806798136330e+00 2.877836470440636903e-03
7.456413345022779859e-01 6.108951547805663296e-03 -2.853560075880440916e+00 -6.248573076564237772e-01 -1.153049515242788063e-03 5.567257826787955111e+00 1.974132359920529548e-03
1.007546096407039737e+00 -3.161758972917794175e-02 -2.839427388314120115e+00 -7.336898908276398013e-01 -4.881179149483940013e-04 1.017527361718764034e+01 1.354440412234650219e-03
1.269450858311801600e+00 -2.618267991699436692e-01 -2.901919146353929335e+00 -8.658163306539322646e-01 -5.836460478004045329e-04 1.859734116973173812e+01 8.148215662958143563e-04
1.531355620216563906e+00 -2.428258787499097959e-01 -3.250428504681261543e+00 -7.419740636774749820e-01 -5.730805778549522651e-04 3.399034872135383978e+01 4.766911217807311770e-04
1.793260382121325769e+00 4.382783159851927346e-01 -3.750782267881289656e+00 -1.098515012278528102e+00 -6.877508513632989715e-04 6.212413891076156602e+01 3.329733183228179459e-04
2.055165144026087631e+00 7.171879142775926530e-01 -3.160656179336792881e+00 1.824368371437407321e-01 -3.730267731643192863e-03 1.135442494880611122e+02 1.267139525450565625e-04
2.317069905930849494e+00 9.809320922330592163e-01 -2.024772534620566500e+00 2.547168949538552774e+00 1.662057195417259575e-02 2.075247531450898464e+02 4.149268958275552344e-04
2.578974667835611356e+00 9.945367880895205071e-01 -2.192305206756642200e+00 2.481552552535019718e+00 4.943425035907535181e-02 3.792928603791494879e+02 2.735620140259982253e-03
2.840879429740373219e+00 9.982417682804607395e-01 -3.182719670760314479e+00 1.675531289472560026e+00 8.839051929109302541e-02 6.932333215884656283e+02 8.276228026632383855e-03
3.102784191645135081e+00 9.994223007561610084e-01 -4.905294428875455637e+00 1.440533530115013949e+00 1.413076313291934949e-01 1.267022104450334609e+03 2.064025408919412802e-02
