-1.011367023486077432e+00 5.217652347090558917e-01 3.547754362933282501e-01 6.618288652383020887e-01 4.738623010260717590e-03 9.741660193070904306e-02 9.861038199492862255e-03
-9.035238862311754104e-01 2.972870078584807230e-01 -7.878923644815618577e-01 -1.246949585983217368e+00 -3.109972024786061134e-03 1.248751761255058879e-01 5.312989498006886330e-03
-7.956807489762734997e-01 -5.597860648539509931e-02 -1.016085015043319162e+00 -4.283755704350432070e-01 6.197551637887955059e-03 1.600734300244608110e-01 5.308511108160019268e-03
-6.878376117213715890e-01 -1.257016752553785643e-02 -2.876037042283404177e-01 -3.764160448095322797e-01 2.234823217517451031e-03 2.051929278085104502e-01 4.294812679290771484e-03
-5.799944744664694563e-01 -1.451648962996470171e-01 -5.989052673549739858e-02 3.702250850748097233e-01 -3.657723894182420043e-04 2.630301457037227397e-01 4.403367737271138282e-03
-4.721513372115674345e-01 -7.459392787507290734e-02 -1.687574256741881940e-01 2.007125392315178281e-01 -9.610591111359772024e-03 3.371697957031253301e-01 5.161746784492774603e-03
-3.643081999566656348e-01 9.579403724360302519e-02 -6.377821097188925981e-01 -2.914746546097249924e-01 -5.318649052406796730e-03 4.322070036129634918e-01 4.864922161008949919e-03
-2.564650627017636686e-01 -3.909460458656277559e-02 -1.188178275727335809e+00 -2.367919105754754117e-01 7.067615906017248387e-04 5.540321118697547620e-01 4.466112036454050228e-03
-1.486219254468617024e-01 -1.742818385927624725e-02 -1.802795245147628123e+00 -1.329250180391916558e-01 -1.045397394998456679e-03 7.101957590158167744e-01 4.325169491102971026e-03
-4.077878819195976390e-02 3.467344491748358681e-02 -2.201945118863166684e+00 -1.471479495622683709e-01 -2.103874687158551349e-03 9.103768632144273454e-01 4.180801147767241634e-03
6.706434906294217457e-02 -3.868722071009855767e-05 -2.386444407397283918e+00 -2.040667266043109385e-01 -1.551452228488189129e-03 1.166982515109164842e+00 4.020363651715398549e-03
1.749074863178441963e-01 1.245885956572378994e-02 -2.661898486954776377e+00 -4.110218874897663688e-01 -7.051684580566263696e-05 1.495916960984702504e+00 3.777853561181431473e-03
2.827506235727462180e-01 -2.070352642483008765e-03 -3.007074738603753072e+00 -4.573109230350716481e-01 -3.119416087359178774e-03 1.917567337289862506e+00 3.278034788102170312e-03
3.905937608276482398e-01 7.680763123617984078e-03 -3.111066480087963271e+00 -2.289030906983333113e-01 -1.046951344648872767e-03 2.458067251687866772e+00 3.010297585875844253e-03
4.984368980825502615e-01 3.144282627146066655e-02 -2.860817129591210595e+00 -4.516002953635789297e-01 -2.150938372888012810e-03 3.150916526540215035e+00 2.925784288052313189e-03
6.062800353374522278e-01 1.375452421955836169e-02 -2.690529557053507048e+00 -6.689351798164020479e-01 -1.259547000120956814e-03 4.039057495439500656e+00 2.405500464176705405e-03
7.141231725923540274e-01 2.673498268505813957e-02 -2.818805968155861930e+00 -6.827134578192021186e-01 2.638498669983139902e-04 5.177536540258389053e+00 2.098757042863604733e-03
8.219663098472559382e-01 4.571732773801728822e-02 -3.034075691504328542e+00 -6.915303581204352845e-01 -4.690114400036217803e-04 6.636915828996856170e+00 1.713773893411654802e-03
9.298094471021578489e-01 -7.191993218311765190e-03 -3.032499112658090468e+00 -6.518580706602586927e-01 -6.451762818360395500e-04 8.507646711652322224e+00 1.488704701320042604e-03
1.037652584357059871e+00 -1.530258571995692929e-01 -2.703181815728352699e+00 -8.685285694723536842e-01 -2.066879181973371032e-03 1.090567583425696974e+01 1.239814422204105985e-03
1.145495721611961892e+00 -2.528553175170560330e-01 -2.627206982643317978e+00 -9.032205491263683994e-01 -7.400372280524327622e-04 1.397963143427210042e+01 9.671166682472596803e-04
1.253338858866864136e+00 -3.748435050857772399e-01 -2.888172914558715387e+00 -8.956718882771228518e-01 -1.686182132206376534e-03 1.792003521911064112e+01 7.916704025848654699e-04
1.361181996121765936e+00 -3.128415685898919829e-01 -3.001134712424145423e+00 -9.539190848507792531e-01 -9.494774581492793682e-04 2.297111077384323963e+01 6.198616038675400447e-04
1.469025133376667736e+00 -2.929280457469778387e-01 -3.153408036403792636e+00 -5.710774042168834663e-01 -8.908507185070975659e-04 2.944592037528176576e+01 4.929435122144090438e-04
1.576868270631569535e+00 1.916187807333843418e-01 -3.524030936818390636e+00 -3.466900409875697253e-01 -1.199917339839818393e-03 3.774576838202969498e+01 4.667896068900640881e-04
1.684711407886471557e+00 5.220572115305868177e-01 -3.664446878661568263e+00 -8.881668798819850608e-01 -1.388556427425808280e-03 4.838507380960749771e+01 4.149739853819908058e-04
1.792554545141373579e+00 6.606938301110254486e-01 -3.581471271425542113e+00 -1.416163990203932022e+00 -1.706840031789838173e-03 6.202325367618538365e+01 3.003003043933126200e-04
1.900397682396275600e+00 7.731294171474648591e-01 -3.248472879534453295e+00 -8.994235614945645940e-01 -1.524668321376893487e-03 7.950559322731866985e+01 2.053873713423566214e-04
2.008240819651177844e+00 8.807391502748789236e-01 -2.522003944988496116e+00 1.727984986282883328e+00 5.074352831453890836e-03 1.019156361488166311e+02 1.921155220293170173e-04
2.116083956906079866e+00 9.614012082630463141e-01 -1.990575536630886155e+00 3.754527871110169279e+00 1.601506637215109954e-02 1.306423418780177030e+02 4.844805881489970306e-04
2.223927094160981888e+00 9.803215701129684989e-01 -2.006610790739685513e+00 3.189926423560406565e+00 3.014509412977430663e-02 1.674661723786044547e+02 1.239831266347427886e-03
2.331770231415883909e+00 9.878257514700033992e-01 -2.223026429450815744e+00 2.222360440154214078e+00 4.374841819132180981e-02 2.146694439795509197e+02 2.362107872066641131e-03
2.439613368670785487e+00 9.928483504067245891e-01 -2.532881245483556309e+00 1.688233774854113634e+00 5.670828544358846868e-02 2.751777838112043924e+02 3.738481434391696754e-03
2.547456505925687509e+00 9.957621972862654713e-01 -2.841079818821511171e+00 1.477015113105373700e+00 7.001187314040083209e-02 3.527414582135837691e+02 5.462967041197581801e-03
2.655299643180589531e+00 9.974663791409789093e-01 -3.091348658462099941e+00 1.412694767611935465e+00 8.517119088594296561e-02 4.521678117300805297e+02 7.785152342090400322e-03
2.763142780435491552e+00 9.984597026627703986e-01 -3.437596654984749645e+00 1.470064736820503759e+00 1.025254607874646617e-01 5.796192230995775390e+02 1.101862624226594353e-02
2.870985917690393574e+00 9.990421049432794964e-01 -4.068091638465840099e+00 1.531821225129478492e+00 1.251458712364440506e-01 7.429950453596345596e+02 1.615622533510809034e-02
2.978829054945295152e+00 9.994030431439607787e-01 -4.980010312377659787e+00 1.555645087587289588e+00 1.520573114859022912e-01 9.524212024522953470e+02 2.357872216570369370e-02
3.086672192200197173e+00 9.996047475036051733e-01 -6.292736108094667991e+00 1.595133109573689589e+00 1.859357274109594282e-01 1.220877787201941828e+03 3.498413942440607716e-02
3.194515329455099195e+00 9.997564266493206286e-01 -9.348182611628843119e+00 1.523725604853463311e+00 2.272678239236258502e-01 1.565003558767128197e+03 5.206772265086149348e-02
