-1.048291992521851457e+00 4.153424514097707743e-01 -2.999999999999991118e+00 5.106859488591970475e-01 2.238017320632934570e-02 8.947629804509091289e-02 8.172698318958282471e-03
-1.020928808442249647e+00 9.516453255843414505e-01 -4.446857314142992124e+00 -1.217334832867822819e-01 4.500399157404899597e-02 9.529523635745439092e-02 4.050718620419502258e-03
-9.935656243626476147e-01 4.503623211046055008e-01 -3.000000000000048850e+00 8.767191074404935947e+00 -3.991525620222091675e-03 1.014925993903626755e-01 8.048286661505699158e-03
-9.662024402830455827e-01 7.693150738248981657e-01 -1.553142685857013205e+00 -6.484017367737320292e+00 -7.818964868783950806e-02 1.080929973495666496e-01 1.222724467515945435e-02
-9.388392562034436617e-01 4.673821282477776951e-01 1.244224600389684632e+01 -1.090726152747399169e+01 -1.581917916025434067e-04 1.151226409235400344e-01 3.555140058909143658e-03
-9.114760721238416297e-01 -5.539978186531500093e-01 1.053781697535285611e+00 5.829156622711984426e+00 1.508663967251777649e-02 1.226094453681413343e-01 3.093241248279809952e-03
-8.841128880442395976e-01 5.325116190775973646e-01 -1.940328968862265357e+00 1.805108401575977073e+00 1.374940980564464321e-03 1.305831413602439595e-01 7.410803301767869902e-03
-8.567497039646376766e-01 1.417591051378976896e-01 -8.500639011678252643e+00 -9.773831392029791232e+00 -2.572451697455511999e-02 1.390753930605431732e-01 3.883298900392320036e-03
-8.293865198850356446e-01 -2.544104755100543347e+00 2.500639011678226886e+00 4.549662557368853832e+00 -1.975034798185030388e-02 1.481199238543762786e-01 2.162613905966281891e-03
-8.020233358054336126e-01 4.386740313215817810e-01 2.500639011678191359e+00 4.396065825425480966e+00 3.251327486599192573e-02 1.577526502698818889e-01 6.889494026408475580e-03
-7.746601517258316916e-01 -4.021750897970581828e-01 -5.282971459842578099e+00 -3.590749061049944402e+00 -7.079852575605566009e-03 1.680118246052986208e-01 3.763220865618099181e-03
-7.472969676462296595e-01 -9.390390321265171814e-01 2.500639011678232215e+00 -4.034561535943958610e+00 1.386702748445364265e-02 1.789381868317867497e-01 4.382063563053424475e-03
-7.199337835666277385e-01 -5.569478453788130334e-01 -1.229189762307349332e+00 2.387145729221670898e+00 1.959342048281714765e-02 1.905751263749898561e-01 2.263407799459638946e-03
-6.925705994870257065e-01 4.564568073537901283e-01 -2.612813716994770274e+00 6.094057238489165584e+00 -3.040320239961147308e-02 2.029688544177851162e-01 5.919956136494874954e-03
-6.652074154074237855e-01 1.655655248294762849e-01 1.365027261085686616e+00 -4.960313737738390572e+00 -2.534571696411479485e-03 2.161685874084481040e-01 4.878299141472036346e-03
-6.378442313278217535e-01 -2.200603411120005681e-01 -1.005632876869248404e+00 -2.347040905124965438e+00 -3.945835762553744942e-03 2.302267425029584924e-01 3.168535177354459345e-03
-6.104810472482196104e-01 -8.320965130407214083e-01 -2.000996731516347105e-01 -3.572473922204048580e-01 3.832458917583737683e-03 2.451991457175618228e-01 3.629304468631744385e-03
-5.831178631686178004e-01 -6.890933203046820665e-01 1.729572317252288993e+00 2.478944720646091060e+00 7.266857906391745343e-03 2.611452536181780304e-01 3.029058638371918966e-03
-5.557546790890157684e-01 -3.720834041330034481e-02 1.592707682404475689e+00 4.765497342524060542e+00 1.321689486503601100e-03 2.781283894270033530e-01 4.960061311721802001e-03
-5.283914950094138474e-01 8.922036034673208604e-02 3.779910778182332676e-01 3.326625374227838439e+00 -6.437349452901242530e-04 2.962159944838996806e-01 5.522122578834419600e-03
-5.010283109298118154e-01 3.244110696693289775e-01 -1.573207790412457951e+00 -2.906802059396289994e+00 -6.571177981401744687e-03 3.154798960611486791e-01 7.542948973806280245e-03
-4.736651268502098389e-01 -3.321624361925934465e-02 -1.731481530868001384e+00 -3.158849083731029239e+00 -1.172448992729187116e-02 3.359965925950795240e-01 3.828488290309906006e-03
-4.463019427706077513e-01 -1.887254817717662903e-01 -9.722191659302317213e-01 8.826568864154232807e-01 -1.285060603966873584e-02 3.578475574672497217e-01 5.066042535760429712e-03
-4.189387586910058858e-01 -3.959973971362682477e-01 -2.652847299659183769e-02 -6.208614027487506792e-01 -1.610902443672846546e-02 3.811195625415155774e-01 4.278897949792806292e-03
-3.915755746114038538e-01 -3.005443461849233167e-02 8.648264701731855908e-01 7.506136777536530358e-02 -3.712842630785564892e-03 4.059050227417850820e-01 4.684803097747092943e-03
-3.642123905318018773e-01 -1.351221715725703376e-02 -5.180505557523841231e-01 1.303101256027559440e+00 -7.838387332276669766e-04 4.323023630387951566e-01 4.319562526520140736e-03
-3.368492064521998453e-01 2.977798031737182161e-01 -5.514481297657766179e-01 1.077847071947156676e+00 -7.552562112157995208e-03 4.604164093032488414e-01 5.520842292092062974e-03
-3.094860223725978132e-01 2.006322450270536795e-01 -4.934716547193199743e-01 -1.121083580597558527e+00 -2.926719346235502552e-05 4.903588045774184834e-01 4.947962739919251063e-03
-2.821228382929957812e-01 9.609984566799256722e-02 -1.827021519396189397e+00 -4.331325304421463906e-01 6.022057592621483067e-03 5.222484524182622323e-01 4.793497536686940411e-03
-2.547596542133938047e-01 4.970117186139499932e-02 -1.124079025333908355e+00 -1.704991735639113104e+00 2.930188133689386946e-04 5.562119890726031635e-01 4.685140834561772084e-03
-2.273964701337919669e-01 -3.017041502082957738e-01 -1.512859631724590148e+00 -9.367369425168116104e-01 -4.379734054940645493e-03 5.923842863594157571e-01 3.866735833590147914e-03
-2.000332860541899072e-01 -1.980365132945955953e-01 -1.769244667389599401e+00 1.475218967522550884e+00 -1.144862325409609378e-03 6.309089872562032575e-01 4.163498758141550259e-03
-1.726701019745878474e-01 6.945918375711845894e-02 -1.330283417633897791e+00 1.625135734839197876e-01 1.381158326449019244e-03 6.719390763163196612e-01 4.656695917751012097e-03
-1.453069178949857876e-01 -8.327577730058943750e-02 -1.332691159340839482e+00 -1.110999580229551142e+00 -1.996520687552059449e-03 7.156374871824107142e-01 4.249640742836096295e-03
-1.179437338153839082e-01 -1.386546251411124864e-02 -2.430815217827344110e+00 4.744074048448257419e-01 -3.140937222978248608e-03 7.621777496084526371e-01 4.048339326723832642e-03
-9.058054973578200109e-02 8.446128884857095898e-02 -2.109716738690322391e+00 6.263226391797831194e-02 -2.056927908034551691e-03 8.117446785597667303e-01 4.511436110451108074e-03
-6.321736565617996906e-02 2.153387794970107461e-02 -1.332129041303925066e+00 -9.156224651688156246e-01 -2.313072472628653446e-03 8.645351081274750271e-01 4.080416957132684645e-03
-3.585418157657789540e-02 3.430638965380983230e-03 -3.180179444491291640e+00 4.207602892160945407e-01 -1.447907400867653755e-03 9.207586731718306883e-01 4.019815489131971405e-03
-8.490997496975839082e-03 4.966369720315066960e-02 -2.954084281026123637e+00 8.870758153717771266e-02 -3.260418772697448622e-04 9.806386417983885551e-01 4.302602509657541853e-03
1.887218658262620682e-02 5.043130825329478206e-03 -1.413555373982547492e+00 -2.724465975650254279e-01 -2.015517677775728860e-03 1.044412801972842253e+00 4.065001994771829524e-03
4.623537066222808967e-02 -3.528374870893435933e-02 -2.327324491068398782e+00 -5.592694028911516374e-02 -3.966598380547741755e-03 1.112334405795343262e+00 4.157394272475519598e-03
7.359855474182992741e-02 -3.334070533952182558e-03 -2.825581009168050883e+00 -7.047848187752696614e-01 1.572706291494756171e-03 1.184673175184089988e+00 4.036454717107971178e-03
1.009617388214320566e-01 1.229765187076370392e-02 -2.697387284321696388e+00 -1.346374060253996141e-01 -3.074246177291233440e-03 1.261716372961831478e+00 3.804091022090243159e-03
1.283249229010341164e-01 8.505556612371267811e-02 -2.894540047658812121e+00 -6.711710269618462177e-02 4.419125199115539471e-03 1.343769943598650762e+00 3.968550110510937583e-03
1.556881069806360651e-01 5.441805121523257682e-04 -1.673263347153644665e+00 -4.607739742750800449e-01 -9.156927049061808037e-04 1.431159728141013776e+00 3.772053333640687598e-03
1.830512910602379861e-01 -1.532252310270543205e-03 -1.935419754586406693e+00 -6.386882406967248071e-02 -2.970885613868976417e-03 1.524232758151651268e+00 3.744685786893998079e-03
2.104144751398399071e-01 4.657975647125778274e-03 -3.350163183335427064e+00 -1.042077687124716157e+00 7.296467377060772148e-05 1.623358633798612782e+00 3.741816759796582226e-03
2.377776592194419669e-01 -1.166442644273679718e-05 -3.581938256150065225e+00 -7.750962482574447199e-01 -3.321554567720797022e-03 1.728930991565990727e+00 3.283872260703696658e-03
2.651408432990439712e-01 1.269015078306287014e-01 -2.718644282044685667e+00 -6.105785541259273370e-03 -3.299374543419179764e-03 1.841369067414704075e+00 3.393628615741581950e-03
2.925040273786460032e-01 -1.391603764187150372e-01 -2.521798444870729572e+00 -7.958887639966221172e-01 -4.914431295533111359e-03 1.961119361600778710e+00 3.281346611354661862e-03
3.198672114582479797e-01 -1.615127510275460310e-02 -3.233764902918191630e+00 -2.496069563880735920e-01 -7.059099030320661232e-04 2.088657411762239846e+00 3.069786781812236173e-03
3.472303955378498452e-01 1.112013301308845126e-01 -3.307533802667212974e+00 -3.828451635435771716e-01 -5.490276795714648566e-04 2.224489681315686251e+00 3.179743040853471713e-03
3.745935796174519328e-01 -8.785935349810225503e-02 -3.339289612549995123e+00 -1.023832468275712448e-01 -1.494018731240256666e-03 2.369155570661511501e+00 2.925206207541667085e-03
4.019567636970539648e-01 2.544047749327860153e-02 -3.395633058282596650e+00 -4.566750201010105203e-01 -2.515835925426067061e-03 2.523229559184421156e+00 3.138982989706354428e-03
4.293199477766559968e-01 -7.004047038840388595e-02 -3.498142653678079306e+00 -5.078729035512253853e-01 -2.143519917173248733e-04 2.687323486555301066e+00 2.761622555138011550e-03
4.566831318562578623e-01 -2.490639656380522204e-02 -3.050870332040172883e+00 6.923653160593259415e-01 -3.377503621242137176e-03 2.862088982393657943e+00 2.944387211333064462e-03
4.840463159358597833e-01 1.617618745726512319e-02 -2.689768524320659271e+00 2.646031228972547389e-01 -2.265198464186960955e-03 3.048220053939008523e+00 3.013387346344239062e-03
5.114095000154619264e-01 1.773925445402162460e-01 -2.028531544897247851e+00 -1.037341645771706400e+00 -6.989484958861623366e-04 3.246455842007061943e+00 3.044217587277839743e-03
5.387726840950638474e-01 -4.666318416266301838e-02 -2.170226841153042319e+00 -1.672784526455528997e+00 -1.871330832893198246e-03 3.457583556174799178e+00 2.644143490628762718e-03
5.661358681746658794e-01 3.631668258358045076e-02 -3.429063660523098633e+00 -5.425347504512960661e-01 -1.309678386682751458e-03 3.682441600850324903e+00 2.465643416876080532e-03
5.934990522542679114e-01 8.901933968566255739e-02 -3.519015183673305014e+00 -2.122929593125535697e-01 4.257428413745702796e-04 3.921922904641311103e+00 2.469414892582700097e-03
6.208622363338699435e-01 4.075106323165611499e-02 -1.983640753065097906e+00 -7.584379299725171331e-01 -3.605566141795526862e-03 4.176978466243252974e+00 2.400558236186489756e-03
6.482254204134719755e-01 -6.504419110874670729e-02 -2.069368309951676199e+00 -1.170330538143395716e+00 -5.546987528536754045e-04 4.448621130928505529e+00 2.244334107653132241e-03
6.755886044930737855e-01 -4.290101931130396729e-02 -3.137464703162991420e+00 1.559315033499283909e-01 -2.857602797296167774e-04 4.737929612632838960e+00 2.071401594768279390e-03
7.029517885726755955e-01 6.509396706072223537e-02 -2.650070802441897744e+00 2.092439732006909081e-01 9.223101123067356044e-04 5.046052777611537365e+00 2.288869723377611517e-03
7.303149726522776275e-01 1.307335678316284833e-01 -3.129039341089534521e+00 -1.651445421304789107e+00 1.967300711972906526e-04 5.374214206675747008e+00 2.126745237694085532e-03
7.576781567318796595e-01 -7.397185559179431102e-02 -3.167736646207669260e+00 -1.306874900616896262e+00 -2.530853062014299954e-04 5.723717054126079340e+00 1.858846227273772004e-03
7.850413408114816916e-01 8.509450421634190409e-02 -2.577786356841262005e+00 -7.529428426750623959e-01 -1.425302028656005718e-04 6.095949222678677337e+00 1.803827285766601606e-03
8.124045248910837236e-01 6.489917614106710531e-02 -2.936682552738718588e+00 -7.664990385079524238e-01 -1.180928783614145069e-03 6.492388874933756604e+00 1.690587436088769385e-03
8.397677089706857556e-01 -2.968875977806817446e-02 -3.010286125385523537e+00 1.720405342303832699e-02 7.680123524060324071e-05 6.914610303273097003e+00 1.637748624912645353e-03
8.671308930502877876e-01 4.958214599434529468e-02 -2.999999999999985789e+00 -5.588995590901882915e-01 3.548428184627869264e-04 7.364290181496299326e+00 1.694256468758064370e-03
8.944940771298898197e-01 -1.842326610904576611e-02 -3.721438681879793098e+00 -1.135183171146658232e+00 -1.733482987792403594e-03 7.843214223021534259e+00 1.526373088675201219e-03
9.218572612094918517e-01 4.838715434950380256e-02 -3.332716861076424841e+00 -9.793668771960778452e-02 -1.239076404706806241e-03 8.353284272091011431e+00 1.468434908711318447e-03
9.492204452890938837e-01 -1.148787466139156166e-02 -2.647242164156877742e+00 -7.066377847139949653e-01 -2.993006541811186290e-04 8.896525856140888422e+00 1.507651559237775923e-03
9.765836293686956937e-01 -5.453356249610186168e-02 -2.490579494376679470e+00 -7.380429608512941719e-01 -8.372780102402415997e-04 9.475096229326670283e+00 1.343330825847071719e-03
1.003946813448297393e+00 -8.699881398676123645e-02 -3.163404770293958279e+00 -6.794460229174298371e-01 -3.158764573920128105e-03 1.009129293914556236e+01 1.373759062447492494e-03
1.031309997527899425e+00 -1.895089444419078006e-01 -3.325237960330726494e+00 -1.557596357524014152e+00 -3.410266129263880537e-04 1.074756295017447094e+01 1.233103037540932536e-03
1.058673181607501457e+00 -1.611193524754359618e-01 -2.224654122604976969e+00 -1.052014516248596765e+00 -1.067995141458639909e-03 1.144651236115471526e+01 1.128935107002361146e-03
1.086036365687103711e+00 -2.801369134541291661e-01 -2.501907468977388138e+00 -3.409871486523485262e-01 -2.835746985584048068e-03 1.219091675401080543e+01 1.080006660528518491e-03
1.113399549766705743e+00 -1.886015994597307621e-01 -2.600939190428027903e+00 -1.415496726156172835e+00 -4.305215953271600260e-04 1.298373221589993243e+01 1.081453848488723090e-03
1.140762733846307553e+00 -4.506419171277573632e-01 -2.133769140264523578e+00 -1.605554711248444733e+00 -5.952488706673059833e-05 1.382810707806169148e+01 9.035692420057070406e-04
1.168125917925909807e+00 -2.170239536009748171e-01 -2.592949514823480239e+00 -1.089456436621590169e-01 -3.782047654388981774e-04 1.472739441808384520e+01 8.833683037730810607e-04
1.195489102005511839e+00 -2.271601511965781750e-01 -2.664512561884917030e+00 -5.148650788891091096e-02 -2.506128910857080561e-03 1.568516537523151655e+01 8.912493773946426542e-04
1.222852286085113871e+00 -2.785417653838433427e-01 -2.812848555944750917e+00 -1.768194029882144802e+00 -9.341864513235330608e-04 1.670522333171622975e+01 8.776556291050957885e-04
1.250215470164715903e+00 -5.696531236548507682e-01 -3.017308064928213795e+00 -7.817210902277211826e-01 -1.321972473761987791e-03 1.779161901621947450e+01 7.132345979863947581e-04
1.277578654244317713e+00 -2.896927844644818784e-01 -3.296110747847003974e+00 1.394327536371600118e-01 -1.386434847291969415e-03 1.894866658964815898e+01 7.953227151311210953e-04
1.304941838323919301e+00 -3.496566898979593940e-01 -3.175189115013827834e+00 -1.603049600072347092e+00 -1.479931475789692452e-03 2.018096077699975766e+01 7.258770243619473445e-04
1.332305022403521555e+00 -3.703229896546169631e-01 -3.110476187306081108e+00 -1.911716750868396986e+00 -1.627635796333236438e-03 2.149339511336905773e+01 6.498517665841773306e-04
1.359668206483123587e+00 -4.031057997031002316e-01 -2.712977402669566995e+00 -9.172354631746121312e-01 -1.367914495835365410e-03 2.289118137655266239e+01 5.704817234982964991e-04
1.387031390562725619e+00 -3.784918752353934046e-01 -2.427806673059202947e+00 -4.876625643144961164e-01 -1.278077658786568559e-03 2.437987028342002915e+01 5.789183801220309546e-04
1.414394574642327651e+00 -2.130830532834295798e-01 -3.051419691501241704e+00 -1.079598781815139796e+00 -3.050165766613491193e-04 2.596537353223743239e+01 5.364802450621167446e-04
1.441757758721929683e+00 -4.196842731764462986e-01 -3.334742516814608315e+00 -4.270406473104704781e-01 -1.218675663976958277e-03 2.765398727847697202e+01 5.052831523862235741e-04
1.469120942801531715e+00 -2.640402666455634595e-01 -3.306775980428154238e+00 -4.935289266136162478e-01 -8.117536321231760875e-04 2.945241713733468458e+01 5.083740230054844753e-04
1.496484126881133747e+00 -2.177976087219442025e-01 -3.027038338333412959e+00 1.127921767180525281e-01 -7.714230244553934700e-04 3.136780481224477768e+01 4.748164668796569805e-04
1.523847310960735779e+00 8.211243616059749062e-02 -3.450441090448198800e+00 -2.809683740967298671e-01 -7.890453392809087521e-04 3.340775645513381420e+01 5.156512287530031933e-04
1.551210495040337589e+00 9.982107223044578426e-02 -3.817077567180765740e+00 -7.711362885026280534e-01 -4.712723550342378591e-04 3.558037287103561397e+01 4.582995105357397800e-04
1.578573679119939621e+00 2.217827491200421441e-01 -3.152798840809302838e+00 -1.870797485982126640e-01 -2.718258564658368980e-03 3.789428168701180510e+01 4.679016412355437265e-04
1.605936863199541209e+00 3.221354680925399006e-01 -3.131172319095766987e+00 -6.335451352229859445e-01 -1.397251504138835240e-03 4.035867161312300766e+01 4.476217679607057587e-04
1.633300047279143463e+00 3.900396926908068496e-01 -4.364362429153904266e+00 -1.759945222147809851e-01 4.706290406240543826e-04 4.298332893150416822e+01 4.319992016585932210e-04
1.660663231358745495e+00 5.040100864714436302e-01 -3.858755372538278827e+00 -1.887926242015602607e-01 -1.095147916150711375e-03 4.577867635844408056e+01 4.378039314698760668e-04
1.688026415438347305e+00 5.505940569113474403e-01 -3.606621774103057732e+00 -1.350209613322367552e+00 -2.336769743414646074e-03 4.875581443379445545e+01 4.218431580253742866e-04
1.715389599517949559e+00 5.889516407161460299e-01 -3.886660460688084573e+00 -1.608624603983646040e+00 -1.590664798327219099e-03 5.192656560206835792e+01 3.693070419097947872e-04
1.742752783597551591e+00 6.021518092727492499e-01 -2.673080997318827201e+00 -1.077434004504411513e+00 -1.496541443053615167e-03 5.530352116027734866e+01 3.444425749816772673e-04
1.770115967677153623e+00 6.473161728669022397e-01 -3.743690453193256218e+00 -1.421402433020920952e+00 -9.897984675507048163e-04 5.890009125894160746e+01 3.224211619861090238e-04
1.797479151756755655e+00 6.798653035952633150e-01 -4.699954904265036149e+00 -1.276197963860685292e+00 -2.406150363581402093e-03 6.273055815482999975e+01 2.879576591184385744e-04
1.824842335836357687e+00 7.074086662068099773e-01 -3.637519219569800732e+00 -1.447045500985878030e+00 -1.794301758411851648e-03 6.681013292690134620e+01 2.745249740738084322e-04
1.852205519915959275e+00 7.475238261328607248e-01 -3.360777790667963671e+00 -1.779719010863654249e+00 -2.955209598143141662e-03 7.115501588067000682e+01 2.399590255187177652e-04
1.879568703995561307e+00 7.762933918153548385e-01 -3.060578497404370601e+00 -1.474561864735096206e+00 -2.779984151371673543e-03 7.578246088086670795e+01 2.193735692671696465e-04
1.906931888075163339e+00 7.671563961289572520e-01 -2.698224299892980405e+00 -2.073855462740129774e+00 -1.880266014522165817e-03 8.071084386786334619e+01 1.992689691355761827e-04
1.934295072154765149e+00 7.831139162447275925e-01 -3.649146432028617770e+00 -1.210636440645162848e+00 5.026271001364710118e-04 8.595973582994720630e+01 1.689233648932401846e-04
1.961658256234367181e+00 8.114372436712378178e-01 -3.472777793308676753e+00 -3.671178355499721824e-01 1.665568945318831543e-03 9.154998052122242314e+01 1.710747596633879492e-04
1.989021440313969435e+00 8.554760164094983299e-01 -2.111265722017807711e+00 2.762748452685961364e-01 4.156205493942079568e-03 9.750377723376207939e+01 1.612867526857278053e-04
2.016384624393571467e+00 8.939702102419027074e-01 -2.322606037591642192e+00 3.371175247098097127e+00 4.676278314254279575e-03 1.038447689527061897e+02 1.771354387775201809e-04
2.043747808473173500e+00 9.255140888548949452e-01 -2.029328906829492407e+00 3.915191916744846345e+00 8.472200314059664603e-03 1.105981362443762777e+02 2.466555407605456923e-04
2.071110992552775532e+00 9.390143546946925213e-01 -2.178327613743550994e+00 4.388324159196585583e+00 1.047593384540727000e-02 1.177906972502427152e+02 2.901146711387070625e-04
2.098474176632377564e+00 9.563315605479003612e-01 -2.007505075489704804e+00 4.399741306983331768e+00 1.492764087433510675e-02 1.254510141838293009e+02 4.287932293699923589e-04
2.125837360711979596e+00 9.634654599645517958e-01 -1.509896014120505559e+00 3.383267427765983548e+00 1.692205373791680692e-02 1.336095067534623411e+02 5.050699779952782121e-04
2.153200544791581184e+00 9.695446917637210449e-01 -2.497923232754800438e+00 4.021856496420423532e+00 2.028734421956490327e-02 1.422985729612742318e+02 6.567526866493587131e-04
2.180563728871183216e+00 9.748297724235116535e-01 -1.700054735374561199e+00 3.948960327897219180e+00 2.414724648404283427e-02 1.515527177581648743e+02 8.384036369064227188e-04
2.207926912950785248e+00 9.767276277666397943e-01 -1.382014876893250532e+00 3.531819490959179131e+00 2.785506885721936166e-02 1.614086900656176056e+02 1.080224728254678638e-03
2.235290097030387280e+00 9.819485427212917283e-01 -2.060220476519371680e+00 3.393315470719708848e+00 3.135072960043853302e-02 1.719056287084961809e+02 1.308388768237385988e-03
2.262653281109989312e+00 9.835325362143031436e-01 -2.045733627746270766e+00 2.521544740413326657e+00 3.602425176021142872e-02 1.830852178383315447e+02 1.656601104423968121e-03
2.290016465189591344e+00 9.851746356366186674e-01 -2.137909580291901701e+00 2.378809383664040489e+00 3.776659177044244808e-02 1.949918524642970681e+02 1.797760330785916480e-03
2.317379649269193376e+00 9.862614478829985210e-01 -2.254311467988676654e+00 2.923336698683271173e+00 4.235306346602566580e-02 2.076728147492078733e+02 2.235638318092479301e-03
2.344742833348795408e+00 9.888997803866260705e-01 -2.678381462295585713e+00 2.021894229084041594e+00 4.644363499029562775e-02 2.211784617706297809e+02 2.598456157151088873e-03
2.372106017428397440e+00 9.900214370023268096e-01 -2.175994428978795803e+00 1.773306658791259149e+00 4.904506824634693313e-02 2.355624254927114123e+02 2.884379980635600783e-03
2.399469201507999472e+00 9.913332972607306059e-01 -1.945583849061136350e+00 1.751300147776562177e+00 5.225541171811894786e-02 2.508818257428430343e+02 3.249092132864167884e-03
2.426832385587601060e+00 9.924379671496439403e-01 -2.784823087645235340e+00 1.515291755860354694e+00 5.568186049295668211e-02 2.671974970388887414e+02 3.596621774798654855e-03
2.454195569667203092e+00 9.935327658272202767e-01 -3.049214077876479578e+00 1.420533293758446280e+00 5.840320707117237220e-02 2.845742301677414616e+02 3.932678474570221010e-03
2.481558753746805124e+00 9.942155047300197390e-01 -2.375855757266793766e+00 1.687483250576859994e+00 6.158045344141535593e-02 3.030810294745247688e+02 4.301653226957640082e-03
2.508921937826407156e+00 9.948575093831492078e-01 -2.509466282911299473e+00 1.731026794096122590e+00 6.571624445360760292e-02 3.227913868841612270e+02 4.864500705585922923e-03
2.536285121906009188e+00 9.956117805884312499e-01 -3.005773550362965896e+00 1.372967404039956429e+00 6.909136218341969948e-02 3.437835737434638759e+02 5.350177700803434612e-03
2.563648305985611220e+00 9.961286177414458987e-01 -2.947962143869257812e+00 1.360720725730178549e+00 7.231650057705965584e-02 3.661409516426811592e+02 5.783300919966263658e-03
2.591011490065213252e+00 9.966129010054447512e-01 -2.953928784250247297e+00 1.421094253525513773e+00 7.624419368749432713e-02 3.899523034507897705e+02 6.350903448760942226e-03
2.618374674144814840e+00 9.969644955639203054e-01 -3.359571658798109262e+00 1.406681245141593761e+00 7.989770057661672864e-02 4.153121858791025147e+02 6.917467344867433282e-03
2.645737858224416872e+00 9.973923386253750190e-01 -2.835198807822763456e+00 1.492139411942227767e+00 8.403991838250997326e-02 4.423213049732506761e+02 7.582598594254224243e-03
2.673101042304018904e+00 9.977189984245562471e-01 -2.680872704220665703e+00 1.315879891252368594e+00 8.847676458169650981e-02 4.710869160246423348e+02 8.348462264193353896e-03
2.700464226383620936e+00 9.979740446378463359e-01 -3.073453482843807816e+00 1.275705620676695906e+00 9.209206745974084229e-02 5.017232494894840897e+02 8.950172246241552484e-03
2.727827410463222968e+00 9.982423267194087124e-01 -3.434536255048907805e+00 1.498580241159936266e+00 9.652928099451617283e-02 5.343519646067169333e+02 9.804404574347190537e-03
2.755190594542825000e+00 9.984279327218362754e-01 -3.407648033810009025e+00 1.581549044919024150e+00 1.017202133390312097e-01 5.691026325162208650e+02 1.081043693060500244e-02
2.782553778622427032e+00 9.986241329860326976e-01 -3.885898123480851396e+00 1.522124242145799666e+00 1.070930934472582724e-01 6.061132507957872804e+02 1.196667948910129682e-02
2.809916962702029064e+00 9.987289253321853799e-01 -3.910829172878631077e+00 1.505221998764383784e+00 1.123202354306295780e-01 6.455307914601255561e+02 1.309614814015732688e-02
2.837280146781631096e+00 9.989091331298221021e-01 -3.179893806243033083e+00 1.402782667118067206e+00 1.183360296965651343e-01 6.875117845980481661e+02 1.446601771101166910e-02
2.864643330861232684e+00 9.990235562638012379e-01 -3.796000776596972326e+00 1.738799331347839372e+00 1.232436125499036389e-01 7.322229399655050202e+02 1.562833743998657751e-02
2.892006514940834716e+00 9.991678095524666459e-01 -4.565303462607682938e+00 1.771340205207740937e+00 1.325613705079946858e-01 7.798418090028624192e+02 1.800972846016955092e-02
2.919369699020436748e+00 9.992473698864781095e-01 -4.732004563183492607e+00 1.163913050829159967e+00 1.382228376527712688e-01 8.305574899053381159e+02 1.953672646452940531e-02
2.946732883100038780e+00 9.993160077811621411e-01 -4.537728883954959436e+00 1.500292886473515219e+00 1.431779264020809073e-01 8.845713785464967032e+02 2.085469770320883334e-02
2.974096067179640812e+00 9.994090019014029158e-01 -4.780032486986078410e+00 1.831521760508795227e+00 1.522898872693379535e-01 9.420979682367687928e+02 2.360246578852335381e-02
3.001459251259242844e+00 9.994719302411081419e-01 -4.988457054249265887e+00 1.708254140132116072e+00 1.607773868023743558e-01 1.003365701492900598e+03 2.626857010131304279e-02
3.028822435338844876e+00 9.995197174243380944e-01 -5.774653329662075230e+00 1.564088519701159141e+00 1.699699478404577691e-01 1.068617877200776547e+03 2.927142880034686034e-02
3.056185619418446908e+00 9.995710709339423738e-01 -5.981935032394208207e+00 1.550924236415337720e+00 1.778672143755626323e-01 1.138113616774027150e+03 3.199140525158541276e-02
3.083548803498048940e+00 9.996147045288509281e-01 -6.055707958509064071e+00 1.597648950357096753e+00 1.876936863808736367e-01 1.212128893145112670e+03 3.558937592518010562e-02
3.110911987577650972e+00 9.996528569264386821e-01 -6.227351195043172360e+00 1.627226288067998849e+00 1.969072970018646285e-01 1.290957626675085521e+03 3.912612534721812696e-02
3.138275171657253004e+00 9.996908608964103493e-01 -7.339417736241756529e+00 1.730250469742579567e+00 2.081512395482863764e-01 1.374912852333973660e+03 4.368904559281620859e-02
3.165638355736854592e+00 9.997453483748250935e-01 -8.131468047701606139e+00 1.748166333243309944e+00 2.196237842241922922e-01 1.464327962786746866e+03 4.865832626819610596e-02
3.193001539816456624e+00 9.997753318699804659e-01 -8.971360219953551152e+00 1.682538483813169616e+00 2.322320938110351562e-01 1.559558032321262544e+03 5.445570084783765696e-02
3.220364723896058656e+00 9.997727846294881537e-01 -8.898932006956714602e+00 1.578865450011539773e+00 2.437241103622939664e-01 1.660981226875592483e+03 6.015010456462483585e-02
3.247727907975660688e+00 9.998020433409199326e-01 -1.417961686836731516e+01 1.366189187044634323e+00 2.556311013042062985e-01 1.769000305764085397e+03 6.644295263981474242e-02
3.275091092055262720e+00 9.998485864483435126e-01 -1.904832245969537396e+01 1.125573634622897501e+00 2.612943649291992188e-01 1.884044221065610373e+03 7.145011943319569403e-02
3.302454276134864752e+00 9.998257503129844848e-01 -1.881141696787371842e+01 -3.004645740979324658e-02 2.623917102813720925e-01 2.006569821025289002e+03 7.656803131103516458e-02
3.329817460214466784e+00 9.998762442882119794e-01 -1.493597411534943298e+01 -8.559046981495029849e-01 2.310062050819396973e-01 2.137063664234050520e+03 7.118010520935058594e-02
