-1.376650201477075397e+00 -1.513367012309425164e+01 -2.999999999999990674e+00 -1.859415384266401405e+00 6.863417103886604309e-03 4.200972112226605826e-02 9.421297727385535836e-05
-1.267197465158667491e+00 9.947336108660083109e-01 -3.000000000000004885e+00 5.681430933197966660e+00 2.388416230678558350e-02 5.405085084789147676e-02 1.140906242653727531e-03
-1.239834281079065459e+00 -9.678425452130493767e+00 -3.000000000000002220e+00 -2.427434030067906434e+01 1.679558120667934418e-02 5.756595567102736066e-02 5.641842144541442394e-04
-1.157744728840259585e+00 -3.612986793805405483e+01 -3.000000000000003997e+00 4.692557015053553826e+00 1.121149514801800251e-03 6.954329615467395864e-02 2.513952040317235515e-06
-1.130381544760657331e+00 -1.688340120634750363e-01 2.500639011678251311e+00 5.850607138494410719e+01 -3.033906221389770508e-02 7.406592571360530453e-02 1.840916695073246956e-03
-1.103018360681055521e+00 -1.233027138267896561e+00 2.500639011678220669e+00 7.869535549500480620e+00 2.272730072339375698e-02 7.888267676602786493e-02 4.001121968030929565e-03
-1.075655176601453489e+00 8.466027035117126287e-01 -2.999999999999997335e+00 7.128415598022277422e-01 -3.921518971522648667e-02 8.401267700122212745e-02 4.962553891042867718e-03
-1.020928808442249647e+00 6.985164853867891210e-01 -8.548882987762563834e-01 -2.684477609471178639e+00 -1.776630431413650513e-02 9.529523635745439092e-02 4.578240836660066662e-03
-9.935656243626476147e-01 -2.424490188429106130e+00 4.271449249370807166e+00 -5.778915206229209289e+00 4.147972911596298218e-03 1.014925993903626755e-01 2.987704705446958542e-03
-9.662024402830455827e-01 -1.181399483460221056e+00 4.783610471520804097e+00 2.499764243095586647e+00 -4.501204627255598126e-03 1.080929973495666496e-01 2.210240811109542847e-03
-9.388392562034436617e-01 1.388529120044162957e-01 -3.298422571522305335e-01 7.811864227319223808e+00 1.289387378427717286e-02 1.151226409235400344e-01 4.093932608763376294e-03
-9.114760721238416297e-01 -2.306321030107791881e-01 -6.729828773985476076e+00 -3.624913923836218244e-01 -2.119853720068931580e-02 1.226094453681413343e-01 5.914997309446334839e-03
-8.841128880442395976e-01 -5.616277586588849235e-01 -1.940328968862265357e+00 -4.324118395809652959e+00 2.266917626063028740e-02 1.305831413602439595e-01 3.911135407785574017e-03
-8.567497039646376766e-01 3.780770670246440535e-01 -1.553142685857086258e+00 -5.472696825582096025e+00 -6.836179229948255269e-03 1.390753930605431732e-01 3.430135341154204234e-03
-8.293865198850356446e-01 -2.567142809395543956e+00 2.176675518356594452e-01 2.297832883178558383e+00 -3.230469035250799811e-03 1.481199238543762786e-01 1.962465500192982562e-03
-8.020233358054336126e-01 1.767264882789660874e-01 5.264711988174605395e+00 8.322536512092769456e+00 9.774432732508733790e-03 1.577526502698818889e-01 4.582086721291908984e-03
-7.746601517258316916e-01 1.092602228529963027e-01 -7.170285401574340023e-01 2.039982516749687225e+00 -2.822737726900312587e-03 1.680118246052986208e-01 5.600982656081517248e-03
-7.472969676462296595e-01 2.156555695698060271e-01 -1.323104995955906471e+00 -4.154854572391796452e+00 -1.571665441288667628e-02 1.789381868317867497e-01 5.925215342465569093e-03
-7.199337835666277385e-01 -1.628285164059683598e+00 -1.200746794822602492e-01 -6.542003135253037227e-01 -4.626263610341332412e-03 1.905751263749898561e-01 3.318059173497286789e-03
-6.925705994870257065e-01 4.959971848182734844e-01 3.426424909802987528e-01 7.145961097634534021e+00 -1.479094599684079372e-02 2.029688544177851162e-01 5.456348881125450134e-03
-6.652074154074237855e-01 3.746741402551000411e-01 5.554097831535069751e-01 -5.571133751326659223e+00 2.512255581942471686e-02 2.161685874084481040e-01 8.165008190906410113e-03
-6.378442313278217535e-01 -1.597889793370015354e-01 -8.420034793021343722e-01 -3.981967306261068096e+00 1.789481414330972367e-02 2.302267425029584924e-01 2.704046867989205131e-03
-6.104810472482196104e-01 3.344790595534857802e-01 3.632816303744293429e-01 6.020201345157764727e+00 -8.648638115372768789e-03 2.451991457175618228e-01 4.943539583405783151e-03
-5.831178631686178004e-01 8.053639314212235334e-02 9.069292901557945985e-02 -4.082610904089539972e+00 1.406039510454450310e-02 2.611452536181780304e-01 5.774015826838356860e-03
-5.557546790890157684e-01 -8.238673337880797476e-01 -1.433805931407025058e+00 -6.108850220666786068e-01 4.059535643411060941e-03 2.781283894270033530e-01 2.955367877369835181e-03
-5.283914950094138474e-01 -2.097802125463796852e-01 -8.786582540491313376e-01 3.034771396405647081e+00 4.629930152612573603e-03 2.962159944838996806e-01 5.346215384847977786e-03
-5.010283109298118154e-01 1.085543161278847979e-01 -1.300576252297766189e+00 -5.201876572257962961e-01 -6.380001946193415881e-03 3.154798960611486791e-01 4.332051044557153063e-03
-4.736651268502098389e-01 -3.217113477157318435e-02 -1.989466863468370761e+00 1.442075207376353196e+00 -1.804651532854352480e-02 3.359965925950795240e-01 5.007010130655197705e-03
-4.463019427706077513e-01 3.118665900912942490e-02 1.857329227290097362e-01 -1.481532579257137883e+00 -1.323983874372256821e-02 3.578475574672497217e-01 5.195329586664835901e-03
-4.189387586910058858e-01 -1.054086822517257271e-01 8.262806049463894409e-01 4.477487485863569650e-02 -3.540665626525879052e-03 3.811195625415155774e-01 4.154316425323486411e-03
-3.915755746114038538e-01 1.443584385447047591e-01 -1.542483524249333993e+00 4.567864278825774504e-01 -1.602276166280110692e-03 4.059050227417850820e-01 5.224725405375163501e-03
-3.642123905318018773e-01 -2.277726236157584516e-02 -1.544270974900762372e+00 -6.243630247693515711e-01 -7.405680020650228478e-03 4.323023630387951566e-01 4.400457541147867815e-03
-3.368492064521998453e-01 -7.576702653442168867e-02 -3.527008748501953561e-01 1.016205306728704016e+00 3.465074300765991384e-03 4.604164093032488414e-01 4.829413029882643517e-03
-3.094860223725978132e-01 6.933520950016436313e-02 -9.418522058079910053e-01 -1.191003889581809583e+00 1.436689824008485251e-03 4.903588045774184834e-01 5.001624235125819509e-03
-2.821228382929957812e-01 -1.005869706414972420e-01 -4.728325153251574653e-01 5.420480407079468765e-01 -5.338639148826762604e-03 5.222484524182622323e-01 4.156377949939777175e-03
-2.547596542133938047e-01 1.834213954178138817e-01 -5.478164869792099267e-01 8.812213110619482315e-01 2.170772087283250572e-03 5.562119890726031635e-01 5.355196132061789023e-03
-2.273964701337919669e-01 -2.034822101033939568e-02 -1.627482757585928974e+00 -1.334091695828040880e+00 -8.743978825277333791e-03 5.923842863594157571e-01 4.644522531551517099e-03
-2.000332860541899072e-01 -1.156142996776079457e-01 -1.536418244210941531e+00 7.737797003747452773e-02 -4.767904882906468965e-04 6.309089872562032575e-01 4.526529843506574974e-03
-1.726701019745878474e-01 3.423209317275477392e-02 -1.830229248959356569e+00 2.203513067112519708e-01 -1.165483723788123763e-03 6.719390763163196612e-01 4.690030741253550274e-03
-1.453069178949857876e-01 1.206324379286373150e-01 -2.753273040806027527e+00 -6.450116363835678435e-01 -1.149334183222130946e-03 7.156374871824107142e-01 4.653978951369659722e-03
-1.179437338153839082e-01 -4.389153635319642532e-02 -2.398960513347959900e+00 -4.069851543014547102e-01 -1.540484774203700882e-03 7.621777496084526371e-01 4.323908997552692798e-03
-9.058054973578200109e-02 1.636952965553573058e-02 -1.492641163147404137e+00 4.655876042203442311e-01 -3.297786197751900392e-03 8.117446785597667303e-01 4.421316402059206029e-03
-6.321736565617996906e-02 6.827519997197595281e-02 -2.083998250277264486e+00 2.662876958992032583e-01 -3.179441502219752195e-03 8.645351081274750271e-01 4.585180784526623685e-03
-3.585418157657789540e-02 6.535240762037675122e-02 -2.623982958281050770e+00 6.364000498363489022e-01 -3.845163967818894437e-03 9.207586731718306883e-01 4.572192994121726875e-03
-8.490997496975839082e-03 2.229245097013194954e-01 -1.434799234236917354e+00 -1.095005055003218208e+00 -1.316032017091191709e-03 9.806386417983885551e-01 4.968031343207301477e-03
1.887218658262620682e-02 -7.999774956991911878e-02 -2.610533002904020794e+00 -1.018196994999052363e+00 -6.324343152881897311e-04 1.044412801972842253e+00 3.982895428372412380e-03
4.623537066222808967e-02 5.425009782804524061e-02 -2.851158141740893992e+00 6.842881161322029726e-01 -5.340448984908327881e-03 1.112334405795343262e+00 4.369805465464837724e-03
7.359855474182992741e-02 -2.802851552910246014e-02 -2.163885854300466871e+00 -1.003285311515558664e+00 2.355923339046072686e-03 1.184673175184089988e+00 4.341576995978266643e-03
1.009617388214320566e-01 4.588619499011348246e-03 -2.633266678377984338e+00 -1.264138542002438914e+00 2.198290086243936514e-04 1.261716372961831478e+00 3.850844148514398230e-03
1.283249229010341164e-01 -1.821653254332573635e-01 -2.157047642223763440e+00 -5.812617071206618302e-01 3.250515211415559366e-03 1.343769943598650762e+00 3.702250463759073490e-03
1.556881069806360651e-01 -4.864301526222392091e-02 -2.661724470430849365e+00 2.025259866936284514e-01 -5.347613948786591152e-03 1.431159728141013776e+00 3.578867336544828363e-03
1.830512910602379861e-01 -2.667264972268301726e-02 -3.099043340207598529e+00 -2.788690634296341342e-01 -9.680931214933041892e-04 1.524232758151651268e+00 3.797950568022551328e-03
2.104144751398399071e-01 -1.484197343133364377e-01 -2.687339318671853494e+00 -8.052328188441034706e-01 3.954674382942223107e-03 1.623358633798612782e+00 3.455286863081881259e-03
2.377776592194419669e-01 -3.165266556901036310e-02 -2.876387771363311696e+00 -2.536233285233012724e-01 8.078940898091573715e-04 1.728930991565990727e+00 3.431482909341240783e-03
2.651408432990439712e-01 -5.395149367897866810e-03 -2.756161304326704808e+00 -7.025544314050938266e-02 -3.458246772671922807e-05 1.841369067414704075e+00 3.346603225778650194e-03
2.925040273786460032e-01 8.128425641435799154e-02 -2.640312546244905967e+00 7.627379257806913282e-01 1.182419790638436513e-04 1.961119361600778710e+00 3.401237940616744747e-03
3.198672114582479797e-01 1.274523072987704397e-01 -3.386614564073812339e+00 -4.731957370362828708e-01 1.098862176096193112e-03 2.088657411762239846e+00 3.684224632285688916e-03
3.472303955378498452e-01 -8.646907581484186700e-02 -3.634221719959629837e+00 -1.276152997450862081e+00 3.375312712977660088e-03 2.224489681315686251e+00 3.204355787294508977e-03
3.745935796174519328e-01 -4.296197278688573817e-03 -3.431732034665190945e+00 -6.410472982481053572e-01 -2.853221405809298894e-03 2.369155570661511501e+00 3.136944846985058061e-03
4.019567636970539648e-01 -2.061160290196073497e-02 -2.627943835255510230e+00 4.677810940607409762e-01 -3.785299152088317416e-03 2.523229559184421156e+00 2.955687673468338633e-03
4.293199477766559968e-01 1.089694031560880516e-01 -2.799718212132378259e+00 1.548424737058061718e-01 -6.213204526319736441e-04 2.687323486555301066e+00 3.327414029982031941e-03
4.566831318562578623e-01 -1.883323818303761499e-02 -3.538860495190066402e+00 -1.028028589681368787e+00 3.966910657393246426e-04 2.862088982393657943e+00 3.013925455962517940e-03
4.840463159358597833e-01 -2.898655433583519070e-02 -2.938434566130149861e+00 -7.035319054548566653e-01 3.121936690749001903e-03 3.048220053939008523e+00 2.923119515423673858e-03
5.114095000154619264e-01 4.439919147594850735e-02 -2.117341764137658178e+00 -1.651247802355052530e+00 -3.661929089346049621e-03 3.246455842007061943e+00 2.758231795864340453e-03
5.387726840950638474e-01 -1.577476309137724186e-01 -3.073936043738767054e+00 -4.899035827262825382e-01 -2.710338230550723981e-03 3.457583556174799178e+00 2.373994875998392245e-03
5.661358681746658794e-01 5.764836308027743161e-02 -3.164112827534292904e+00 -5.621755176130246445e-01 -2.350558187359961301e-03 3.682441600850324903e+00 2.593105084428163308e-03
5.934990522542679114e-01 -5.196803410586481320e-02 -2.289922029271272308e+00 -1.001600233363006520e+00 -1.360186787902331693e-03 3.921922904641311103e+00 2.211637539586438269e-03
6.208622363338699435e-01 -6.634074393712996454e-02 -2.276011572703279917e+00 -2.121477986110575364e-01 7.182785928079545631e-04 4.176978466243252974e+00 2.285631293924445754e-03
6.482254204134719755e-01 -2.779837401999230018e-02 -2.689189856307645954e+00 -3.739174712941137901e-01 -1.728773765823467864e-03 4.448621130928505529e+00 2.153296697707402993e-03
6.755886044930737855e-01 1.115621281771039808e-02 -3.076044678223952555e+00 -3.042540431693144809e-01 -1.848397189623689034e-03 4.737929612632838960e+00 2.180434416418206098e-03
7.029517885726755955e-01 7.611463855862465877e-02 -2.576094444711500842e+00 -1.199163213092656388e+00 -1.688938219468672257e-03 5.046052777611537365e+00 2.072302522240104285e-03
7.303149726522776275e-01 9.731839268070552329e-02 -2.721147851484166935e+00 -1.382499971647939807e+00 -1.373786121219783664e-03 5.374214206675747008e+00 1.874636984490729011e-03
7.576781567318796595e-01 -1.559272161000082590e-01 -3.544561909762296459e+00 -8.426580793770200098e-03 -5.989967195677820639e-04 5.723717054126079340e+00 1.740980685863950097e-03
7.850413408114816916e-01 2.800029358895050891e-02 -3.127484582954174197e+00 7.238029519524873390e-01 -1.228433739658191162e-03 6.095949222678677337e+00 1.872647455239328943e-03
8.124045248910837236e-01 1.428327743950207340e-01 -2.890236913707441957e+00 -1.106447496970750288e+00 -1.184077356060881476e-03 6.492388874933756604e+00 1.907238741769302351e-03
8.397677089706857556e-01 -3.770744515745994008e-03 -3.096975682828031484e+00 -7.961294290285370057e-01 -1.615521185028536517e-03 6.914610303273097003e+00 1.628936563499670418e-03
8.671308930502877876e-01 5.421918331478436937e-02 -2.989106731818858442e+00 -7.310954398658202520e-03 1.073350197296350740e-03 7.364290181496299326e+00 1.725185454135702307e-03
8.944940771298898197e-01 9.882743236516244867e-02 -2.892322030150205503e+00 -1.374857713258164971e+00 -9.224491576625876198e-04 7.843214223021534259e+00 1.627436566026243354e-03
9.218572612094918517e-01 1.898843510000014501e-02 -3.482462357714195100e+00 -1.829427974979397575e+00 -6.769916411203459367e-05 8.353284272091011431e+00 1.450757479763929540e-03
9.492204452890938837e-01 -2.004328344912487125e-03 -2.274816845152282330e+00 -1.083155607031173417e+00 -2.108168220242385201e-03 8.896525856140888422e+00 1.292367776234944806e-03
9.765836293686956937e-01 -1.772709558694207654e-01 -1.819783694707769461e+00 2.990613143290096754e-01 -5.088088626650686362e-04 9.475096229326670283e+00 1.265661722319131981e-03
1.003946813448297393e+00 2.199762823999362737e-02 -3.369635790137576414e+00 7.091388475295321570e-01 -2.110413356288014502e-03 1.009129293914556236e+01 1.342000446774280426e-03
1.031309997527899425e+00 -8.206306074205849121e-02 -2.891086012375938541e+00 -9.438900661497483524e-01 1.412454258981358547e-03 1.074756295017447094e+01 1.383968608566539353e-03
1.058673181607501457e+00 -1.545857398357313173e-01 -2.738468904343548171e+00 -1.142250180268453708e+00 -1.556691556873888169e-03 1.144651236115471526e+01 1.191508061815016407e-03
1.086036365687103711e+00 2.375094624111695474e-02 -2.911987142691803143e+00 -8.358330421675124189e-01 4.805020644685547909e-04 1.219091675401080543e+01 1.198436522097842813e-03
1.113399549766705743e+00 -2.019868148877232983e-01 -2.390722884511842672e+00 -1.167415438765447400e+00 -6.081115732578197325e-04 1.298373221589993243e+01 1.072395241829581392e-03
1.140762733846307553e+00 -1.458611451809013193e-01 -2.970877968698375504e+00 -1.094141215844346648e+00 -1.114474104624993628e-03 1.382810707806169148e+01 1.034490789921638405e-03
1.168125917925909807e+00 -2.209541303818436386e-01 -2.809858973573595264e+00 -1.561072386601276785e+00 -1.209953645380531942e-03 1.472739441808384520e+01 9.342788196191555063e-04
1.195489102005511839e+00 -3.204291781623507251e-01 -2.827477017927160219e+00 -7.957904966247776324e-01 -1.115511263812984499e-03 1.568516537523151655e+01 8.497571086024378363e-04
1.222852286085113871e+00 -3.277288915236857836e-01 -3.117168147878361495e+00 5.311992841805824456e-02 7.741126923117262618e-04 1.670522333171622975e+01 8.451344005247858528e-04
1.250215470164715903e+00 -2.507262544920598746e-01 -2.172423503992892968e+00 -1.103704565451325115e+00 -1.356946945190429764e-03 1.779161901621947450e+01 8.554642541067940991e-04
1.277578654244317713e+00 -3.483719903875770463e-01 -2.584328389995323771e+00 -1.237041181823414382e+00 -1.793688343417260004e-03 1.894866658964815898e+01 7.354006972364199530e-04
1.304941838323919301e+00 -2.597386230016209829e-01 -2.789266836109108194e+00 -2.516394446368545590e-01 3.735315450618686040e-04 2.018096077699975766e+01 7.319865412929311673e-04
1.332305022403521555e+00 -2.592010934382666942e-01 -2.914299981119690575e+00 -1.114433123439249274e+00 -2.817363015020081345e-04 2.149339511336905773e+01 7.124472663040561224e-04
1.359668206483123587e+00 -3.585082539415702652e-01 -3.159644502740643457e+00 -1.387999852164019554e+00 5.321477743689082560e-04 2.289118137655266239e+01 6.360836295099217986e-04
1.387031390562725619e+00 -3.550226969951939537e-01 -3.042734323107374905e+00 -1.124639708289015383e+00 -2.033411501309810758e-05 2.437987028342002915e+01 5.981257965422085180e-04
1.414394574642327651e+00 -2.839953941032780094e-01 -3.436139670464833262e+00 -1.042604235019637393e+00 -5.159724941788625032e-04 2.596537353223743239e+01 5.520352010716640754e-04
1.441757758721929683e+00 -3.309348005603689469e-01 -2.948746358174397120e+00 4.005948694838576407e-02 -1.107318743087906297e-04 2.765398727847697202e+01 5.244868334475273619e-04
1.469120942801531715e+00 -2.245453444264104981e-01 -3.791405607030119196e+00 -7.457971659506502649e-01 -1.044346269176192870e-03 2.945241713733468458e+01 5.548289095601595519e-04
1.496484126881133747e+00 -2.974151427435309802e-01 -3.410636452080660685e+00 -1.692684561212564720e+00 -1.637131495963308186e-03 3.136780481224477768e+01 4.774411197315130595e-04
1.523847310960735779e+00 -2.167655766532510242e-01 -2.585027632834112410e+00 -4.644158330567516590e-01 2.813435435026009229e-04 3.340775645513381420e+01 4.482544437219003496e-04
1.551210495040337589e+00 -1.044883001087122398e-01 -3.310886893932674102e+00 -8.731302688924396094e-01 -3.765474409746700536e-04 3.558037287103561397e+01 4.503021578816972714e-04
1.578573679119939621e+00 -2.629343882265995358e-01 -3.494629192810737806e+00 -1.781282475128800336e+00 -2.031088155200224104e-03 3.789428168701180510e+01 4.015515947565786135e-04
1.605936863199541209e+00 -2.247638023733378176e-01 -3.732148691282539232e+00 -3.642339078947193221e-01 5.192194199682182728e-05 4.035867161312300766e+01 3.597666544637992056e-04
1.633300047279143463e+00 2.506610818641463734e-02 -2.831674714202700116e+00 -8.036198921947616813e-02 -4.879862952263045437e-04 4.298332893150416822e+01 3.835377852735678893e-04
1.660663231358745495e+00 1.630524226179869141e-01 -3.366249651731907377e+00 -6.955447937255088142e-02 -3.721166112713984340e-04 4.577867635844408056e+01 3.561418315191304377e-04
1.688026415438347305e+00 2.690641850205371943e-01 -4.034518095265962501e+00 6.735047363627738592e-01 -2.295220637257208425e-04 4.875581443379445545e+01 3.801908775802571383e-04
1.715389599517949559e+00 3.457832099277273752e-01 -2.705660500341553476e+00 -7.610332368014782745e-01 1.044337836544165319e-03 5.192656560206835792e+01 3.876871942134385747e-04
1.742752783597551591e+00 4.602176632900459863e-01 -3.459505744792333637e+00 -1.377015319823513329e+00 6.518051995859518079e-04 5.530352116027734866e+01 3.454244756079339414e-04
1.770115967677153623e+00 4.877460216726239306e-01 -4.494469854607487491e+00 -5.402285635156834909e-01 -7.665757799432390334e-04 5.890009125894160746e+01 3.259285530518917862e-04
1.797479151756755655e+00 6.240962608414319934e-01 -4.102022207670435350e+00 -9.321145025370226600e-01 -5.721974896039334424e-04 6.273055815482999975e+01 3.226921195894199299e-04
1.824842335836357687e+00 6.119000901955455873e-01 -4.780159240883245175e+00 -6.458651275829491167e-01 -1.399605294578095804e-03 6.681013292690134620e+01 2.898085321116651287e-04
1.852205519915959275e+00 6.794514318267762532e-01 -3.621621504106904865e+00 -1.015255479791443260e+00 -1.627748386532652499e-03 7.115501588067000682e+01 2.974695434757307485e-04
1.879568703995561307e+00 6.677919200588537940e-01 -3.515280005693341980e+00 -1.548246442358981234e+00 -3.278613531214913304e-03 7.578246088086670795e+01 2.550057199217255210e-04
1.906931888075163339e+00 6.734041386503003546e-01 -5.341973550403487536e+00 -1.514625021730066301e+00 -2.813885401482362457e-03 8.071084386786334619e+01 2.447443090722151680e-04
1.934295072154765149e+00 6.908561903165770790e-01 -4.700417050532239571e+00 -2.753977236924503025e+00 -3.690233301583945545e-03 8.595973582994720630e+01 2.106977973327447289e-04
1.961658256234367181e+00 7.037809256122691259e-01 -3.722868886846193881e+00 -2.234124301093590947e+00 -4.385330825272001562e-03 9.154998052122242314e+01 1.729806122693373222e-04
1.989021440313969435e+00 7.244284568270662472e-01 -4.175350164245193341e+00 -2.165700245157637038e+00 -5.585933509080306079e-03 9.750377723376207939e+01 1.589990342440812307e-04
2.016384624393571467e+00 7.507879004255975097e-01 -3.513602905253864872e+00 -3.723175480281136096e+00 -5.419142969377763880e-03 1.038447689527061897e+02 1.316668728629390010e-04
2.043747808473173500e+00 7.141845365307375459e-01 -3.096192021678515705e+00 -4.215360006020591577e+00 -5.204580486684606128e-03 1.105981362443762777e+02 9.945774639862170843e-05
2.071110992552775532e+00 7.023885736394590573e-01 -4.549015765135940192e+00 -3.624102744719571501e+00 -4.417279208684764431e-03 1.177906972502427152e+02 7.740788071170041289e-05
2.098474176632377564e+00 7.360745817239117139e-01 -3.734612157530635468e+00 -3.904712327451045795e+00 -4.241464003710679678e-03 1.254510141838293009e+02 6.299479011918457079e-05
2.125837360711979596e+00 7.835038004316812188e-01 -1.567175836505596775e+00 -2.144704786429187493e+00 -1.290585199991861956e-03 1.336095067534623411e+02 4.732541739940643880e-05
2.153200544791581184e+00 7.981525252415905269e-01 -1.097582357566504463e+00 2.069021230710744064e+00 7.012624950969920719e-04 1.422985729612742318e+02 4.807648742023635954e-05
2.180563728871183216e+00 8.862766581413464850e-01 -2.052309399415207292e+00 4.241311850237457826e+00 3.536008474395030843e-03 1.515527177581648743e+02 6.142207311363670908e-05
2.207926912950785248e+00 9.126325480657344613e-01 -1.818576948813010352e+00 5.295453345565979575e+00 5.341743987160625304e-03 1.614086900656176056e+02 8.204352723400524746e-05
2.235290097030387280e+00 9.537384206030679046e-01 -1.220884429656125203e+00 6.365662972387976737e+00 7.843867146591255654e-03 1.719056287084961809e+02 1.197086133029126598e-04
2.262653281109989312e+00 9.666493881351231332e-01 -1.601274718921295914e+00 6.368325081848498215e+00 1.098404448316092109e-02 1.830852178383315447e+02 1.829843462633439475e-04
2.290016465189591344e+00 9.753930346776014115e-01 -1.051883996389330722e+00 5.114796547274113259e+00 1.402201462515843648e-02 1.949918524642970681e+02 2.670795912986914699e-04
2.317379649269193376e+00 9.800008980428218663e-01 -2.602762107514286605e+00 4.566163484629144342e+00 1.659354509091844759e-02 2.076728147492078733e+02 3.486006380685793805e-04
2.344742833348795408e+00 9.830842337581663370e-01 -2.496773141504257332e+00 3.979277313806599103e+00 1.970513030510086597e-02 2.211784617706297809e+02 4.748213592419125301e-04
2.372106017428397440e+00 9.844996394754221836e-01 -9.833414447290351745e-01 3.725611846619595990e+00 2.196334476119901624e-02 2.355624254927114123e+02 5.755718866008922938e-04
2.399469201507999472e+00 9.868761719097862706e-01 -1.545020121561430537e+00 4.479788852622275996e+00 2.567031069630000550e-02 2.508818257428430343e+02 7.593105821048512115e-04
2.426832385587601060e+00 9.881360712167035487e-01 -1.357097930331874869e+00 3.718336065425233983e+00 3.002723118963521870e-02 2.671974970388887414e+02 1.012190243902486584e-03
2.454195569667203092e+00 9.900608989450148112e-01 -1.701670154133094748e+00 2.947820174812520566e+00 3.288875136668698018e-02 2.845742301677414616e+02 1.213138766060657507e-03
2.481558753746805124e+00 9.907765762842175583e-01 -2.038204013860747565e+00 2.991744549353884342e+00 3.656692256637870952e-02 3.030810294745247688e+02 1.467525441837931382e-03
2.508921937826407156e+00 9.922406742362226417e-01 -2.143233286693666084e+00 2.722456504954911427e+00 4.013267848133198618e-02 3.227913868841612270e+02 1.768633287200773721e-03
2.536285121906009188e+00 9.927065455165621222e-01 -1.533128186915395874e+00 2.824228986715930478e+00 4.366544669651822863e-02 3.437835737434638759e+02 2.068120293399026977e-03
2.563648305985611220e+00 9.937078900389647584e-01 -1.483834431998385606e+00 2.575785104582607676e+00 4.840794825713906624e-02 3.661409516426811592e+02 2.524629135259845881e-03
2.591011490065213252e+00 9.946484302827948154e-01 -2.622655813166735239e+00 2.143770170003651110e+00 5.163097918656978785e-02 3.899523034507897705e+02 2.861140336322860918e-03
2.618374674144814840e+00 9.952546081988337123e-01 -2.112299033699551742e+00 2.241229285356362233e+00 5.564226684570312831e-02 4.153121858791025147e+02 3.307640838623047020e-03
2.645737858224416872e+00 9.958125545047168403e-01 -2.004121471736137305e+00 2.020689225127787481e+00 5.972507394475044806e-02 4.423213049732506761e+02 3.794840256944835045e-03
2.673101042304018904e+00 9.962787988465540145e-01 -3.086165283257330749e+00 1.973444936770932578e+00 6.345236595869906127e-02 4.710869160246423348e+02 4.266810232093827017e-03
2.700464226383620936e+00 9.967694890585178102e-01 -3.129958138444302929e+00 1.828627558591798818e+00 6.791703657670454530e-02 5.017232494894840897e+02 4.866233825683593736e-03
2.727827410463222968e+00 9.972429466788996777e-01 -2.512785443148768394e+00 1.911820400464194325e+00 7.141938065866829111e-02 5.343519646067169333e+02 5.372512973363978254e-03
2.755190594542825000e+00 9.974376117067546010e-01 -2.654428431228093910e+00 2.030118962599426702e+00 7.685694453165077544e-02 5.691026325162208650e+02 6.191843348553992786e-03
2.782553778622427032e+00 9.977663112531396372e-01 -2.951264465310006191e+00 1.736809058846554121e+00 8.142594976739570001e-02 6.061132507957872804e+02 6.938706387530317078e-03
2.809916962702029064e+00 9.980736315842122508e-01 -2.642737865305642142e+00 1.646802841376710624e+00 8.599843142552897335e-02 6.455307914601255561e+02 7.706713465749609471e-03
2.837280146781631096e+00 9.983051657895516406e-01 -2.866173141784590150e+00 1.665766090132266397e+00 9.068163084655080086e-02 6.875117845980481661e+02 8.538902392922775170e-03
2.864643330861232684e+00 9.985431507846429522e-01 -3.205997616603937228e+00 1.507162364448937586e+00 9.590201964352856878e-02 7.322229399655050202e+02 9.506716447718003421e-03
2.892006514940834716e+00 9.986822835032567180e-01 -3.963944974446384162e+00 1.462395520102460322e+00 1.001574678241081984e-01 7.798418090028624192e+02 1.032484573816674737e-02
2.919369699020436748e+00 9.988242861219156499e-01 -3.810588670662819588e+00 1.761531104132986192e+00 1.055160810362617829e-01 8.305574899053381159e+02 1.143041862631743837e-02
2.946732883100038780e+00 9.989878816398289896e-01 -3.317961421095313668e+00 1.588995052462967683e+00 1.122012238004314322e-01 8.845713785464967032e+02 1.289097515504751719e-02
2.974096067179640812e+00 9.991237014593585819e-01 -3.889633795247759540e+00 1.623113021576153114e+00 1.169374140809112395e-01 9.420979682367687928e+02 1.396439305835133621e-02
3.001459251259242844e+00 9.992049843789210239e-01 -4.116917408322217753e+00 1.882602656970757460e+00 1.245689328405415325e-01 1.003365701492900598e+03 1.581658982673352087e-02
3.028822435338844876e+00 9.993063110148384665e-01 -4.039806828966454155e+00 1.672187327912961985e+00 1.319857385231832103e-01 1.068617877200776547e+03 1.770313049095664087e-02
3.056185619418446908e+00 9.993903195736488776e-01 -4.174376804903938698e+00 1.532552209613258443e+00 1.387614242016531885e-01 1.138113616774027150e+03 1.952655331278618789e-02
3.083548803498048940e+00 9.994597474570956486e-01 -5.098700519112217222e+00 1.504802848784715374e+00 1.456074264814268826e-01 1.212128893145112670e+03 2.147440240568085010e-02
3.110911987577650972e+00 9.995201820191033093e-01 -5.807911214270111699e+00 1.725484699716483217e+00 1.527853094807640200e-01 1.290957626675085521e+03 2.360358586837220385e-02
3.138275171657253004e+00 9.995749593635829822e-01 -4.694869518237602790e+00 1.894189550022962631e+00 1.625249606459888141e-01 1.374912852333973660e+03 2.669012439784719179e-02
3.165638355736854592e+00 9.996168597415783230e-01 -5.138004431296192998e+00 1.714599217312849477e+00 1.723307861140900565e-01 1.464327962786746866e+03 2.996678147579263235e-02
3.193001539816456624e+00 9.996682609464618841e-01 -6.611256210842737069e+00 1.564072824915478499e+00 1.812438815832138062e-01 1.559558032321262544e+03 3.312717378139495850e-02
3.220364723896058656e+00 9.996990984466793684e-01 -6.422167827505993465e+00 1.639813881694682340e+00 1.903607280933914403e-01 1.660981226875592483e+03 3.649523177584588357e-02
3.247727907975660688e+00 9.997213162800879793e-01 -6.672392494618382131e+00 1.765979363137904379e+00 2.011491930162584429e-01 1.769000305764085397e+03 4.073103483732756075e-02
3.275091092055262720e+00 9.997752771850263454e-01 -7.726916889881348283e+00 1.733058545887619983e+00 2.127475226975948652e-01 1.884044221065610373e+03 4.559127763770091935e-02
3.302454276134864752e+00 9.997893366533165960e-01 -8.260143497346160046e+00 1.729501244329405107e+00 2.242239247197690133e-01 2.006569821025289002e+03 5.067216313403585803e-02
3.329817460214466784e+00 9.998219458945846183e-01 -8.544122652661492623e+00 1.603070768383513034e+00 2.369682877152054501e-01 2.137063664234050520e+03 5.669321484035916292e-02
3.357180644294068816e+00 9.998222185040248622e-01 -1.131421772965884998e+01 1.629237273028227628e+00 2.475564168847125546e-01 2.276043951790256415e+03 6.201541942098866278e-02
3.384543828373670848e+00 9.998577363598175616e-01 -1.730663425330431693e+01 1.381453842388173703e+00 2.609115242958068848e-01 2.424062585116160335e+03 6.961347659428913925e-02
3.411907012453272880e+00 9.998655107599138114e-01 -1.933484255617876713e+01 7.038727017994721447e-01 2.629462778568267822e-01 2.581707357600947944e+03 7.380769401788711548e-02
3.439270196532874913e+00 9.998590277742579469e-01 -1.348911680120631651e+01 6.616090158153695722e-01 2.553116594042096898e-01 2.749604288773540247e+03 7.607005323682512754e-02
