-1.111237865905115862e+00 4.696235146518297210e-01 7.264168487203989111e-01 6.502465990665781126e-01 1.396884322166442871e-01 7.740377361929821898e-02 8.587268491586048241e-03
-8.636678656986389591e-01 1.651825170916251251e-01 1.370441589078727762e-01 -5.272326539772554943e-01 9.000798314809799194e-02 1.368775220211714827e-01 5.778395374056319311e-03
-6.160978654921619446e-01 -6.918128453739402772e-02 -4.280055658048461664e-01 -1.530267289322911894e-01 1.287184283137321472e-02 2.420483544743507187e-01 4.707616380698173911e-03
-3.685278652856847637e-01 7.370609253011706219e-02 -7.858743343926600788e-01 -8.831549064572527530e-02 -1.158481761813163757e-01 4.280279554935175756e-01 4.853305163945534698e-03
-1.209578650792077908e-01 -2.217698739165374633e-02 -1.758244816911354480e+00 -1.944521182815428240e-01 7.142954319715499878e-02 7.569063259356909601e-01 4.256694999872153058e-03
1.266121351272692652e-01 -7.728661464694308592e-04 -2.558754831925157180e+00 -2.706266455087992795e-01 1.186798214912414551e-01 1.338480767175365349e+00 3.888271460024069620e-03
3.741821353337463907e-01 6.061828230534471729e-03 -2.867458310366334917e+00 -3.986840038284300558e-01 -1.094307899475097656e-01 2.366912129956975530e+00 3.126615351483945371e-03
6.217521355402234606e-01 3.979392960767047516e-02 -2.885276528981158162e+00 -5.562039700454182167e-01 -7.016026228666305542e-02 4.185546156752109503e+00 2.468039918669030601e-03
8.693221357467005861e-01 1.641279342708967803e-02 -2.872267256633447285e+00 -7.352947480985190243e-01 -7.650349289178848267e-02 7.401540770599203789e+00 1.658347811422588745e-03
1.116892135953177823e+00 -2.144049707422990281e-01 -2.829265999597710746e+00 -8.344972602960027963e-01 -3.816607594490051270e-02 1.308856806905995462e+01 1.067279918320816713e-03
1.364462136159654726e+00 -3.588184341150386647e-01 -3.015552514141561780e+00 -7.469771460245829831e-01 5.106441304087638855e-02 2.314526385896634864e+01 6.404461925976896687e-04
1.612032136366131629e+00 2.045748516013143892e-01 -3.419898031794294191e+00 -7.848349660009314999e-01 9.180901944637298584e-02 4.092909447959566904e+01 4.554283625590461711e-04
1.859602136572608755e+00 6.948770165174561475e-01 -3.190223279464455164e+00 8.001802823910447726e-02 -2.063219621777534485e-02 7.237725977665661503e+01 2.617456439545725764e-04
2.107172136779085658e+00 9.595053573143802472e-01 -2.404588375455601668e+00 2.014058813731019804e+00 -8.694069832563400269e-02 1.279888499705059530e+02 4.989306683797758643e-04
2.354742136985562784e+00 9.894135379390150975e-01 -2.335351495481804651e+00 2.238828493001665976e+00 1.087427139282226562e-01 2.263300070674407891e+02 2.600881374668905476e-03
2.602312137192039909e+00 9.965855586362412089e-01 -2.955559043897628246e+00 1.488597991703398904e+00 1.590687483549118042e-01 4.002323023525273129e+02 6.405805396878495872e-03
2.849882137398517035e+00 9.988718207907112401e-01 -3.987777634779622993e+00 1.412908080348690198e+00 -2.096154913306236267e-02 7.077536819882367354e+02 1.419661990488322104e-02
3.097452137604994160e+00 9.995710171021077173e-01 -6.452846052147575229e+00 1.346036608388996969e+00 1.764476858079433441e-02 1.251561334314031683e+03 3.207458519062323515e-02
