-1.038283169407734352e+00 4.878874263923281829e-01 7.844138872102880689e-02 7.223257469896032790e-01 -8.694069832563400269e-02 9.156232892349289165e-02 9.286950031916299877e-03
-9.363425810874203004e-01 1.373183195955909319e-01 -4.744612323055706349e-01 -9.523668892821809395e-01 1.396884322166442871e-01 1.157863647385992262e-01 5.424770869706806338e-03
-8.344019927671061376e-01 3.101855528212474900e-01 -6.996240053873485909e-01 -4.638585699209641922e-01 9.000798314809799194e-02 1.464191924452036275e-01 5.938864640287450959e-03
-7.324614044467920859e-01 -1.852166430493762395e-01 -9.330063154168469763e-01 -9.628205821587759727e-01 1.287184283137321472e-02 1.851563434494690186e-01 4.363242674756933302e-03
-6.305208161264780342e-01 -3.234039994489772418e-01 9.861850908330560550e-02 5.255335990333858120e-01 -1.158481761813163757e-01 2.341419246142055766e-01 3.779222257435321808e-03
-5.285802278061638715e-01 9.072062881054598904e-02 -5.261851741012104483e-02 4.469088973472999382e-01 1.458247154951095581e-01 2.960872948811820171e-01 5.584133298773514414e-03
-4.266396394858497643e-01 -1.272276345841076850e-01 -5.176446866794197632e-01 -3.347028423710355916e-01 7.142954319715499878e-02 3.744211393773482222e-01 4.661425477580020092e-03
-3.246990511655356570e-01 1.255172916679659911e-01 -7.399830783777971988e-01 -1.410393931174013238e-01 7.303729653358459473e-02 4.734792476282694285e-01 4.772172870295855220e-03
-2.227584628452216053e-01 -9.133744724644388135e-02 -1.402641848690982185e+00 -1.947638803898959492e-01 1.186798214912414551e-01 5.987445001300978342e-01 4.362781552502708986e-03
-1.208178745249074010e-01 2.734647641392673467e-02 -1.846359905359545417e+00 -1.160908098478645456e-01 -1.094307899475097656e-01 7.571503465712541292e-01 4.355193730612827441e-03
-1.887728620459337356e-02 2.046860638773551067e-02 -2.299523227552531246e+00 -1.785609640664784781e-01 -7.016026228666305542e-02 9.574645732669042619e-01 4.131376141889007460e-03
8.306330211572063305e-02 5.106818755847508662e-03 -2.433827686941326895e+00 -2.410621108392006218e-01 -3.816607594490051270e-02 1.210774601388764360e+00 4.004997588227999887e-03
1.850038904360348513e-01 -1.377910655623471037e-02 -2.663835240736386112e+00 -4.226303962366309008e-01 9.180901944637298584e-02 1.531101177316839035e+00 3.689323263758557091e-03
2.869444787563488752e-01 1.283592651529330553e-02 -3.040291588443809978e+00 -4.263773321456660326e-01 -5.673777312040328979e-02 1.936174422962060326e+00 3.284247488116153520e-03
3.888850670766629825e-01 8.971736047270972847e-03 -3.126007769570273709e+00 -2.109743577665784964e-01 2.220748923718929291e-02 2.448415200556477878e+00 3.020065750818529474e-03
4.908256553969770897e-01 3.806247567278731037e-02 -2.889721711470114585e+00 -4.484191136301812208e-01 -1.563792973756790161e-01 3.096176110592845365e+00 2.974556182241681977e-03
5.927662437172912524e-01 3.158085491297002445e-02 -2.658415081507730982e+00 -6.760121207085881823e-01 -6.584576517343521118e-02 3.915310812327523315e+00 2.446764561959004648e-03
6.947068320376054151e-01 1.934075908670940258e-02 -2.803627489825265329e+00 -6.920045406943647892e-01 -1.544725149869918823e-01 4.951158528961564720e+00 2.165688695134343564e-03
7.966474203579193558e-01 2.513019100883295831e-02 -2.981649834083812678e+00 -6.831936889285634695e-01 -2.303579635918140411e-02 6.261053580146318964e+00 1.768094534673495585e-03
8.985880086782332965e-01 2.017126735937968540e-02 -3.010746651100468352e+00 -6.106648192630049765e-01 -4.643967747688293457e-02 7.917498844797613344e+00 1.571468559066156344e-03
1.000528596998547348e+00 -1.075875806166413096e-01 -2.906901139603069062e+00 -8.423170401478328184e-01 -4.196876287460327148e-02 1.001217880584030873e+01 1.327401853804555673e-03
1.102469185318861733e+00 -2.577406300070010925e-01 -2.612656748305331345e+00 -9.384717484328577441e-01 -1.655576191842556000e-02 1.266103429948531556e+01 1.058213035646117690e-03
1.204409773639175674e+00 -3.069280151028852544e-01 -2.730001723366868305e+00 -8.457694624152155560e-01 -1.685788854956626892e-02 1.601067985713919839e+01 8.544087661242348759e-04
1.306350361959489836e+00 -3.623035661708726707e-01 -2.947401395418285830e+00 -9.476218858455225380e-01 6.357910484075546265e-02 2.024651884074144093e+01 7.114373046470428208e-04
1.408290950279803777e+00 -3.307881114972415215e-01 -3.036911611980979142e+00 -7.834874251440543391e-01 3.470565378665924072e-02 2.560300554543366047e+01 5.475999885944586414e-04
1.510231538600117940e+00 -8.169247064449058904e-02 -3.324609356233942936e+00 -4.213748496354057793e-01 -6.241474300622940063e-02 3.237662227841542517e+01 4.924909970571774310e-04
1.612172126920431880e+00 3.144641934398472172e-01 -3.599560916398969912e+00 -5.259896093391206451e-01 1.094900295138359070e-01 4.094228969716183286e+01 4.493171859595043813e-04
1.714112715240746043e+00 5.706395188594306500e-01 -3.673434450506205984e+00 -9.882427455229804147e-01 9.159786626696586609e-03 5.177411872157667005e+01 3.847325361423817812e-04
1.816053303561060206e+00 6.929311702469729273e-01 -3.516621208779200369e+00 -1.472491576008405634e+00 1.029541417956352234e-01 6.547165264139430008e+01 2.825328409811634495e-04
1.917993891881374591e+00 7.763140833959765175e-01 -3.137342441462320330e+00 -7.338755803862900828e-01 5.106441304087638855e-02 8.279305192323818119e+01 1.927283486470919658e-04
2.019934480201688753e+00 8.987320774035916227e-01 -2.469574707246936729e+00 2.080086491984450170e+00 -2.063219621777534485e-02 1.046970585011649604e+02 2.001914474460575087e-04
2.121875068522002472e+00 9.630189359529702786e-01 -1.968512102850009882e+00 3.876945639152229006e+00 1.087427139282226562e-01 1.323960622801936324e+02 5.117243485069736817e-04
2.223815656842316635e+00 9.802502153643940508e-01 -1.991424378707625342e+00 3.188446796177932363e+00 1.590687483549118042e-01 1.674232070913996608e+02 1.235610978387153679e-03
2.325756245162630798e+00 9.874449923455642653e-01 -2.208723352253823435e+00 2.265013268345729802e+00 -2.096154913306236267e-02 2.117172504228099683e+02 2.286127070316182341e-03
2.427696833482944960e+00 9.924404846136389846e-01 -2.482775359231756074e+00 1.736347066298052688e+00 1.764476858079433441e-02 2.677298739243742034e+02 3.578288301508477254e-03
2.529637421803259123e+00 9.953759791722188721e-01 -2.829742314196112662e+00 1.487446266767052938e+00 -3.894083201885223389e-02 3.385613843388490523e+02 5.165458172177732517e-03
2.631578010123573286e+00 9.971612508779758022e-01 -3.006311516479938550e+00 1.402214446585203556e+00 3.653941676020622253e-03 4.281323159245788474e+02 7.193456532514486482e-03
2.733518598443887448e+00 9.982471823104520636e-01 -3.316606706883948874e+00 1.446315760995759536e+00 -9.110178053379058838e-02 5.414004325888813582e+02 9.976862352105635851e-03
2.835459186764201611e+00 9.988799595912397633e-01 -3.871294108911820242e+00 1.524713258159352103e+00 -3.756135329604148865e-02 6.846351408312375497e+02 1.418450493756053324e-02
2.937399775084515774e+00 9.992869117251822475e-01 -4.578437043035686216e+00 1.555755125317949572e+00 -5.485997349023818970e-02 8.657645022920406745e+02 2.041053147357146935e-02
3.039340363404829493e+00 9.995277033013780787e-01 -5.565470878022114043e+00 1.575109010809805810e+00 1.726519875228404999e-02 1.094814053101238187e+03 2.944444470378226528e-02
3.141280951725143211e+00 9.996907232618854611e-01 -7.368239223894077483e+00 1.581567893320317664e+00 4.708237946033477783e-02 1.384461718740740707e+03 4.275524427020360035e-02
3.243221540045457374e+00 9.997887681096625512e-01 -1.243612478702273627e+01 1.453110610191428176e+00 -8.318080008029937744e-02 1.750739539037800796e+03 6.186646355523003904e-02
