-1.363008435232705651e+00 -1.513367012309425164e+01 -2.999999999999996891e+00 -1.635082931189483668e+00 6.863417103886604309e-03 4.335024584563995642e-02 9.421297727385535836e-05
-1.254097544143596643e+00 9.947336108660083109e-01 -3.000000000000007994e+00 4.758080632280216271e+00 2.388416230678558350e-02 5.570606170092443771e-02 1.140906242653727531e-03
-1.199642098599042139e+00 -9.678425452130493767e+00 -2.359973125397910321e-01 2.964404774132693987e-01 1.679558120667934418e-02 6.314775297500518914e-02 5.641842144541442394e-04
-1.145186653054487858e+00 -2.178753464883278479e-01 2.528005374920387460e+00 8.990987386370306922e+00 -1.947860792279243469e-02 7.158356889778300092e-02 1.228953789298733003e-03
-1.090731207509933354e+00 -8.168311859588661683e-02 -3.000000000000020428e+00 5.244315569612760797e+00 -9.892733395099641280e-03 8.114631312648423744e-02 5.378205329179763794e-03
-1.036275761965378850e+00 6.985164853867891210e-01 -2.359973125398068805e-01 -2.600915708800835890e+00 -1.776630431413650513e-02 9.198653036458710741e-02 4.578240836660066662e-03
-9.818203164208243461e-01 -1.770634847870425688e+00 4.464022638266234466e+00 5.668033659043194561e-01 -1.157259361611472212e-03 1.042748763622319552e-01 2.801362632049454390e-03
-9.273648708762699533e-01 -6.968036778326691660e-03 -4.933519565056853629e-01 1.458672229867659542e+00 -9.521462023258209229e-03 1.182048045215186582e-01 5.277517650808606457e-03
-8.729094253317155605e-01 -1.050862669627459223e-01 -2.172014575885652832e+00 -8.309927539525935325e-01 9.640402160584926605e-03 1.339956114014745625e-01 4.038635175675153732e-03
-8.184539797871610567e-01 -3.338198731430126465e-01 1.440627966402579507e-01 1.373039103600337096e+00 5.200030172572416010e-03 1.518958890675749518e-01 4.284750451059902467e-03
-7.639985342426065529e-01 1.792170435227735670e-01 1.033872916077873683e+00 2.216392067239048025e-01 -7.367577622918521606e-03 1.721874386355845832e-01 5.698670359218821653e-03
-7.095430886980521601e-01 -2.969976999182475375e-01 -2.968780824307457600e-01 -8.650235033546035956e-02 -8.699127038319905483e-03 1.951897066199946018e-01 4.529648025830586636e-03
-6.550876431534977673e-01 2.927705146795236413e-01 -1.023217909704234874e-01 4.848674671422757432e-01 1.873060789975252924e-02 2.212648139277562098e-01 5.576381629163568512e-03
-6.006321976089432635e-01 1.797124766544174745e-01 -3.290975640342476138e-01 -1.023498358958945920e+00 1.577010459226110698e-03 2.508232566679285958e-01 5.115308191465294842e-03
-5.461767520643887597e-01 -3.763010708211700361e-01 -7.497329432892759771e-01 -1.836994009755097690e-01 5.473047029227018356e-03 2.843303685241463374e-01 4.314022138714790344e-03
-4.917213065198343114e-01 -8.307667123403916776e-03 -8.637947907136565018e-01 1.259235193159431998e-01 -1.040943883220601419e-02 3.223136464259692135e-01 4.885004173894846521e-03
-4.372658609752798076e-01 -8.739893888981464798e-02 -7.684688256985522381e-01 1.692329579211814816e-01 -9.952213786063939319e-03 3.653710548459487839e-01 4.452427046014628860e-03
-3.828104154307254703e-01 1.241337078477733336e-01 -8.293092087684516001e-01 1.559903674097334048e-01 -3.718417734437990036e-04 4.141804394555890223e-01 5.096784265864361813e-03
-3.283549698861709665e-01 -7.087746115931992108e-02 -8.175981490435160204e-01 -2.637641518079530956e-01 1.895355542500813846e-03 4.695101983378335841e-01 4.630051930745442135e-03
-2.738995243416165182e-01 1.024086465864024742e-01 -7.959802546654604072e-01 2.173373042876601199e-02 -3.265459512926868584e-03 5.322313787512139571e-01 4.770561100281391249e-03
-2.194440787970620144e-01 -5.331602814856450934e-02 -1.216427063325302038e+00 -7.538583037029608636e-02 -2.814805269607567259e-03 6.033313898830213740e-01 4.655356048255837945e-03
-1.649886332525075383e-01 7.267409768900900957e-02 -2.088165573741305181e+00 -1.232947899500719258e-01 -2.343224032258609934e-03 6.839295474691101662e-01 4.681220784350875741e-03
-1.105331877079531178e-01 1.509703567503817290e-02 -2.205074066934228139e+00 -2.038302896262591535e-01 -1.989963002193236453e-03 7.752946949967158830e-01 4.513617541212907106e-03
-5.607774216339875273e-02 6.261584532886244059e-02 -2.029980735859999275e+00 1.468805398426442921e-01 -2.537680187740841593e-03 8.788651788979751078e-01 4.447948868210251268e-03
-1.622296618844220727e-03 1.111566155319551052e-01 -2.304746172022738460e+00 -2.379406173634756039e-01 -2.014810721231901150e-03 9.962714922003199636e-01 4.682972927221515369e-03
5.283314892571031735e-02 -4.335521284645449391e-02 -2.433708715238218190e+00 -7.054012332799394214e-01 -2.157464230959248684e-03 1.129361943108995625e+00 4.190303324353792346e-03
1.072885944702646893e-01 -4.918969410979201484e-02 -2.430094306310495167e+00 -5.269883523668390524e-01 1.822854040466410225e-03 1.280231752617959851e+00 3.923699780430849396e-03
1.617440400148190960e-01 -6.174067664119786691e-02 -2.674950705520242167e+00 -4.288859890561441124e-01 -2.295458973862054587e-03 1.451256039228048245e+00 3.671560512752983663e-03
2.161994855593735720e-01 -1.004807639420610688e-01 -2.768061192125829795e+00 -3.957634618741303623e-01 2.493570187340484780e-03 1.645127210045373101e+00 3.523590374577996280e-03
2.706549311039281314e-01 5.323444950584732549e-02 -2.915218398548077960e+00 4.869289179732368134e-02 -5.974254140527960168e-04 1.864897346901849717e+00 3.324663833912910350e-03
3.251103766484825242e-01 4.224494637961540011e-02 -3.340235272819712442e+00 -3.887995603690288515e-01 2.393874320181998364e-03 2.114026254775541958e+00 3.566880841870923805e-03
3.795658221930369169e-01 -4.353971949316415291e-02 -3.072559023391565169e+00 -4.186885469147718086e-01 -2.722157050876555795e-03 2.396435928929183667e+00 3.015804830878297989e-03
4.340212677375913097e-01 7.228943632408579845e-02 -2.974252611305287175e+00 -2.555126914412597650e-01 -1.204006715652045957e-03 2.716572298234033234e+00 3.211359000716369674e-03
4.884767132821458691e-01 -3.066221250999734416e-02 -3.033702653694815954e+00 -9.099598176633024726e-01 1.232230778292444338e-03 3.079475216694022688e+00 2.828623320895375971e-03
5.429321588267003174e-01 -4.068081927460953651e-02 -2.626653291250172106e+00 -7.997482258584587278e-01 -3.565947459859855357e-03 3.490857805035203931e+00 2.556138159958509012e-03
5.973876043712549322e-01 -5.952455911204301842e-03 -2.577094826616280532e+00 -6.182193429056501710e-01 -6.306128655485318405e-04 3.957196391422044712e+00 2.314588684986834850e-03
6.518430499158093250e-01 -2.884155521160725044e-02 -2.685542523867939568e+00 -4.561674260365262690e-01 -1.197574208083662141e-03 4.485832467222401476e+00 2.189039026649252945e-03
7.062984954603638288e-01 6.175935972704760246e-02 -2.877378391848395278e+00 -9.094493010198818617e-01 -1.829209121218876343e-03 5.085088262893972200e+00 2.064392273093754171e-03
7.607539410049181106e-01 -7.506914844774592588e-02 -3.151324617339853695e+00 -4.346610570413478314e-01 -8.555326833769869369e-04 5.764397763484289783e+00 1.742627529305905160e-03
8.152093865494723923e-01 7.461625473600641545e-02 -3.018828561654043341e+00 -1.720013138197610536e-01 -1.350432487750505717e-03 6.534455226299680675e+00 1.851198125371443775e-03
8.696648320940268961e-01 6.069723173939622907e-02 -2.927748589799508583e+00 -1.022501333626487652e+00 -9.193273814948830494e-04 7.407383538832295500e+00 1.669059250805829094e-03
9.241202776385813999e-01 4.767534418712560118e-02 -2.777170359325393800e+00 -9.828627002288972125e-01 9.979997691489484271e-05 8.396925067376271201e+00 1.432489246397367251e-03
9.785757231831359038e-01 -1.003701130473404479e-01 -2.744022532000223613e+00 -3.000714237515590965e-01 -2.167706139171466165e-03 9.518658000831283772e+00 1.304449593297208948e-03
1.033031168727690519e+00 -7.881904019460361788e-02 -2.862179990637816918e+00 -4.841102078033355793e-01 1.052964312358967234e-03 1.079024159555828000e+01 1.328649181378312215e-03
1.087486614272245022e+00 -7.874089872803513579e-02 -2.649160208800944272e+00 -1.044063545281011196e+00 -3.835362416726571691e-04 1.223169418213660364e+01 1.155320361808494234e-03
1.141942059816799526e+00 -1.724709767221568324e-01 -2.791277274009897891e+00 -1.141553088463812093e+00 -1.192387844870340620e-03 1.386570831063708908e+01 1.022587390644138930e-03
1.196397505361354030e+00 -3.034731277626641077e-01 -2.897268925741123269e+00 -8.431296727634797206e-01 -4.575464833041137163e-04 1.571800799569101947e+01 8.677105213650221707e-04
1.250852950905908312e+00 -2.911630670861868886e-01 -2.659660457687449409e+00 -7.380301250032490490e-01 -1.347198299009079621e-03 1.781775368540514037e+01 8.277028093167221844e-04
1.305308396450462594e+00 -2.525010373375720096e-01 -2.754186935640499101e+00 -9.977453552525342717e-01 4.800604901819090415e-04 2.019800132948152438e+01 7.210997498888299618e-04
1.359763841995017097e+00 -3.411841206827468387e-01 -2.934017175028614144e+00 -9.015025945640997573e-01 -3.197894414956643110e-04 2.289622277357581837e+01 6.444794791085378845e-04
1.414219287539571601e+00 -2.893699371358291472e-01 -3.202257215146988578e+00 -9.265059272789931688e-01 -4.857118798311425649e-04 2.595489567237635598e+01 5.751907510101480049e-04
1.468674733084126105e+00 -3.238115023625676159e-01 -3.467562754163008076e+00 -7.926204304830019032e-01 -9.033831187656947686e-04 2.942217220830842805e+01 5.108607155936105426e-04
1.523130178628680387e+00 -1.857566734784026341e-01 -3.189088189170239840e+00 -1.011097524697352368e+00 -4.977937399950997654e-04 3.335263714339171059e+01 4.715056450575466499e-04
1.577585624173235113e+00 -2.148035217962898091e-01 -3.285302348473206457e+00 -8.986443214730710505e-01 -1.098430320986592840e-03 3.780816713813628382e+01 3.964450275062300307e-04
1.632041069717789616e+00 -7.534739094770648293e-03 -3.357413314955496109e+00 -2.044084574805070664e-01 -1.655391229989048728e-04 4.285890486559237189e+01 3.763697779597566066e-04
1.686496515262344120e+00 2.496906183495130049e-01 -3.332161039409935910e+00 -3.297446629758745695e-01 1.638087188900688804e-04 4.858436325587098992e+01 3.766349930594507919e-04
1.740951960806898402e+00 4.458031079417545950e-01 -3.739074191703241734e+00 -6.491599945777679626e-01 3.327824589278962817e-04 5.507467725507412126e+01 3.464989778068330493e-04
1.795407406351452684e+00 5.744829864251532747e-01 -4.114965614183580200e+00 -7.357684067867741318e-01 -6.511648558667781396e-04 6.243202280486902822e+01 3.200516527759539667e-04
1.849862851896006966e+00 6.474293447122421163e-01 -4.156617821098445908e+00 -1.073112297072572607e+00 -1.972008233118538716e-03 7.077222538146749287e+01 2.881169209686083323e-04
1.904318297440561691e+00 6.803662668544272485e-01 -4.388912291672308008e+00 -1.761032443641690426e+00 -3.134105429131816330e-03 8.022658341697380990e+01 2.445380573403345024e-04
1.958773742985116195e+00 7.169150522155127714e-01 -4.260941753304613222e+00 -2.491670053671645846e+00 -4.406807481545000488e-03 9.094393530892236299e+01 1.852563709524424995e-04
2.013229188529670477e+00 7.237091458006548184e-01 -3.677491602750266431e+00 -3.251470491110915351e+00 -5.553823330498843837e-03 1.030930025585954581e+02 1.309110939158180417e-04
2.067684634074224981e+00 7.174197381776776794e-01 -3.576405745633136846e+00 -3.741169506417004964e+00 -4.679433002677647370e-03 1.168650459257601710e+02 8.196955997330382469e-05
2.122140079618779485e+00 7.728635680111355377e-01 -2.508506741288725195e+00 -1.405879822058636597e+00 -1.793561674318647952e-03 1.324768764152299525e+02 5.122976306085793571e-05
2.176595525163333988e+00 8.658223774213105184e-01 -1.726494202399076805e+00 3.285986865841971305e+00 2.859290354258357900e-03 1.501742684967155981e+02 5.761518749619049917e-05
2.231050970707888492e+00 9.493549232862704690e-01 -1.499073174255233454e+00 5.886396718720873444e+00 7.632941296957070770e-03 1.702358292917219273e+02 1.167890443963911818e-04
2.285506416252442552e+00 9.741119048799792290e-01 -1.655511210879547335e+00 5.273753368386582707e+00 1.350847642147396180e-02 1.929773846394602117e+02 2.521330001088812538e-04
2.339961861796997056e+00 9.824973887511044834e-01 -1.934881959397733109e+00 4.255402281501207362e+00 1.881639920239638539e-02 2.187569510908894301e+02 4.382998112789266462e-04
2.394417307341551560e+00 9.864533959320813672e-01 -1.463510916392311012e+00 3.969458087084585696e+00 2.513814450676598103e-02 2.479803721041643314e+02 7.329753101042826065e-04
2.448872752886106063e+00 9.897611754468436107e-01 -1.726233715410243619e+00 3.359801787649319582e+00 3.255632913337563189e-02 2.811077071711887356e+02 1.186010410200874715e-03
2.503328198430660567e+00 9.917614516911199551e-01 -1.777677474732860974e+00 2.828799639377018504e+00 3.937621863790628091e-02 3.186604744582354556e+02 1.702191245115281188e-03
2.557783643975215071e+00 9.935444050497288515e-01 -1.984263403080852139e+00 2.521651742581980660e+00 4.722515741984049248e-02 3.612298609803297609e+02 2.410879979530970111e-03
2.612239089519769575e+00 9.951605784888805095e-01 -2.210836732573544072e+00 2.193489471293807114e+00 5.472934159470527887e-02 4.094860295608150409e+02 3.203639876371049394e-03
2.666694535064324079e+00 9.961666641692944468e-01 -2.541253040059543444e+00 1.978875860880728421e+00 6.276205122640669820e-02 4.641886690940298195e+02 4.178981835346276541e-03
2.721149980608878582e+00 9.971252761916160612e-01 -2.885180177255862510e+00 1.898097335752981563e+00 7.065161835375449728e-02 5.261989542021382249e+02 5.262169391988850801e-03
2.775605426153433086e+00 9.976734663837142358e-01 -2.737626333382592758e+00 1.828429829322813838e+00 8.015661008630244055e-02 5.964931025650172387e+02 6.726574485277221974e-03
2.830060871697987590e+00 9.982397330948212799e-01 -2.892422560814353449e+00 1.619538797437944933e+00 8.947227634778123773e-02 6.761777433540066795e+02 8.323399616677017165e-03
2.884516317242542094e+00 9.986518039257711310e-01 -3.506453604509908839e+00 1.591129955119546358e+00 9.897953494705709343e-02 7.665073387122371287e+02 1.009669806588655606e-02
2.938971762787096598e+00 9.989441302642445564e-01 -3.827158718820589112e+00 1.635848011174238392e+00 1.100120179739782489e-01 8.689039325450239630e+02 1.240486743117381711e-02
2.993427208331651102e+00 9.991800934490812081e-01 -3.805285256698903495e+00 1.670222948075246405e+00 1.221188269756268013e-01 9.849795375222728353e+02 1.521742022783490432e-02
3.047882653876205161e+00 9.993618535634517519e-01 -4.392633815946430431e+00 1.623294840599683653e+00 1.362913468199798139e-01 1.116561512727780837e+03 1.885808535028296248e-02
3.102338099420759665e+00 9.995002202657301549e-01 -4.977065375571649852e+00 1.672698938628116805e+00 1.503208397978481048e-01 1.265721331471579106e+03 2.286312134649722688e-02
3.156793544965314169e+00 9.996030532465982610e-01 -5.556184245363167129e+00 1.732961271377413404e+00 1.685619324949296782e-01 1.434807192152224161e+03 2.868618064212359597e-02
3.211248990509868673e+00 9.996876064303749088e-01 -6.368492214199222623e+00 1.662727208282039459e+00 1.872310234418547992e-01 1.626480985556476526e+03 3.530806176771421334e-02
3.265704436054423176e+00 9.997509958092192228e-01 -7.245209323087850706e+00 1.698353561637469866e+00 2.080037661961146589e-01 1.843760200566448020e+03 4.352731023515973852e-02
3.320159881598977680e+00 9.998089330795770779e-01 -8.878216878372175103e+00 1.677409467511899122e+00 2.317849928332913201e-01 2.090065427988853116e+03 5.405589688208795041e-02
3.374615327143532184e+00 9.998352621378338023e-01 -1.506368993248038812e+01 1.507073989977347317e+00 2.562285430671632502e-01 2.369274210351301008e+03 6.629030094590297739e-02
3.429070772688086688e+00 9.998624884543735325e-01 -1.682001343730095400e+01 7.607972346577955847e-01 2.718232870101928711e-01 2.685782085414083667e+03 7.888235151767730713e-02
