-1.374552735740848242e+00 -1.507617141373724579e+01 -3.000000000000005329e+00 -2.162417374162413086e+00 6.870133802294731140e-03 4.221310171896706931e-02 9.439751738682389259e-05
-1.292219990557789133e+00 9.948697929918791649e-01 -2.999999999999998668e+00 4.717481455176017135e+00 2.389086782932281494e-02 5.102464706940635503e-02 1.141547341831028461e-03
-1.209887245374729803e+00 -9.678534570499973455e+00 6.562608837427809094e-01 2.667058143451288998e+00 1.680227369070053101e-02 6.167551074285726465e-02 5.646339268423616886e-04
-1.127554500191670472e+00 -9.952617386643622943e-01 6.562608837427872377e-01 6.108741360904692108e+00 1.960030943155288870e-03 7.454963128344785361e-02 3.138097003102302551e-03
-1.045221755008611364e+00 7.755543606305393967e-01 6.562608837427800212e-01 3.989886141466846281e-01 -3.417812287807464600e-02 9.011109040781901947e-02 5.723555013537407268e-03
-9.628890098255522556e-01 -6.367559933456692356e-01 1.373468307201161087e+00 -5.521276937945330809e-01 6.226171903750475460e-03 1.089208420577260084e-01 3.650614882216734070e-03
-8.805562646424931472e-01 -1.365136952919814295e-01 -9.355233392345447818e-01 7.685507528967333579e-01 -5.305193703282963698e-03 1.316569334681435277e-01 4.642474041743712386e-03
-7.982235194594338168e-01 -6.196047771862467357e-02 -1.024818032070526214e-01 5.313874373185358824e-01 3.425229961673418536e-03 1.591389471727433225e-01 4.885621368885040283e-03
-7.158907742763745974e-01 -3.297500509226591880e-02 1.144158126025840022e-01 -5.489750260511736674e-02 -1.410284638404846191e-02 1.923575450234606410e-01 5.678722634911537170e-03
-6.335580290933154890e-01 2.326770466732012155e-01 -1.731947445636009275e-01 -5.293109795427304309e-01 7.994086846061374679e-03 2.325101792164560588e-01 4.784979509270709773e-03
-5.512252839102562696e-01 -2.229279107165520468e-01 -8.052690993131511599e-01 3.991500394148842640e-02 8.427092835709856095e-03 2.810442576228296963e-01 4.646130510278650115e-03
-4.688925387271970502e-01 1.914501540453950046e-02 -7.246679591090454675e-01 2.390558598434507770e-02 -1.261283508271772089e-02 3.397093194325712107e-01 4.857946258080776507e-03
-3.865597935441379418e-01 7.317639112992879724e-03 -7.027788819039825219e-01 -8.956131272525795495e-02 -4.676583156978511568e-03 4.106201019207956771e-01 4.688434251658703429e-03
-3.042270483610787224e-01 -1.809495814242745304e-02 -9.348320970021523069e-01 7.717359598471826287e-02 2.011365867687754747e-04 4.963327717446144316e-01 4.695750879899166820e-03
-2.218943031780194752e-01 2.652936754082935167e-02 -1.316927144118111626e+00 -9.491648211174544270e-02 -2.339170865363475980e-03 5.999370687293071880e-01 4.827648682119958963e-03
-1.395615579949603946e-01 3.094981329655188684e-02 -2.011079425004729249e+00 -1.634562419069280625e-01 -1.752454756082209939e-03 7.251676837102158935e-01 4.529764037108139837e-03
-5.722881281190112662e-02 5.496895500147236380e-02 -2.175318010503736410e+00 -4.465933027652886633e-02 -2.573632782015377977e-03 8.765388853391766766e-01 4.537535709301459240e-03
2.510393237115809625e-02 6.649125849900272556e-02 -2.317402686935421396e+00 -4.307831660336743362e-01 -1.588570784816471446e-03 1.059507248834704818e+00 4.453707888566146335e-03
1.074366775542173053e-01 -7.558174404087547593e-02 -2.513717550520582211e+00 -5.114517612491368270e-01 8.413478889486536135e-04 1.280668352664026122e+00 3.853762394988317821e-03
1.897694227372765385e-01 -7.262965198283422019e-02 -2.683819231461065158e+00 -3.472858284010623686e-01 -5.576653380220275178e-04 1.547994533608959333e+00 3.668624599998947765e-03
2.721021679203355914e-01 3.670903484517284987e-02 -3.001354266896303358e+00 -2.733509387115822808e-01 6.732154762486264842e-04 1.871122270725672276e+00 3.378305679712540442e-03
3.544349131033948108e-01 -4.883093722849896068e-03 -3.134803387492659077e+00 -1.960781449290106560e-01 2.523975511840726295e-04 2.261699557713046538e+00 3.307438728990496225e-03
4.367676582864540302e-01 4.722138434856937295e-02 -2.981103252777280943e+00 -5.771618028459283289e-01 -1.317002207860466529e-03 2.733805785645180286e+00 3.136256969711232346e-03
5.191004034695131386e-01 -4.696821203730427996e-02 -2.845751195919064891e+00 -8.107625964369808980e-01 -1.446676788952251007e-03 3.304459271851388102e+00 2.657377027225786125e-03
6.014331486525723580e-01 -2.232727125522449008e-02 -2.685920091157781187e+00 -5.968795655133896094e-01 -9.137792325871748689e-04 3.994230730164179732e+00 2.306253374410621292e-03
6.837658938356316884e-01 2.190826442435600541e-02 -2.780758163712079067e+00 -6.351987465076686101e-01 -1.945969637702493109e-03 4.827984796692443403e+00 2.119179332957548366e-03
7.660986390186907968e-01 -1.728140660049048982e-02 -2.988087447125613139e+00 -5.184722071331280269e-01 -9.711978671787021428e-04 5.835776341377064469e+00 1.812640611115876564e-03
8.484313842017499052e-01 6.663667854306565275e-02 -3.045556823330928253e+00 -6.229719494277996539e-01 -4.770390622250668530e-04 7.053933875249061458e+00 1.740977785608789933e-03
9.307641293848092356e-01 4.070565290001171288e-02 -2.813048533446160349e+00 -7.276132331856215441e-01 -6.293808507001477171e-04 8.526369107669555802e+00 1.431296879167845166e-03
1.013096874567868344e+00 -1.002652624341293652e-01 -2.696485865605680932e+00 -5.961710460353215613e-01 -4.665635985783853968e-04 1.030615986000504236e+01 1.321236125771558037e-03
1.095429619750927452e+00 -9.650336813040949480e-02 -2.781238225630585870e+00 -9.410748851758362621e-01 -6.640150753501193777e-04 1.245746339604697184e+01 1.141723464517032348e-03
1.177762364933986783e+00 -2.425450319465911608e-01 -2.790800192141943192e+00 -9.381585844888622461e-01 -1.145249768636916361e-03 1.505782914022976193e+01 9.247362498566652012e-04
1.260095110117045891e+00 -2.876281913080425134e-01 -2.772637156240438827e+00 -8.137055721208080739e-01 -9.984039810468565198e-04 1.820099415169074675e+01 7.999789939736420179e-04
1.342427855300105000e+00 -3.116254297678326957e-01 -2.891737341392254468e+00 -9.427126115154711439e-01 4.280543682171384528e-04 2.200026212442638140e+01 6.792484488916430670e-04
1.424760600483164330e+00 -2.922694798505858227e-01 -3.215161890361917685e+00 -8.964815870224625005e-01 -4.049818052065972578e-04 2.659258771854003456e+01 5.595595972212446265e-04
1.507093345666223438e+00 -2.490502793401998538e-01 -3.258838549674563101e+00 -9.478705555071633704e-01 -6.790039219429107580e-04 3.214351345310091546e+01 4.835140242204442732e-04
1.589426090849282547e+00 -1.991106960321484820e-01 -3.322209159819766278e+00 -6.336658096191301048e-01 -5.871076561001553401e-04 3.885313712397161368e+01 3.906292673401293397e-04
1.671758836032341877e+00 2.061109563864985672e-01 -3.420831649387480411e+00 -3.295879838214487156e-01 -3.099268048250809564e-04 4.696332485795863221e+01 3.802473393861984050e-04
1.754091581215401208e+00 4.657276142121862250e-01 -3.786010183602416923e+00 -6.899365857609662811e-01 5.299936641346324943e-05 5.676642981689559520e+01 3.447410595562263496e-04
1.836424326398460316e+00 6.376337685430384372e-01 -4.228006414627769161e+00 -1.091378900189936330e+00 -1.407710064775836338e-03 6.861583084040191238e+01 2.927233978905407152e-04
1.918757071581519424e+00 6.877981400888708574e-01 -4.199149765452302674e+00 -1.768148246142820845e+00 -3.421144343134182621e-03 8.293867092056143520e+01 2.279190207595255930e-04
2.001089816764578977e+00 7.249993074790972436e-01 -3.935927645818411591e+00 -3.034364708153084678e+00 -5.260747918335523590e-03 1.002512547005238162e+02 1.497284882628972498e-04
2.083422561947637863e+00 7.243355168136629274e-01 -3.054077909324647955e+00 -2.569849150609214483e+00 -4.074008414085875454e-03 1.211776600405794113e+02 7.213157542208407718e-05
2.165755307130697194e+00 8.474927226882209563e-01 -2.069988098095607576e+00 1.984145140262873364e+00 1.978919961378469011e-03 1.464722345548212843e+02 5.651177770106835410e-05
2.248088052313756080e+00 9.607774967865098104e-01 -1.660191686261256239e+00 5.188579827318543281e+00 9.363893439008303538e-03 1.770467880655403121e+02 1.530543404367314196e-04
2.330420797496815410e+00 9.812867063858274896e-01 -1.635807673507791105e+00 4.638453569821588296e+00 1.791671502360671353e-02 2.140034611992789451e+02 4.041280643856268932e-04
2.412753542679874741e+00 9.877948193025826162e-01 -1.731601852983022827e+00 3.651611365203227599e+00 2.777778326029441483e-02 2.586744549599944207e+02 8.884620496356838201e-04
2.495086287862933627e+00 9.916044776601987687e-01 -1.766729548720955556e+00 2.919451181761485437e+00 3.821934772138835951e-02 3.126700534368533795e+02 1.613665027778689526e-03
