-1.188666512399836117e+00 -2.422306160208036463e-01 -1.734724094381031589e-01 1.029289487693464400e+00 2.110806852579116821e-02 6.476397367761962953e-02 2.974215274055798559e-03
-9.887155598124067746e-01 -3.929778625096835842e-01 1.745608805309798450e-01 4.962016547955945822e-01 -1.319550403526851060e-02 1.026323894686307497e-01 4.619878849812916223e-03
-7.887646072249772100e-01 -2.189141948601942556e-01 -2.144585012172928185e-01 6.378445636492760529e-02 -2.053831168945799510e-03 1.626430061329100507e-01 4.696825083265913220e-03
-5.888136546375477565e-01 2.314868449975604481e-02 -4.358862683114298475e-01 3.129885598845344452e-02 6.426618180491707778e-03 2.577426831910115679e-01 4.899346015670083022e-03
-3.888627020501183029e-01 -3.572395474752632083e-03 -8.924979496254784594e-01 -6.049384026941299897e-02 -3.732144530662529283e-03 4.084484929171515732e-01 4.834158200744196297e-03
-1.889117494626889049e-01 2.309750929316101153e-02 -1.546366190147884012e+00 -9.820682428197058389e-02 -2.487207190390744796e-03 6.472741313190084611e-01 4.633898432756982169e-03
1.103920312474056600e-02 4.122896831576106091e-02 -2.281547578477479465e+00 -2.886085305831490033e-01 -1.604840654668831038e-03 1.025744514522565209e+00 4.416190129396479168e-03
2.109901557121700300e-01 -4.429779099862685143e-02 -2.758358952520281182e+00 -3.496909725128951041e-01 4.026772529484477173e-05 1.625511909349859341e+00 3.552478100142701396e-03
4.109411082995995113e-01 1.683126881355412330e-02 -2.935889435177692963e+00 -4.542544241133412153e-01 3.363390636728285721e-05 2.575971823420458495e+00 3.200410426348105145e-03
6.108920608870288538e-01 -2.914686990284498513e-02 -2.849535878531586963e+00 -6.219141126517333529e-01 -1.715531040779986766e-03 4.082179156540360232e+00 2.338159855325423579e-03
8.108430134744583073e-01 4.458547837853188422e-02 -2.871895197126962174e+00 -6.257970928916170017e-01 -9.100661620641301930e-04 6.469087322533415119e+00 1.805099051824050806e-03
1.010793966061887872e+00 -3.848014563139212640e-02 -2.834001971974585921e+00 -7.614471981946626666e-01 -5.178605030061163381e-04 1.025165461430399283e+01 1.314064703267667179e-03
1.210744918649317325e+00 -2.518930988812899674e-01 -2.811743518046787571e+00 -8.504000249066194783e-01 -9.861855547094791879e-04 1.624594275685593558e+01 8.953582772166508545e-04
1.410695871236746557e+00 -3.026782140044139702e-01 -3.061850626619847304e+00 -8.650182531505226091e-01 -1.786767301780705221e-04 2.574517636311907509e+01 6.005375389539366554e-04
1.610646823824176233e+00 -8.077139622282780707e-02 -3.414951016432231423e+00 -6.744834735265499148e-01 -4.916275003217731752e-04 4.079874685563520842e+01 4.037145533371421153e-04
1.810597776411605908e+00 5.236525625380348270e-01 -3.859527026624127277e+00 -1.044250961172078496e+00 -7.407896449607970614e-04 6.465435394626841514e+01 3.227103792989817954e-04
2.010548728999035362e+00 7.063454721387767421e-01 -3.506455750792397019e+00 -1.075430057470741607e+00 -4.495667490172704575e-03 1.024586735225171594e+02 1.543392752467434483e-04
2.210499681586464593e+00 9.371699111649089975e-01 -2.251891387841620240e+00 1.928900887823228771e+00 6.060373373187303951e-03 1.623677160043704077e+02 1.198799090900533668e-04
