-1.188666512399836117e+00 1.887488224324358477e-01 -5.141625295463165823e-01 -1.703566452354505767e-01 -6.749655992265731191e-04 6.476397367761962953e-02 1.641629801856146764e-02
-9.887155598124067746e-01 -7.409020830071288977e-02 -6.293647995335824863e-01 1.200818494219074717e-01 8.845394426356248396e-03 1.026323894686307497e-01 1.875486269674666098e-02
-7.887646072249772100e-01 -4.636962511782360963e-02 -7.141795264287146283e-01 4.812473192726696852e-02 -4.853809631622589028e-03 1.626430061329100507e-01 1.833564483367644896e-02
-5.888136546375477565e-01 -6.002533193446124571e-02 -1.080243029229200458e+00 1.763219637329538070e-01 1.690891301520516810e-03 2.577426831910115679e-01 1.960464854425040745e-02
-3.888627020501183029e-01 3.559839256671004648e-02 -1.500936202661053986e+00 4.842653527267361951e-02 7.964479605821677766e-04 4.084484929171515732e-01 2.156789085948322346e-02
-1.889117494626889049e-01 3.301088083432657250e-03 -1.944493689745318887e+00 -2.033692592116274622e-01 2.373249204493089581e-03 6.472741313190084611e-01 2.049863416542033884e-02
1.103920312474056600e-02 7.237263359605172752e-03 -2.475160071583463850e+00 -3.861167549095763651e-01 -1.828321635757828266e-03 1.025744514522565209e+00 1.788462848252311485e-02
2.109901557121700300e-01 7.243604116055291087e-03 -3.069410286653937892e+00 -5.874308178070865027e-01 1.232948579793146640e-03 1.625511909349859341e+00 1.436534626751844942e-02
4.109411082995995113e-01 -1.456834381833638226e-02 -3.574852833718876077e+00 -7.625319939137594760e-01 8.846057255470738149e-04 2.575971823420458495e+00 1.041274468326077243e-02
6.108920608870288538e-01 1.314179345121002651e-02 -3.942191299803772253e+00 -8.897793716682349530e-01 3.200940262439151782e-04 4.082179156540360232e+00 7.118329738551878137e-03
8.108430134744583073e-01 -1.220962829251348580e-02 -4.283249874675139957e+00 -9.618905359706613201e-01 -5.962567776992245498e-04 6.469087322533415119e+00 4.589239826752182505e-03
1.010793966061887872e+00 -7.053449393469080064e-03 -4.523652030214158515e+00 -1.077818609639947800e+00 -3.065019760569050438e-04 1.025165461430399283e+01 2.935730898619381274e-03
1.210744918649317325e+00 -3.365079969397499760e-02 -4.669508690548702212e+00 -1.181862872508874673e+00 4.729398956092504647e-04 1.624594275685593558e+01 1.701057673646853537e-03
1.410695871236746557e+00 4.131608085370008787e-02 -4.762978361404825556e+00 -1.956322709254133763e+00 1.368921384036779097e-03 2.574517636311907509e+01 9.887512133378640374e-04
