-1.334896435250783275e+00 4.436044422207723326e-01 -2.876037042283363099e-01 1.102522303673204029e-01 -1.707011647522449493e-02 4.624912969994000866e-02 2.336467802524566650e-02
-1.227053297995881254e+00 2.029990963851724395e-01 -5.627950983009170072e-01 -3.540078317448144829e-01 -1.549785043679031667e-03 5.928525633689527702e-02 1.332958773070690682e-02
-1.119210160740979454e+00 2.473722799079489665e-01 -5.358704755313675738e-01 8.104276734898536727e-01 1.870506604512532645e-02 7.599584341877764493e-02 1.959770293462844218e-02
-1.011367023486077432e+00 -6.039647628238498100e-03 -7.686238237243804283e-01 -3.589925226618530529e-01 1.024793044865479966e-02 9.741660193070904306e-02 1.993493587650053619e-02
-9.035238862311754104e-01 -1.307262789870731190e-01 -4.842823298831398504e-01 -1.052628413558017312e-01 7.704179498213756076e-03 1.248751761255058879e-01 1.639741583715511111e-02
-7.956807489762734997e-01 -1.613780841484402373e-02 -6.559444331988378840e-01 2.923428333872566953e-01 -5.412330531110666650e-03 1.600734300244608110e-01 1.891956265125210521e-02
-6.878376117213715890e-01 -5.404769282609533931e-02 -8.876622270928844483e-01 7.236856529187699061e-02 -5.637721732111260556e-03 2.051929278085104502e-01 1.895962516860206712e-02
-5.799944744664694563e-01 -4.657369342714012816e-02 -1.012124347037633321e+00 1.827533243951179054e-01 3.958520528980241648e-03 2.630301457037227397e-01 1.961191485876738472e-02
-4.721513372115674345e-01 -5.762165521992090866e-02 -1.324398372051345474e+00 2.087521777001901391e-01 4.066037093198092249e-03 3.371697957031253301e-01 2.076094561549032130e-02
-3.643081999566656348e-01 6.416028523732153488e-02 -1.560552979519693961e+00 4.464537392215265493e-02 2.897739839210784611e-04 4.322070036129634918e-01 2.175429325554623441e-02
-2.564650627017636686e-01 1.969375527846928264e-02 -1.782482964492533295e+00 -1.655681842812926352e-01 9.945935079817137640e-04 5.540321118697547620e-01 2.122640885369625821e-02
-1.486219254468617024e-01 -4.229665898297207960e-03 -2.060458073389267231e+00 -2.541851651118284816e-01 1.781600837557587675e-03 7.101957590158167744e-01 2.003706900475066971e-02
-4.077878819195976390e-02 5.233327500044904212e-04 -2.344872295783812621e+00 -3.668842278680956026e-01 -2.631625489550078602e-04 9.103768632144273454e-01 1.870907318609628042e-02
6.706434906294217457e-02 1.404547989572191291e-02 -2.631404598071816814e+00 -4.611971187147632101e-01 -2.552561569948727169e-03 1.166982515109164842e+00 1.669945514287932142e-02
1.749074863178441963e-01 -1.151865303932408935e-03 -2.980089877122039432e+00 -5.278755594635285986e-01 8.607902166978368156e-04 1.495916960984702504e+00 1.487915902767541175e-02
2.827506235727462180e-01 1.448349375068891387e-02 -3.366771123530811760e+00 -6.920204255242865532e-01 1.697512709846722397e-03 1.917567337289862506e+00 1.284833313913520507e-02
3.905937608276482398e-01 -2.884639385704090842e-02 -3.527373285536232750e+00 -7.735351426047246681e-01 1.116909681232756751e-03 2.458067251687866772e+00 1.055161843680364059e-02
4.984368980825502615e-01 1.568960108681372034e-02 -3.761562023102941854e+00 -8.332763397841406183e-01 -3.885824749372100576e-05 3.150916526540215035e+00 8.749956130483831779e-03
6.062800353374522278e-01 2.053750187575564823e-02 -4.017220138898399462e+00 -9.586713080696570577e-01 1.129616435334719046e-04 4.039057495439500656e+00 6.975780533066312447e-03
7.141231725923540274e-01 1.440660082049038948e-02 -4.154534290648305372e+00 -1.000678667500054964e+00 -2.333618478243143659e-05 5.177536540258389053e+00 5.435426566078195749e-03
8.219663098472559382e-01 -7.815817561834959015e-02 -4.324261008295159137e+00 -9.269581361402079445e-01 3.730541516580167618e-04 6.636915828996856170e+00 4.243851267019721311e-03
9.298094471021578489e-01 3.461685415336135385e-02 -4.454990066807757998e+00 -9.775877134558482728e-01 -9.378641905961655366e-04 8.507646711652322224e+00 3.430058173353491870e-03
1.037652584357059871e+00 -3.938344202044974374e-02 -4.558395574591214583e+00 -1.145460823619342872e+00 7.105638949210628396e-05 1.090567583425696974e+01 2.611607475027523124e-03
1.145495721611961892e+00 -3.649554091765860875e-02 -4.705263742747184175e+00 -1.236477839087363639e+00 -5.467582568122077288e-04 1.397963143427210042e+01 1.941964596132688802e-03
1.253338858866864136e+00 -5.093248891535173684e-03 -4.629205085267473763e+00 -1.207582226739762676e+00 1.510936667312214434e-03 1.792003521911064112e+01 1.413242223393565032e-03
1.361181996121765936e+00 2.138603625304735800e-02 -4.924534616872204396e+00 -1.211183524870699912e+00 1.821066496580174207e-03 2.297111077384323963e+01 1.066061836227200424e-03
1.469025133376667736e+00 1.070923506848221463e-01 -5.024665680078799213e+00 -2.487410233568567275e+00 6.102424685972449806e-04 2.944592037528176576e+01 7.744278133350566973e-04
1.576868270631569535e+00 -3.220411105403988561e-01 -4.904881442779579714e+00 -4.266177848376158543e+00 1.051823243251821588e-03 3.774576838202969498e+01 3.099432266548852056e-04
