#     bins                         n
-3.773341469764709188e+00 2.000000000000000000e+00
-3.625769534111022985e+00 0.000000000000000000e+00
-3.478197598457335893e+00 1.000000000000000000e+00
-3.330625662803649689e+00 5.000000000000000000e+00
-3.183053727149963485e+00 6.000000000000000000e+00
-3.035481791496276394e+00 9.000000000000000000e+00
-2.887909855842590190e+00 1.200000000000000000e+01
-2.740337920188903986e+00 1.800000000000000000e+01
-2.592765984535216894e+00 3.100000000000000000e+01
-2.445194048881530691e+00 4.400000000000000000e+01
-2.297622113227843599e+00 5.800000000000000000e+01
-2.150050177574157395e+00 8.100000000000000000e+01
-2.002478241920471191e+00 8.600000000000000000e+01
-1.854906306266784322e+00 1.020000000000000000e+02
-1.707334370613098118e+00 1.100000000000000000e+02
-1.559762434959411470e+00 1.580000000000000000e+02
-1.412190499305724822e+00 1.510000000000000000e+02
-1.264618563652038175e+00 1.930000000000000000e+02
-1.117046627998351527e+00 2.200000000000000000e+02
-9.694746923446653231e-01 2.640000000000000000e+02
-8.219027566909786753e-01 3.190000000000000000e+02
-6.743308210372920275e-01 4.170000000000000000e+02
-5.267588853836058238e-01 4.790000000000000000e+02
-3.791869497299191760e-01 6.420000000000000000e+02
-2.316150140762325282e-01 7.510000000000000000e+02
-8.404307842254588046e-02 8.820000000000000000e+02
6.352885723114076733e-02 8.050000000000000000e+02
2.111007928848269710e-01 6.340000000000000000e+02
3.586727285385131747e-01 5.200000000000000000e+02
5.062446641922002666e-01 4.200000000000000000e+02
6.538165998458864703e-01 3.640000000000000000e+02
8.013885354995735621e-01 3.330000000000000000e+02
9.489604711532597658e-01 2.990000000000000000e+02
1.096532406806945970e+00 2.230000000000000000e+02
1.244104342460633061e+00 2.310000000000000000e+02
1.391676278114319265e+00 2.040000000000000000e+02
1.539248213768006357e+00 1.680000000000000000e+02
1.686820149421692561e+00 1.540000000000000000e+02
1.834392085075378764e+00 1.350000000000000000e+02
1.981964020729065856e+00 9.000000000000000000e+01
2.129535956382752282e+00 7.700000000000000000e+01
2.277107892036438486e+00 6.300000000000000000e+01
2.424679827690125578e+00 5.700000000000000000e+01
2.572251763343811781e+00 3.500000000000000000e+01
2.719823698997497985e+00 2.100000000000000000e+01
2.867395634651185077e+00 1.000000000000000000e+01
3.014967570304871280e+00 1.100000000000000000e+01
3.162539505958558372e+00 7.000000000000000000e+00
3.310111441612244576e+00 0.000000000000000000e+00
3.457683377265930780e+00 2.000000000000000000e+00
