#     bins                         n
-3.064768776893616042e+00 1.000000000000000000e+00
-2.938380675315857005e+00 2.000000000000000000e+00
-2.811992573738097967e+00 6.000000000000000000e+00
-2.685604472160339817e+00 9.000000000000000000e+00
-2.559216370582580780e+00 1.700000000000000000e+01
-2.432828269004821742e+00 2.300000000000000000e+01
-2.306440167427063592e+00 3.700000000000000000e+01
-2.180052065849304554e+00 4.100000000000000000e+01
-2.053663964271545517e+00 8.200000000000000000e+01
-1.927275862693786701e+00 7.400000000000000000e+01
-1.800887761116027885e+00 1.110000000000000000e+02
-1.674499659538269070e+00 1.540000000000000000e+02
-1.548111557960510476e+00 1.840000000000000000e+02
-1.421723456382751660e+00 2.110000000000000000e+02
-1.295335354804992845e+00 2.140000000000000000e+02
-1.168947253227234029e+00 2.490000000000000000e+02
-1.042559151649475213e+00 2.960000000000000000e+02
-9.161710500717166195e-01 3.280000000000000000e+02
-7.897829484939575817e-01 3.640000000000000000e+02
-6.633948469161989880e-01 3.960000000000000000e+02
-5.370067453384399503e-01 4.040000000000000000e+02
-4.106186437606813566e-01 4.650000000000000000e+02
-2.842305421829223189e-01 4.580000000000000000e+02
-1.578424406051637252e-01 4.740000000000000000e+02
-3.145433902740513155e-02 4.360000000000000000e+02
9.493376255035390621e-02 4.970000000000000000e+02
2.213218641281124999e-01 4.750000000000000000e+02
3.477099657058715376e-01 4.400000000000000000e+02
4.740980672836301313e-01 4.280000000000000000e+02
6.004861688613891690e-01 4.280000000000000000e+02
7.268742704391477627e-01 3.750000000000000000e+02
8.532623720169068005e-01 3.220000000000000000e+02
9.796504735946653941e-01 3.120000000000000000e+02
1.106038575172424432e+00 2.740000000000000000e+02
1.232426676750182581e+00 2.390000000000000000e+02
1.358814778327941619e+00 2.400000000000000000e+02
1.485202879905700657e+00 1.980000000000000000e+02
1.611590981483459695e+00 1.550000000000000000e+02
1.737979083061217844e+00 1.150000000000000000e+02
1.864367184638976882e+00 1.240000000000000000e+02
1.990755286216735920e+00 8.300000000000000000e+01
2.117143387794493847e+00 5.200000000000000000e+01
2.243531489372252885e+00 4.100000000000000000e+01
2.369919590950011923e+00 2.800000000000000000e+01
2.496307692527770961e+00 1.600000000000000000e+01
2.622695794105529110e+00 1.400000000000000000e+01
2.749083895683288148e+00 6.000000000000000000e+00
2.875471997261047186e+00 1.000000000000000000e+00
3.001860098838805335e+00 0.000000000000000000e+00
3.128248200416564373e+00 2.000000000000000000e+00
