#     bins                         n
3.473601532168686667e-02 3.200000000000000000e+01
8.074333830736576956e-02 7.900000000000000000e+01
1.267506612930446863e-01 1.260000000000000000e+02
1.727579842787235753e-01 1.240000000000000000e+02
2.187653072644024921e-01 1.980000000000000000e+02
2.647726302500814088e-01 1.800000000000000000e+02
3.107799532357602978e-01 2.250000000000000000e+02
3.567872762214392424e-01 2.440000000000000000e+02
4.027945992071181314e-01 2.780000000000000000e+02
4.488019221927970204e-01 2.890000000000000000e+02
4.948092451784759649e-01 3.620000000000000000e+02
5.408165681641549094e-01 3.350000000000000000e+02
5.868238911498337984e-01 3.530000000000000000e+02
6.328312141355126874e-01 3.860000000000000000e+02
6.788385371211916874e-01 3.840000000000000000e+02
7.248458601068705764e-01 3.730000000000000000e+02
7.708531830925494654e-01 3.500000000000000000e+02
8.168605060782283545e-01 3.790000000000000000e+02
8.628678290639072435e-01 3.610000000000000000e+02
9.088751520495862435e-01 3.550000000000000000e+02
9.548824750352651325e-01 3.250000000000000000e+02
1.000889798020943910e+00 3.480000000000000000e+02
1.046897121006622910e+00 3.600000000000000000e+02
1.092904443992301911e+00 3.780000000000000000e+02
1.138911766977980689e+00 2.860000000000000000e+02
1.184919089963659689e+00 2.750000000000000000e+02
1.230926412949338467e+00 2.780000000000000000e+02
1.276933735935017467e+00 2.490000000000000000e+02
1.322941058920696467e+00 2.540000000000000000e+02
1.368948381906375245e+00 2.290000000000000000e+02
1.414955704892054245e+00 2.280000000000000000e+02
1.460963027877733023e+00 1.870000000000000000e+02
1.506970350863412023e+00 1.740000000000000000e+02
1.552977673849091023e+00 1.450000000000000000e+02
1.598984996834769801e+00 1.410000000000000000e+02
1.644992319820448801e+00 1.200000000000000000e+02
1.690999642806127579e+00 1.140000000000000000e+02
1.737006965791806579e+00 8.000000000000000000e+01
1.783014288777485579e+00 7.800000000000000000e+01
1.829021611763164357e+00 5.800000000000000000e+01
1.875028934748843357e+00 5.800000000000000000e+01
1.921036257734522135e+00 3.300000000000000000e+01
1.967043580720201135e+00 1.600000000000000000e+01
2.013050903705880135e+00 2.500000000000000000e+01
2.059058226691558691e+00 1.800000000000000000e+01
2.105065549677237691e+00 1.000000000000000000e+01
2.151072872662916691e+00 7.000000000000000000e+00
2.197080195648595247e+00 6.000000000000000000e+00
2.243087518634274247e+00 5.000000000000000000e+00
2.289094841619953247e+00 3.000000000000000000e+00
