#     bins                         n
-3.537734680175780966e+00 2.000000000000000000e+00
-3.393779792785644567e+00 1.000000000000000000e+00
-3.249824905395507280e+00 3.000000000000000000e+00
-3.105870018005370881e+00 1.000000000000000000e+00
-2.961915130615234482e+00 7.000000000000000000e+00
-2.817960243225097194e+00 1.100000000000000000e+01
-2.674005355834960795e+00 1.600000000000000000e+01
-2.530050468444824396e+00 2.400000000000000000e+01
-2.386095581054687109e+00 4.100000000000000000e+01
-2.242140693664550710e+00 5.400000000000000000e+01
-2.098185806274413423e+00 7.500000000000000000e+01
-1.954230918884277246e+00 8.400000000000000000e+01
-1.810276031494140403e+00 1.050000000000000000e+02
-1.666321144104003560e+00 1.240000000000000000e+02
-1.522366256713867161e+00 1.430000000000000000e+02
-1.378411369323730318e+00 2.240000000000000000e+02
-1.234456481933593475e+00 2.740000000000000000e+02
-1.090501594543456632e+00 3.180000000000000000e+02
-9.465467071533197885e-01 3.420000000000000000e+02
-8.025918197631833895e-01 4.280000000000000000e+02
-6.586369323730465464e-01 4.730000000000000000e+02
-5.146820449829097033e-01 4.930000000000000000e+02
-3.707271575927733043e-01 5.450000000000000000e+02
-2.267722702026364612e-01 5.550000000000000000e+02
-8.281738281249961808e-02 5.750000000000000000e+02
6.113750457763722501e-02 5.600000000000000000e+02
2.050923919677740681e-01 5.710000000000000000e+02
3.490472793579104671e-01 5.030000000000000000e+02
4.930021667480468661e-01 4.820000000000000000e+02
6.369570541381841533e-01 4.380000000000000000e+02
7.809119415283205523e-01 4.360000000000000000e+02
9.248668289184578395e-01 3.750000000000000000e+02
1.068821716308594238e+00 3.350000000000000000e+02
1.212776603698730638e+00 2.550000000000000000e+02
1.356731491088867925e+00 2.540000000000000000e+02
1.500686378479004324e+00 1.790000000000000000e+02
1.644641265869141611e+00 1.430000000000000000e+02
1.788596153259278010e+00 1.020000000000000000e+02
1.932551040649414409e+00 1.020000000000000000e+02
2.076505928039551918e+00 7.400000000000000000e+01
2.220460815429688317e+00 4.800000000000000000e+01
2.364415702819824716e+00 5.100000000000000000e+01
2.508370590209962003e+00 2.900000000000000000e+01
2.652325477600098402e+00 1.300000000000000000e+01
2.796280364990234801e+00 1.400000000000000000e+01
2.940235252380372089e+00 1.000000000000000000e+01
3.084190139770508488e+00 5.000000000000000000e+00
3.228145027160645775e+00 2.000000000000000000e+00
3.372099914550782174e+00 1.000000000000000000e+00
3.516054801940918573e+00 1.000000000000000000e+00
