#     bins                         n
-2.891084737777710245e+00 2.000000000000000000e+00
-2.779545507431030238e+00 1.000000000000000000e+01
-2.668006277084350231e+00 8.000000000000000000e+00
-2.556467046737671112e+00 1.500000000000000000e+01
-2.444927816390991104e+00 2.700000000000000000e+01
-2.333388586044311985e+00 4.300000000000000000e+01
-2.221849355697631978e+00 5.700000000000000000e+01
-2.110310125350951971e+00 8.500000000000000000e+01
-1.998770895004272630e+00 9.700000000000000000e+01
-1.887231664657592844e+00 1.190000000000000000e+02
-1.775692434310913059e+00 1.290000000000000000e+02
-1.664153203964233496e+00 2.090000000000000000e+02
-1.552613973617553711e+00 1.660000000000000000e+02
-1.441074743270874148e+00 1.730000000000000000e+02
-1.329535512924194363e+00 1.700000000000000000e+02
-1.217996282577514799e+00 2.010000000000000000e+02
-1.106457052230835014e+00 2.450000000000000000e+02
-9.949178218841552290e-01 2.770000000000000000e+02
-8.833785915374756659e-01 3.650000000000000000e+02
-7.718393611907961027e-01 4.420000000000000000e+02
-6.603001308441160955e-01 4.850000000000000000e+02
-5.487609004974365323e-01 4.050000000000000000e+02
-4.372216701507569692e-01 3.820000000000000000e+02
-3.256824398040774060e-01 3.830000000000000000e+02
-2.141432094573973988e-01 4.000000000000000000e+02
-1.026039791107178356e-01 3.870000000000000000e+02
8.935251235961727545e-03 3.890000000000000000e+02
1.204744815826417348e-01 3.740000000000000000e+02
2.320137119293212979e-01 3.980000000000000000e+02
3.435529422760008611e-01 4.050000000000000000e+02
4.550921726226804243e-01 3.830000000000000000e+02
5.666314029693604315e-01 3.330000000000000000e+02
6.781706333160399947e-01 2.980000000000000000e+02
7.897098636627195578e-01 2.830000000000000000e+02
9.012490940093995651e-01 2.700000000000000000e+02
1.012788324356079128e+00 2.350000000000000000e+02
1.124327554702758691e+00 2.110000000000000000e+02
1.235866785049438699e+00 1.740000000000000000e+02
1.347406015396117818e+00 1.840000000000000000e+02
1.458945245742797825e+00 1.720000000000000000e+02
1.570484476089477832e+00 1.240000000000000000e+02
1.682023706436156951e+00 1.280000000000000000e+02
1.793562936782836958e+00 1.000000000000000000e+02
1.905102167129516966e+00 6.500000000000000000e+01
2.016641397476195863e+00 3.600000000000000000e+01
2.128180627822875870e+00 3.100000000000000000e+01
2.239719858169554989e+00 1.500000000000000000e+01
2.351259088516234996e+00 9.000000000000000000e+00
2.462798318862915004e+00 9.000000000000000000e+00
2.574337549209594123e+00 2.000000000000000000e+00
