#     bins                         n
-2.813079013824462571e+00 1.000000000000000000e+00
-2.699131889343261648e+00 0.000000000000000000e+00
-2.585184764862060725e+00 9.000000000000000000e+00
-2.471237640380858913e+00 1.400000000000000000e+01
-2.357290515899657990e+00 1.900000000000000000e+01
-2.243343391418457067e+00 3.600000000000000000e+01
-2.129396266937255255e+00 6.500000000000000000e+01
-2.015449142456054332e+00 7.500000000000000000e+01
-1.901502017974853409e+00 1.050000000000000000e+02
-1.787554893493652264e+00 1.160000000000000000e+02
-1.673607769012451119e+00 1.280000000000000000e+02
-1.559660644531249973e+00 1.730000000000000000e+02
-1.445713520050048606e+00 2.200000000000000000e+02
-1.331766395568847461e+00 2.550000000000000000e+02
-1.217819271087646316e+00 3.130000000000000000e+02
-1.103872146606445170e+00 3.230000000000000000e+02
-9.899250221252440252e-01 3.600000000000000000e+02
-8.759778976440428799e-01 3.960000000000000000e+02
-7.620307731628417347e-01 3.610000000000000000e+02
-6.480836486816403674e-01 3.930000000000000000e+02
-5.341365242004394442e-01 4.130000000000000000e+02
-4.201893997192380770e-01 4.240000000000000000e+02
-3.062422752380371538e-01 4.040000000000000000e+02
-1.922951507568357865e-01 4.000000000000000000e+02
-7.834802627563441924e-02 4.130000000000000000e+02
3.559909820556650395e-02 4.050000000000000000e+02
1.495462226867678712e-01 4.220000000000000000e+02
2.634933471679687944e-01 4.010000000000000000e+02
3.774404716491701617e-01 3.530000000000000000e+02
4.913875961303710849e-01 3.290000000000000000e+02
6.053347206115724521e-01 3.020000000000000000e+02
7.192818450927733753e-01 2.350000000000000000e+02
8.332289695739747426e-01 2.630000000000000000e+02
9.471760940551761099e-01 2.530000000000000000e+02
1.061123218536377033e+00 2.030000000000000000e+02
1.175070343017578400e+00 2.220000000000000000e+02
1.289017467498779324e+00 1.970000000000000000e+02
1.402964591979980247e+00 1.890000000000000000e+02
1.516911716461182058e+00 1.700000000000000000e+02
1.630858840942382981e+00 1.350000000000000000e+02
1.744805965423583904e+00 1.120000000000000000e+02
1.858753089904785716e+00 9.200000000000000000e+01
1.972700214385986639e+00 5.900000000000000000e+01
2.086647338867187784e+00 3.800000000000000000e+01
2.200594463348388707e+00 5.000000000000000000e+01
2.314541587829590519e+00 2.400000000000000000e+01
2.428488712310791442e+00 1.400000000000000000e+01
2.542435836791992365e+00 7.000000000000000000e+00
2.656382961273194176e+00 2.000000000000000000e+00
2.770330085754395100e+00 2.000000000000000000e+00
