#     bins                         n
-3.302055983543396245e+00 1.000000000000000000e+00
-3.167687859535217143e+00 2.000000000000000000e+00
-3.033319735527038929e+00 2.000000000000000000e+00
-2.898951611518859828e+00 6.000000000000000000e+00
-2.764583487510681614e+00 9.000000000000000000e+00
-2.630215363502502512e+00 1.300000000000000000e+01
-2.495847239494323411e+00 2.400000000000000000e+01
-2.361479115486145197e+00 3.100000000000000000e+01
-2.227110991477966095e+00 6.500000000000000000e+01
-2.092742867469787882e+00 7.100000000000000000e+01
-1.958374743461609002e+00 8.300000000000000000e+01
-1.824006619453430122e+00 1.300000000000000000e+02
-1.689638495445251465e+00 1.420000000000000000e+02
-1.555270371437072807e+00 1.870000000000000000e+02
-1.420902247428893928e+00 2.090000000000000000e+02
-1.286534123420715270e+00 2.290000000000000000e+02
-1.152165999412536612e+00 2.700000000000000000e+02
-1.017797875404357955e+00 3.280000000000000000e+02
-8.834297513961792969e-01 3.240000000000000000e+02
-7.490616273880006393e-01 3.820000000000000000e+02
-6.146935033798219816e-01 4.380000000000000000e+02
-4.803253793716428799e-01 4.390000000000000000e+02
-3.459572553634642222e-01 5.050000000000000000e+02
-2.115891313552855646e-01 5.200000000000000000e+02
-7.722100734710690695e-02 5.370000000000000000e+02
5.714711666107175070e-02 5.010000000000000000e+02
1.915152406692504083e-01 5.130000000000000000e+02
3.258833646774290660e-01 5.220000000000000000e+02
4.602514886856081677e-01 4.970000000000000000e+02
5.946196126937868254e-01 4.280000000000000000e+02
7.289877367019654830e-01 3.710000000000000000e+02
8.633558607101436966e-01 3.580000000000000000e+02
9.977239847183227983e-01 3.340000000000000000e+02
1.132092108726501900e+00 2.720000000000000000e+02
1.266460232734680114e+00 2.560000000000000000e+02
1.400828356742859215e+00 1.920000000000000000e+02
1.535196480751037429e+00 1.600000000000000000e+02
1.669564604759216531e+00 1.300000000000000000e+02
1.803932728767394744e+00 1.040000000000000000e+02
1.938300852775573846e+00 1.000000000000000000e+02
2.072668976783751837e+00 7.700000000000000000e+01
2.207037100791930939e+00 5.100000000000000000e+01
2.341405224800110041e+00 3.500000000000000000e+01
2.475773348808288254e+00 2.500000000000000000e+01
2.610141472816467356e+00 1.400000000000000000e+01
2.744509596824645570e+00 1.000000000000000000e+01
2.878877720832824672e+00 4.000000000000000000e+00
3.013245844841002885e+00 2.000000000000000000e+00
3.147613968849181987e+00 0.000000000000000000e+00
3.281982092857361089e+00 1.000000000000000000e+00
