#     bins                         n
2.941597116645425572e-02 2.700000000000000000e+01
7.525841389317065866e-02 8.600000000000000000e+01
1.211008566198870512e-01 1.040000000000000000e+02
1.669432993466034576e-01 1.320000000000000000e+02
2.127857420733198501e-01 1.670000000000000000e+02
2.586281848000362427e-01 2.120000000000000000e+02
3.044706275267526907e-01 2.560000000000000000e+02
3.503130702534690832e-01 2.910000000000000000e+02
3.961555129801854758e-01 2.890000000000000000e+02
4.419979557069018683e-01 2.930000000000000000e+02
4.878403984336182608e-01 3.260000000000000000e+02
5.336828411603345979e-01 3.140000000000000000e+02
5.795252838870510459e-01 3.230000000000000000e+02
6.253677266137673829e-01 3.530000000000000000e+02
6.712101693404838310e-01 3.720000000000000000e+02
7.170526120672001680e-01 3.780000000000000000e+02
7.628950547939166160e-01 4.010000000000000000e+02
8.087374975206330641e-01 4.030000000000000000e+02
8.545799402473494011e-01 3.690000000000000000e+02
9.004223829740658491e-01 3.520000000000000000e+02
9.462648257007821861e-01 3.480000000000000000e+02
9.921072684274986342e-01 3.300000000000000000e+02
1.037949711154215082e+00 3.040000000000000000e+02
1.083792153880931419e+00 3.330000000000000000e+02
1.129634596607647978e+00 2.930000000000000000e+02
1.175477039334364315e+00 2.880000000000000000e+02
1.221319482061080652e+00 2.900000000000000000e+02
1.267161924787797211e+00 2.430000000000000000e+02
1.313004367514513548e+00 2.430000000000000000e+02
1.358846810241229885e+00 2.240000000000000000e+02
1.404689252967946222e+00 1.890000000000000000e+02
1.450531695694662782e+00 1.690000000000000000e+02
1.496374138421379119e+00 1.800000000000000000e+02
1.542216581148095456e+00 1.650000000000000000e+02
1.588059023874812015e+00 1.530000000000000000e+02
1.633901466601528352e+00 1.280000000000000000e+02
1.679743909328244689e+00 1.080000000000000000e+02
1.725586352054961026e+00 9.300000000000000000e+01
1.771428794781677585e+00 8.800000000000000000e+01
1.817271237508393922e+00 6.500000000000000000e+01
1.863113680235110259e+00 5.400000000000000000e+01
1.908956122961826818e+00 4.600000000000000000e+01
1.954798565688543155e+00 3.200000000000000000e+01
2.000641008415259492e+00 3.000000000000000000e+01
2.046483451141975607e+00 1.900000000000000000e+01
2.092325893868692166e+00 2.100000000000000000e+01
2.138168336595408281e+00 1.500000000000000000e+01
2.184010779322124840e+00 4.000000000000000000e+00
2.229853222048841399e+00 5.000000000000000000e+00
2.275695664775557514e+00 1.000000000000000000e+00
