#           logr                   beta                      gamma                  kappa                  VR_average                  r                  sigmarad2                  r_r2                   rho
-1.292765632684684141e+00 5.128800110761725373e-01 3.602950610763368200e+00 2.326554244079013500e+01 -1.076037188371022496e-01 5.096058059891731690e-02 3.793844332297642563e-02 5.096058059891731690e-02 8.863539765775267990e-03
-1.233841123305862597e+00 -4.290599727048534096e-01 3.602950610763357098e+00 -2.715166338785231392e+00 2.869578344481331714e-02 5.836585833544889745e-02 1.593405327626637100e-02 5.836585833544889745e-02 1.769925246143970107e-02
-1.174916613927040832e+00 -9.631590415538582306e-01 -2.999999999999998224e+00 3.666639042973744989e+00 -1.657127531675191973e-02 6.684722542792351230e-02 1.815932989120483398e-02 6.684722542792351230e-02 2.356195876380219600e-02
-1.115992104548219288e+00 5.040518998831503561e-01 -1.306542073840892382e+00 9.867830287466513584e-01 3.766638040542602539e-02 7.656105255454827285e-02 4.309591225215366611e-02 7.656105255454827285e-02 7.841657465430057483e-03
-1.057067595169397523e+00 1.718542685054497143e-01 8.379417644942753762e-01 -3.574977510301838191e+00 5.109094381332397738e-02 8.768643321749283737e-02 2.373510897159576694e-02 8.768643321749283737e-02 1.652862361755273735e-02
-9.981430857905757570e-01 -8.628338182538364265e-01 -1.656085108876380330e-01 -6.503315346771548766e-01 -4.306997193230522464e-02 1.004284856837310558e-01 1.633535159958733260e-02 1.004284856837310558e-01 9.843702560929680490e-03
-9.392185764117539915e-01 -5.338611045704215741e-01 1.458466772428180125e+00 1.762721489372176098e+00 3.404808895928518927e-03 1.150221347435912145e-01 1.989529104459853218e-02 1.150221347435912145e-01 1.580228498265969644e-02
-8.802940670329324480e-01 -2.320474631194728854e-01 9.667193173334948098e-02 8.726547982067784925e-01 1.495088379958580196e-02 1.317364430111690743e-01 2.635502815246582031e-02 1.317364430111690743e-01 1.462302964830539467e-02
-8.213695576541106824e-01 5.384427459259033544e-02 3.114673683308530339e-01 1.208150869355389956e-01 -1.222591102123260498e-02 1.508795716226433714e-01 2.521110077699025356e-02 1.508795716226433714e-01 1.622230573136132503e-02
-7.624450482752889169e-01 -7.859314178289000807e-04 4.403152730039763818e-02 -1.476669057908036875e-01 4.725881502137961772e-03 1.728044617927197713e-01 2.723337234334742563e-02 1.728044617927197713e-01 1.591268567743834780e-02
-7.035205388964672624e-01 -7.035565291113687891e-02 -1.791155885713054119e-01 -1.404022480505198178e-01 -6.204348091685444114e-03 1.979153419798685976e-01 2.422085158321835713e-02 1.979153419798685976e-01 1.641729697577605507e-02
-6.445960295176456079e-01 1.653879178047990006e-02 -7.554911816262903645e-01 3.369386466434298733e-01 -1.185371228401234552e-02 2.266751806327409469e-01 2.621531960190526603e-02 2.266751806327409469e-01 1.515775516650595851e-02
-5.856715201388238423e-01 9.469698398881032375e-02 9.435145365192208755e-02 -9.620540997329471433e-02 1.367180824279785184e-02 2.596142219237967952e-01 2.653977870941162318e-02 2.596142219237967952e-01 1.337419835057070995e-02
-5.267470107600021878e-01 -6.473104092008519217e-04 1.500469550429649468e-01 -1.490831551539030797e-01 -1.268953853486943573e-04 2.973397618431773970e-01 2.553979715166938835e-02 2.973397618431773970e-01 1.555084935023611642e-02
-4.678225013811804778e-01 1.728877094590064445e-02 -4.088042486286723176e-01 8.963905401562988207e-02 -9.805778852793864409e-03 3.405473448943341919e-01 2.548754431061343861e-02 3.405473448943341919e-01 1.392998492020581548e-02
-4.088979920023588788e-01 5.682271990081189106e-02 -4.201811542614150574e-01 -7.842207312145614562e-02 3.042517188933828009e-03 3.900335878245125842e-01 2.616864996991993472e-02 3.900335878245125842e-01 1.391800328209287334e-02
-3.499734826235372243e-01 9.539723921070186741e-02 -5.504917593104134976e-01 -3.017283165100940190e-01 6.743702308210746928e-04 4.467108668207760425e-01 2.495088930483217726e-02 4.467108668207760425e-01 1.242890045077312162e-02
-2.910489732447154032e-01 9.250291691012768602e-02 -4.505104035100268023e-01 -1.511024847337498755e-01 -6.644135413159411863e-03 5.116241389589061273e-01 2.411142799260409045e-02 5.116241389589061273e-01 1.198676582294642620e-02
-2.321244638658938042e-01 1.529899006576955767e-01 -6.733367205365862196e-01 -2.173954667896747794e-01 -3.363572925755632746e-03 5.859702080416635539e-01 2.394852388075690772e-02 5.859702080416635539e-01 1.099867832510584807e-02
-1.731999544870721219e-01 1.389925953479539400e-01 -9.164300422151666625e-01 -4.410748668163546049e-01 -5.277184159727450752e-03 6.711197900300193142e-01 2.273019123985300927e-02 6.711197900300193142e-01 9.985043221194637997e-03
-1.142754451082503564e-01 1.243731502661798993e-01 -1.251697554631884701e+00 -3.193386215433421382e-01 -2.901598187463536906e-03 7.686427848869629154e-01 2.124704362684902773e-02 7.686427848869629154e-01 8.577093004676633256e-03
-5.535093572942868800e-02 1.463992907156739243e-01 -1.669753300549145614e+00 1.333874190982762414e-02 -4.561714243390167962e-03 8.803372207700188579e-01 2.084343759976971591e-02 8.803372207700188579e-01 7.109492828982097619e-03
3.573573649392941358e-03 2.215423841911988712e-01 -2.145201555623242662e+00 4.925951207013237743e-02 -6.064184490888012771e-03 1.008262404215570562e+00 2.132408805828752904e-02 1.008262404215570562e+00 5.452068846442394492e-03
6.249808302821469735e-02 2.666615647630679042e-01 -2.547088102235430362e+00 2.580207992384184103e-03 -7.616651321074648963e-03 1.154776887503816907e+00 2.112392085396317537e-02 1.154776887503816907e+00 3.972178186627504937e-03
1.214225924070364004e-01 3.166292598629198984e-01 -2.846356628465741334e+00 1.580720965460228056e-01 -7.723111818672056747e-03 1.322581953207384586e+00 2.133902352813225184e-02 1.322581953207384586e+00 2.731426369042281883e-03
1.803471017858580550e-01 3.729045541911080175e-01 -3.017485637496818640e+00 1.253688378924174562e-01 -7.477259184258681218e-03 1.514771417646751717e+00 2.204972478162503177e-02 1.514771417646751717e+00 1.834798542340130168e-03
2.392716111646797927e-01 3.847579996620310583e-01 -2.775491171507044719e+00 -2.369470702756571456e-01 -6.074650702926482661e-03 1.734888671477102129e+00 2.207746153578567933e-02 1.734888671477102129e+00 1.204430587526987171e-03
2.981961205435014750e-01 4.212470267457193440e-01 -2.987991126509490947e+00 -1.727731957319530443e-01 -8.216768789427538258e-03 1.986992009061980813e+00 2.067660319925829562e-02 1.986992009061980813e+00 8.639716168647451015e-04
3.571206299223231295e-01 4.702920321744956667e-01 -3.339835998276346363e+00 -5.804503405853717046e-02 -7.253682838295990795e-03 2.275729451109206991e+00 2.106628644886330767e-02 2.275729451109206991e+00 5.353649735919593098e-04
4.160451393011448395e-01 4.523930452943628611e-01 -2.796428287730696294e+00 -3.480003389336652764e-01 -1.560124311221823459e-03 2.606424440071446913e+00 2.035347851395708646e-02 2.606424440071446913e+00 3.490624078080928772e-04
4.749696486799664941e-01 4.900520663987661951e-01 -2.452768684552942613e+00 -5.504689320244888773e-01 -5.195170195352224454e-04 2.985173988274651524e+00 1.916798614260389194e-02 2.985173988274651524e+00 2.506649572526037329e-04
5.338941580587880376e-01 5.106150524043966410e-01 -2.565408479472152337e+00 -7.071618156011654222e-01 1.310103578846758465e-03 3.418961088328082099e+00 1.752937450437017097e-02 3.418961088328082099e+00 1.794100211429616948e-04
5.928186674376098031e-01 5.484545653024828216e-01 -3.036656671613123581e+00 -2.101111619221030236e-01 -3.048642138455272374e-04 3.915783458322857236e+00 1.582115410099761699e-02 3.915783458322857236e+00 1.249576221131504673e-04
6.517431768164315686e-01 5.925150326269954526e-01 -3.096907115013913359e+00 6.977268797555728763e-02 4.700755639688774997e-05 4.484800995489870878e+00 1.655789122804045277e-02 4.484800995489870878e+00 7.870089809286941586e-05
7.106676861952531121e-01 6.342313623710299497e-01 -3.032414842770591701e+00 -1.236619957098283873e-02 -3.915013303420735759e-03 5.136504656915215961e+00 1.612355500332913680e-02 5.136504656915215961e+00 5.392563744216817849e-05
7.695921955740748777e-01 6.644957278485523755e-01 -2.784878159162503142e+00 -3.885625198894957499e-01 -1.553088230374992081e-03 5.882909880961139315e+00 1.650242170042490533e-02 5.882909880961139315e+00 3.456309098833848731e-05
8.285167049528966432e-01 6.856291045573965626e-01 -2.616737798234948009e+00 -6.789892081769872689e-01 -4.153767541716443454e-03 6.737778115496695364e+00 1.451005610798814828e-02 6.737778115496695364e+00 2.532795518481967766e-05
8.874412143317181867e-01 7.062819958300525780e-01 -2.964461214552031709e+00 -3.324565853517030267e-01 -5.076547777113729100e-03 7.716870537246643735e+00 1.372554091983180409e-02 7.716870537246643735e+00 1.699153415320155952e-05
9.463657237105399522e-01 7.137539372266461513e-01 -2.913549899393711673e+00 -6.356026100811013047e-01 -2.077330604881552894e-03 8.838238640073624808e+00 1.325834785949917341e-02 8.838238640073624808e+00 1.133029673043275629e-05
1.005290233089361829e+00 7.126057206800199273e-01 -2.368490595213716965e+00 -1.302763342400199864e+00 -6.751013326889787960e-03 1.012255704975989978e+01 1.155112610087181274e-02 1.012255704975989978e+01 7.706791257060595466e-06
1.064214742468183372e+00 7.086440207885429388e-01 -2.406866397161406823e+00 -1.054163156988364047e+00 -3.800261849726333224e-03 1.159350470138360301e+01 9.310221809106244278e-03 1.159350470138360301e+01 5.958226259420340569e-06
1.123139251847005138e+00 7.381069079498344676e-01 -3.797671416627205421e+00 1.539791429952168111e-01 -4.178234817533475016e-04 1.327820140704386986e+01 8.677452225598746710e-03 1.327820140704386986e+01 4.010760718882259155e-06
1.182063761225826903e+00 7.435270359542232033e-01 -3.670460262963578302e+00 3.001820813844783831e-01 -1.324546305338541660e-02 1.520770786291917531e+01 9.707475849226409811e-03 1.520770786291917531e+01 2.126009208153022434e-06
1.240988270604648447e+00 7.652959981725445671e-01 -2.371192114666809569e+00 -7.841945346813052886e-01 -8.256807196512734592e-03 1.741759831427216199e+01 9.413874300265566777e-03 1.741759831427216199e+01 1.481380462130948305e-06
1.299912779983470212e+00 7.580443652247580433e-01 -2.111886630937985565e+00 -1.444961155961928645e+00 -6.999439733429822612e-03 1.994861643660631856e+01 7.846749029120443988e-03 1.994861643660631856e+01 1.117178263477049486e-06
1.358837289362291978e+00 7.439883430621621052e-01 -2.409885320718835988e+00 -1.318056725483427671e+00 -5.494544936192244031e-03 2.284742652543305397e+01 6.360351842807476785e-03 2.284742652543305397e+01 8.351853067664147027e-07
