#     bins                         n
2.809100840182509121e-02 3.900000000000000000e+01
8.233577122271526494e-02 9.800000000000000000e+01
1.365805340436054283e-01 1.500000000000000000e+02
1.908252968644956193e-01 1.870000000000000000e+02
2.450700596853857827e-01 2.710000000000000000e+02
2.993148225062759460e-01 2.980000000000000000e+02
3.535595853271661371e-01 3.520000000000000000e+02
4.078043481480562726e-01 3.550000000000000000e+02
4.620491109689464637e-01 4.200000000000000000e+02
5.162938737898365993e-01 4.710000000000000000e+02
5.705386366107267904e-01 4.470000000000000000e+02
6.247833994316169814e-01 4.610000000000000000e+02
6.790281622525071725e-01 4.620000000000000000e+02
7.332729250733973636e-01 4.610000000000000000e+02
7.875176878942874437e-01 4.370000000000000000e+02
8.417624507151776347e-01 4.430000000000000000e+02
8.960072135360678258e-01 4.160000000000000000e+02
9.502519763569580169e-01 3.950000000000000000e+02
1.004496739177848097e+00 3.850000000000000000e+02
1.058741501998738288e+00 3.480000000000000000e+02
1.112986264819628479e+00 3.590000000000000000e+02
1.167231027640518670e+00 2.910000000000000000e+02
1.221475790461408861e+00 2.450000000000000000e+02
1.275720553282299052e+00 2.190000000000000000e+02
1.329965316103189243e+00 1.930000000000000000e+02
1.384210078924079435e+00 2.010000000000000000e+02
1.438454841744969626e+00 2.060000000000000000e+02
1.492699604565859595e+00 1.920000000000000000e+02
1.546944367386749786e+00 1.530000000000000000e+02
1.601189130207639977e+00 1.330000000000000000e+02
1.655433893028530168e+00 1.180000000000000000e+02
1.709678655849420359e+00 1.080000000000000000e+02
1.763923418670310550e+00 1.100000000000000000e+02
1.818168181491200741e+00 9.300000000000000000e+01
1.872412944312090932e+00 7.200000000000000000e+01
1.926657707132981123e+00 6.100000000000000000e+01
1.980902469953871314e+00 5.500000000000000000e+01
2.035147232774761061e+00 4.500000000000000000e+01
2.089391995595651252e+00 3.600000000000000000e+01
2.143636758416541443e+00 2.500000000000000000e+01
2.197881521237431635e+00 2.800000000000000000e+01
2.252126284058321826e+00 2.000000000000000000e+01
2.306371046879212017e+00 2.600000000000000000e+01
2.360615809700102208e+00 1.000000000000000000e+01
2.414860572520992399e+00 2.000000000000000000e+00
2.469105335341882590e+00 2.000000000000000000e+00
2.523350098162772781e+00 2.000000000000000000e+00
2.577594860983662972e+00 3.000000000000000000e+00
2.631839623804553163e+00 0.000000000000000000e+00
2.686084386625443354e+00 2.000000000000000000e+00
