#     bins                         n
-3.383337759971618564e+00 3.000000000000000000e+00
-3.240503144264220925e+00 4.000000000000000000e+00
-3.097668528556823730e+00 7.000000000000000000e+00
-2.954833912849426092e+00 1.900000000000000000e+01
-2.811999297142028897e+00 2.100000000000000000e+01
-2.669164681434631259e+00 3.500000000000000000e+01
-2.526330065727233620e+00 4.200000000000000000e+01
-2.383495450019835982e+00 4.300000000000000000e+01
-2.240660834312438787e+00 7.000000000000000000e+01
-2.097826218605041593e+00 6.600000000000000000e+01
-1.954991602897643954e+00 6.400000000000000000e+01
-1.812156987190246316e+00 8.000000000000000000e+01
-1.669322371482848899e+00 9.000000000000000000e+01
-1.526487755775451483e+00 1.080000000000000000e+02
-1.383653140068053844e+00 1.320000000000000000e+02
-1.240818524360656649e+00 1.830000000000000000e+02
-1.097983908653259011e+00 2.170000000000000000e+02
-9.551492929458613723e-01 2.680000000000000000e+02
-8.123146772384641778e-01 3.060000000000000000e+02
-6.694800615310665393e-01 3.820000000000000000e+02
-5.266454458236693448e-01 4.990000000000000000e+02
-3.838108301162717062e-01 5.840000000000000000e+02
-2.409762144088740676e-01 7.200000000000000000e+02
-9.814159870147687315e-02 8.270000000000000000e+02
4.469301700592076543e-02 8.600000000000000000e+02
1.875276327133184040e-01 7.930000000000000000e+02
3.303622484207155985e-01 6.760000000000000000e+02
4.731968641281132371e-01 5.020000000000000000e+02
6.160314798355108756e-01 4.050000000000000000e+02
7.588660955429085142e-01 3.090000000000000000e+02
9.017007112503052646e-01 2.600000000000000000e+02
1.044535326957702903e+00 2.050000000000000000e+02
1.187369942665100542e+00 1.680000000000000000e+02
1.330204558372498180e+00 1.380000000000000000e+02
1.473039174079895819e+00 1.130000000000000000e+02
1.615873789787292569e+00 8.300000000000000000e+01
1.758708405494690208e+00 6.400000000000000000e+01
1.901543021202087846e+00 6.400000000000000000e+01
2.044377636909485485e+00 7.000000000000000000e+01
2.187212252616883124e+00 9.300000000000000000e+01
2.330046868324279874e+00 8.000000000000000000e+01
2.472881484031677513e+00 9.400000000000000000e+01
2.615716099739075151e+00 5.700000000000000000e+01
2.758550715446472790e+00 3.600000000000000000e+01
2.901385331153870428e+00 3.400000000000000000e+01
3.044219946861268067e+00 1.700000000000000000e+01
3.187054562568664817e+00 1.000000000000000000e+01
3.329889178276062456e+00 8.000000000000000000e+00
3.472723793983460094e+00 2.000000000000000000e+00
3.615558409690857733e+00 2.000000000000000000e+00
