#     bins                         n
-3.158698012828827117e+00 3.000000000000000000e+00
-3.026803762912749995e+00 8.000000000000000000e+00
-2.894909512996673762e+00 4.000000000000000000e+00
-2.763015263080596640e+00 7.000000000000000000e+00
-2.631121013164520406e+00 1.700000000000000000e+01
-2.499226763248443284e+00 2.100000000000000000e+01
-2.367332513332367050e+00 4.100000000000000000e+01
-2.235438263416290816e+00 6.000000000000000000e+01
-2.103544013500213694e+00 7.100000000000000000e+01
-1.971649763584137238e+00 8.500000000000000000e+01
-1.839755513668060338e+00 1.030000000000000000e+02
-1.707861263751983660e+00 1.300000000000000000e+02
-1.575967013835907204e+00 1.590000000000000000e+02
-1.444072763919830527e+00 1.540000000000000000e+02
-1.312178514003753849e+00 2.400000000000000000e+02
-1.180284264087677171e+00 2.710000000000000000e+02
-1.048390014171600493e+00 3.220000000000000000e+02
-9.164957642555238149e-01 3.880000000000000000e+02
-7.846015143394471369e-01 3.990000000000000000e+02
-6.527072644233704590e-01 3.830000000000000000e+02
-5.208130145072937811e-01 3.990000000000000000e+02
-3.889187645912171032e-01 4.640000000000000000e+02
-2.570245146751404253e-01 5.120000000000000000e+02
-1.251302647590637473e-01 4.670000000000000000e+02
6.763985157012486482e-03 5.170000000000000000e+02
1.386582350730891644e-01 4.690000000000000000e+02
2.705524849891658423e-01 4.940000000000000000e+02
4.024467349052425202e-01 5.110000000000000000e+02
5.343409848213191982e-01 4.180000000000000000e+02
6.662352347373958761e-01 4.650000000000000000e+02
7.981294846534725540e-01 4.050000000000000000e+02
9.300237345695496760e-01 3.340000000000000000e+02
1.061917984485625910e+00 2.900000000000000000e+02
1.193812234401702144e+00 2.620000000000000000e+02
1.325706484317779266e+00 2.250000000000000000e+02
1.457600734233855500e+00 1.600000000000000000e+02
1.589494984149932622e+00 1.440000000000000000e+02
1.721389234066008855e+00 1.110000000000000000e+02
1.853283483982085977e+00 1.050000000000000000e+02
1.985177733898162211e+00 7.600000000000000000e+01
2.117071983814239111e+00 6.200000000000000000e+01
2.248966233730315345e+00 4.900000000000000000e+01
2.380860483646392467e+00 2.800000000000000000e+01
2.512754733562468701e+00 2.600000000000000000e+01
2.644648983478545823e+00 1.400000000000000000e+01
2.776543233394622057e+00 6.000000000000000000e+00
2.908437483310699179e+00 2.000000000000000000e+00
3.040331733226775413e+00 3.000000000000000000e+00
3.172225983142851646e+00 0.000000000000000000e+00
3.304120233058928768e+00 2.000000000000000000e+00
