#     bins                         n
-3.197858169078826585e+00 2.000000000000000000e+00
-3.068573458194732595e+00 2.000000000000000000e+00
-2.939288747310638605e+00 5.000000000000000000e+00
-2.810004036426543728e+00 6.000000000000000000e+00
-2.680719325542449738e+00 1.600000000000000000e+01
-2.551434614658355748e+00 1.100000000000000000e+01
-2.422149903774260871e+00 3.100000000000000000e+01
-2.292865192890166881e+00 4.400000000000000000e+01
-2.163580482006072891e+00 4.300000000000000000e+01
-2.034295771121978902e+00 7.800000000000000000e+01
-1.905011060237884468e+00 8.700000000000000000e+01
-1.775726349353790257e+00 1.310000000000000000e+02
-1.646441638469695823e+00 1.520000000000000000e+02
-1.517156927585601611e+00 1.330000000000000000e+02
-1.387872216701507400e+00 2.220000000000000000e+02
-1.258587505817413188e+00 2.370000000000000000e+02
-1.129302794933318976e+00 3.290000000000000000e+02
-1.000018084049224543e+00 3.120000000000000000e+02
-8.707333731651305531e-01 3.510000000000000000e+02
-7.414486622810361194e-01 3.790000000000000000e+02
-6.121639513969421298e-01 4.060000000000000000e+02
-4.828792405128476961e-01 4.420000000000000000e+02
-3.535945296287537065e-01 4.580000000000000000e+02
-2.243098187446592728e-01 4.990000000000000000e+02
-9.502510786056483916e-02 4.770000000000000000e+02
3.425960302352915043e-02 4.960000000000000000e+02
1.635443139076235841e-01 5.070000000000000000e+02
2.928290247917175737e-01 4.540000000000000000e+02
4.221137356758120074e-01 4.620000000000000000e+02
5.513984465599059970e-01 4.250000000000000000e+02
6.806831574440004307e-01 4.130000000000000000e+02
8.099678683280948643e-01 3.910000000000000000e+02
9.392525792121888539e-01 3.050000000000000000e+02
1.068537290096282844e+00 2.890000000000000000e+02
1.197822000980377721e+00 2.700000000000000000e+02
1.327106711864471711e+00 1.950000000000000000e+02
1.456391422748565700e+00 1.920000000000000000e+02
1.585676133632659690e+00 1.490000000000000000e+02
1.714960844516754568e+00 1.270000000000000000e+02
1.844245555400848557e+00 9.300000000000000000e+01
1.973530266284942547e+00 8.400000000000000000e+01
2.102814977169037647e+00 5.900000000000000000e+01
2.232099688053131636e+00 4.400000000000000000e+01
2.361384398937225626e+00 4.200000000000000000e+01
2.490669109821319616e+00 2.000000000000000000e+01
2.619953820705414493e+00 1.300000000000000000e+01
2.749238531589508483e+00 1.500000000000000000e+01
2.878523242473602473e+00 6.000000000000000000e+00
3.007807953357697350e+00 1.000000000000000000e+00
3.137092664241791340e+00 2.000000000000000000e+00
