#     bins                         n
-3.127987024784088188e+00 1.000000000000000000e+00
-2.999889247417450111e+00 1.000000000000000000e+00
-2.871791470050812034e+00 4.000000000000000000e+00
-2.743693692684173513e+00 8.000000000000000000e+00
-2.615595915317535436e+00 1.800000000000000000e+01
-2.487498137950897359e+00 1.000000000000000000e+01
-2.359400360584258838e+00 3.900000000000000000e+01
-2.231302583217620761e+00 5.400000000000000000e+01
-2.103204805850982684e+00 6.300000000000000000e+01
-1.975107028484344607e+00 7.000000000000000000e+01
-1.847009251117706308e+00 9.600000000000000000e+01
-1.718911473751068009e+00 1.500000000000000000e+02
-1.590813696384429932e+00 1.740000000000000000e+02
-1.462715919017791855e+00 1.750000000000000000e+02
-1.334618141651153556e+00 2.390000000000000000e+02
-1.206520364284515257e+00 2.370000000000000000e+02
-1.078422586917877180e+00 2.940000000000000000e+02
-9.503248095512391025e-01 2.950000000000000000e+02
-8.222270321846010255e-01 3.570000000000000000e+02
-6.941292548179625044e-01 3.620000000000000000e+02
-5.660314774513244274e-01 4.070000000000000000e+02
-4.379337000846863504e-01 4.970000000000000000e+02
-3.098359227180478292e-01 4.820000000000000000e+02
-1.817381453514097522e-01 5.280000000000000000e+02
-5.364036798477167522e-02 4.550000000000000000e+02
7.445740938186640179e-02 5.010000000000000000e+02
2.025551867485044788e-01 4.650000000000000000e+02
3.306529641151429999e-01 4.170000000000000000e+02
4.587507414817810769e-01 4.730000000000000000e+02
5.868485188484191539e-01 4.550000000000000000e+02
7.149462962150576750e-01 3.700000000000000000e+02
8.430440735816957520e-01 3.520000000000000000e+02
9.711418509483338291e-01 3.070000000000000000e+02
1.099239628314971906e+00 2.780000000000000000e+02
1.227337405681609983e+00 2.120000000000000000e+02
1.355435183048248060e+00 2.320000000000000000e+02
1.483532960414886137e+00 1.750000000000000000e+02
1.611630737781525102e+00 1.600000000000000000e+02
1.739728515148163179e+00 1.290000000000000000e+02
1.867826292514801256e+00 9.200000000000000000e+01
1.995924069881439333e+00 9.800000000000000000e+01
2.124021847248077410e+00 5.800000000000000000e+01
2.252119624614715487e+00 3.500000000000000000e+01
2.380217401981353564e+00 3.500000000000000000e+01
2.508315179347992530e+00 1.900000000000000000e+01
2.636412956714630607e+00 1.400000000000000000e+01
2.764510734081268684e+00 7.000000000000000000e+00
2.892608511447906761e+00 7.000000000000000000e+00
3.020706288814544838e+00 1.000000000000000000e+00
3.148804066181182915e+00 1.000000000000000000e+00
