#     bins                         n
-3.197182571887970060e+00 1.000000000000000000e+00
-3.068379151821136741e+00 0.000000000000000000e+00
-2.939575731754302979e+00 2.000000000000000000e+00
-2.810772311687469660e+00 7.000000000000000000e+00
-2.681968891620635898e+00 1.600000000000000000e+01
-2.553165471553802579e+00 2.800000000000000000e+01
-2.424362051486969261e+00 4.000000000000000000e+01
-2.295558631420135942e+00 4.500000000000000000e+01
-2.166755211353302180e+00 5.500000000000000000e+01
-2.037951791286468417e+00 6.700000000000000000e+01
-1.909148371219635099e+00 9.400000000000000000e+01
-1.780344951152801780e+00 1.340000000000000000e+02
-1.651541531085968240e+00 1.230000000000000000e+02
-1.522738111019134699e+00 1.320000000000000000e+02
-1.393934690952301381e+00 1.870000000000000000e+02
-1.265131270885467840e+00 2.000000000000000000e+02
-1.136327850818634300e+00 2.590000000000000000e+02
-1.007524430751800981e+00 2.780000000000000000e+02
-8.787210106849672187e-01 2.710000000000000000e+02
-7.499175906181339002e-01 3.270000000000000000e+02
-6.211141705513001376e-01 3.790000000000000000e+02
-4.923107504844668192e-01 4.310000000000000000e+02
-3.635073304176335007e-01 4.420000000000000000e+02
-2.347039103507997382e-01 5.500000000000000000e+02
-1.059004902839664197e-01 5.190000000000000000e+02
2.290292978286689873e-02 5.480000000000000000e+02
1.517063498497006613e-01 5.700000000000000000e+02
2.805097699165339797e-01 5.380000000000000000e+02
4.093131899833672982e-01 4.770000000000000000e+02
5.381166100502010607e-01 4.710000000000000000e+02
6.669200301170343792e-01 4.100000000000000000e+02
7.957234501838681417e-01 4.040000000000000000e+02
9.245268702507014602e-01 3.160000000000000000e+02
1.053330290317534779e+00 2.730000000000000000e+02
1.182133710384368097e+00 2.360000000000000000e+02
1.310937130451202304e+00 1.980000000000000000e+02
1.439740550518035622e+00 1.600000000000000000e+02
1.568543970584868941e+00 1.620000000000000000e+02
1.697347390651702259e+00 1.070000000000000000e+02
1.826150810718535578e+00 1.010000000000000000e+02
1.954954230785369784e+00 5.900000000000000000e+01
2.083757650852203103e+00 7.200000000000000000e+01
2.212561070919036421e+00 5.200000000000000000e+01
2.341364490985869740e+00 5.100000000000000000e+01
2.470167911052703058e+00 3.400000000000000000e+01
2.598971331119536377e+00 3.200000000000000000e+01
2.727774751186370583e+00 2.000000000000000000e+01
2.856578171253203902e+00 1.100000000000000000e+01
2.985381591320037220e+00 7.000000000000000000e+00
3.114185011386870539e+00 4.000000000000000000e+00
