#     bins                         n
-3.655970227718353449e+00 1.000000000000000000e+00
-3.513983643054961803e+00 0.000000000000000000e+00
-3.371997058391571045e+00 2.000000000000000000e+00
-3.230010473728180287e+00 1.000000000000000000e+00
-3.088023889064788641e+00 5.000000000000000000e+00
-2.946037304401397883e+00 8.000000000000000000e+00
-2.804050719738006237e+00 1.100000000000000000e+01
-2.662064135074615479e+00 1.900000000000000000e+01
-2.520077550411224721e+00 2.200000000000000000e+01
-2.378090965747833074e+00 3.400000000000000000e+01
-2.236104381084442316e+00 6.600000000000000000e+01
-2.094117796421050670e+00 6.400000000000000000e+01
-1.952131211757659690e+00 8.000000000000000000e+01
-1.810144627094268710e+00 1.100000000000000000e+02
-1.668158042430877508e+00 1.310000000000000000e+02
-1.526171457767486528e+00 1.500000000000000000e+02
-1.384184873104095326e+00 2.130000000000000000e+02
-1.242198288440704124e+00 2.840000000000000000e+02
-1.100211703777312922e+00 3.020000000000000000e+02
-9.582251191139221635e-01 3.690000000000000000e+02
-8.162385344505309615e-01 4.370000000000000000e+02
-6.742519497871397594e-01 4.640000000000000000e+02
-5.322653651237485573e-01 4.880000000000000000e+02
-3.902787804603573552e-01 5.100000000000000000e+02
-2.482921957969661531e-01 5.510000000000000000e+02
-1.063056111335753950e-01 5.330000000000000000e+02
3.568097352981580705e-02 5.150000000000000000e+02
1.776675581932070092e-01 5.790000000000000000e+02
3.196541428565982113e-01 5.370000000000000000e+02
4.616407275199894134e-01 4.600000000000000000e+02
6.036273121833801714e-01 4.610000000000000000e+02
7.456138968467718176e-01 4.230000000000000000e+02
8.876004815101625756e-01 3.740000000000000000e+02
1.029587066173553334e+00 3.380000000000000000e+02
1.171573650836944980e+00 3.060000000000000000e+02
1.313560235500335738e+00 2.180000000000000000e+02
1.455546820163727384e+00 2.110000000000000000e+02
1.597533404827118142e+00 1.390000000000000000e+02
1.739519989490508900e+00 1.110000000000000000e+02
1.881506574153900546e+00 1.110000000000000000e+02
2.023493158817291082e+00 8.400000000000000000e+01
2.165479743480682728e+00 6.000000000000000000e+01
2.307466328144073486e+00 4.700000000000000000e+01
2.449452912807464244e+00 3.000000000000000000e+01
2.591439497470855891e+00 2.300000000000000000e+01
2.733426082134246649e+00 1.200000000000000000e+01
2.875412666797638295e+00 1.200000000000000000e+01
3.017399251461029053e+00 3.000000000000000000e+00
3.159385836124420699e+00 2.000000000000000000e+00
3.301372420787811457e+00 1.000000000000000000e+00
