#     bins                         n
-3.232730348110198992e+00 1.000000000000000000e+00
-3.098378536701202446e+00 1.000000000000000000e+00
-2.964026725292205899e+00 6.000000000000000000e+00
-2.829674913883209353e+00 1.200000000000000000e+01
-2.695323102474212806e+00 1.700000000000000000e+01
-2.560971291065216260e+00 2.400000000000000000e+01
-2.426619479656219713e+00 2.500000000000000000e+01
-2.292267668247223167e+00 4.000000000000000000e+01
-2.157915856838226620e+00 6.800000000000000000e+01
-2.023564045429230074e+00 7.500000000000000000e+01
-1.889212234020233305e+00 7.900000000000000000e+01
-1.754860422611236759e+00 1.090000000000000000e+02
-1.620508611202239990e+00 1.400000000000000000e+02
-1.486156799793243444e+00 1.940000000000000000e+02
-1.351804988384246897e+00 1.790000000000000000e+02
-1.217453176975250351e+00 2.980000000000000000e+02
-1.083101365566253804e+00 3.000000000000000000e+02
-9.487495541572572577e-01 3.560000000000000000e+02
-8.143977427482607112e-01 3.700000000000000000e+02
-6.800459313392641647e-01 4.380000000000000000e+02
-5.456941199302676182e-01 4.430000000000000000e+02
-4.113423085212710717e-01 4.520000000000000000e+02
-2.769904971122745252e-01 4.940000000000000000e+02
-1.426386857032779787e-01 5.390000000000000000e+02
-8.286874294280988096e-03 5.260000000000000000e+02
1.260649371147155584e-01 5.200000000000000000e+02
2.604167485237121049e-01 4.950000000000000000e+02
3.947685599327086514e-01 4.170000000000000000e+02
5.291203713417051979e-01 4.560000000000000000e+02
6.634721827507017444e-01 4.100000000000000000e+02
7.978239941596982909e-01 3.980000000000000000e+02
9.321758055686948374e-01 3.700000000000000000e+02
1.066527616977691384e+00 3.240000000000000000e+02
1.200879428386687930e+00 2.430000000000000000e+02
1.335231239795684477e+00 2.340000000000000000e+02
1.469583051204681023e+00 1.890000000000000000e+02
1.603934862613677570e+00 1.710000000000000000e+02
1.738286674022674116e+00 1.350000000000000000e+02
1.872638485431670663e+00 1.030000000000000000e+02
2.006990296840667209e+00 7.100000000000000000e+01
2.141342108249663756e+00 4.800000000000000000e+01
2.275693919658660302e+00 4.200000000000000000e+01
2.410045731067656849e+00 2.900000000000000000e+01
2.544397542476653395e+00 1.900000000000000000e+01
2.678749353885649942e+00 1.200000000000000000e+01
2.813101165294646488e+00 1.300000000000000000e+01
2.947452976703643035e+00 3.000000000000000000e+00
3.081804788112639581e+00 1.000000000000000000e+00
3.216156599521637016e+00 1.000000000000000000e+00
3.350508410930633563e+00 2.000000000000000000e+00
