#     bins                         n
3.979257911443710716e-02 3.200000000000000000e+01
9.232956677675248358e-02 7.300000000000000000e+01
1.448665544390678461e-01 1.400000000000000000e+02
1.974035421013832226e-01 1.620000000000000000e+02
2.499405297636985712e-01 2.210000000000000000e+02
3.024775174260139754e-01 2.420000000000000000e+02
3.550145050883293241e-01 3.100000000000000000e+02
4.075514927506447282e-01 3.320000000000000000e+02
4.600884804129600769e-01 3.630000000000000000e+02
5.126254680752754256e-01 3.910000000000000000e+02
5.651624557375908298e-01 4.300000000000000000e+02
6.176994433999062339e-01 4.860000000000000000e+02
6.702364310622215271e-01 4.280000000000000000e+02
7.227734187245369313e-01 4.600000000000000000e+02
7.753104063868523355e-01 4.950000000000000000e+02
8.278473940491676286e-01 4.770000000000000000e+02
8.803843817114830328e-01 4.670000000000000000e+02
9.329213693737984370e-01 4.190000000000000000e+02
9.854583570361137301e-01 4.090000000000000000e+02
1.037995344698429134e+00 3.880000000000000000e+02
1.090532332360744538e+00 3.680000000000000000e+02
1.143069320023059943e+00 3.200000000000000000e+02
1.195606307685375347e+00 2.740000000000000000e+02
1.248143295347690529e+00 2.510000000000000000e+02
1.300680283010005933e+00 2.230000000000000000e+02
1.353217270672321337e+00 2.290000000000000000e+02
1.405754258334636742e+00 2.160000000000000000e+02
1.458291245996952146e+00 1.590000000000000000e+02
1.510828233659267550e+00 1.430000000000000000e+02
1.563365221321582732e+00 1.280000000000000000e+02
1.615902208983898136e+00 1.350000000000000000e+02
1.668439196646213540e+00 1.110000000000000000e+02
1.720976184308528945e+00 1.110000000000000000e+02
1.773513171970844349e+00 7.800000000000000000e+01
1.826050159633159753e+00 7.600000000000000000e+01
1.878587147295475157e+00 6.200000000000000000e+01
1.931124134957790339e+00 5.900000000000000000e+01
1.983661122620105743e+00 4.300000000000000000e+01
2.036198110282421148e+00 3.700000000000000000e+01
2.088735097944736552e+00 4.100000000000000000e+01
2.141272085607051956e+00 2.600000000000000000e+01
2.193809073269367360e+00 1.800000000000000000e+01
2.246346060931682764e+00 1.400000000000000000e+01
2.298883048593998168e+00 1.300000000000000000e+01
2.351420036256313573e+00 8.000000000000000000e+00
2.403957023918628533e+00 5.000000000000000000e+00
2.456494011580943937e+00 6.000000000000000000e+00
2.509030999243259341e+00 1.000000000000000000e+00
2.561567986905574745e+00 0.000000000000000000e+00
2.614104974567890149e+00 2.000000000000000000e+00
