#     bins                         n
3.073660627938807136e-02 3.400000000000000000e+01
8.236743236891926057e-02 7.900000000000000000e+01
1.339982584584504532e-01 1.290000000000000000e+02
1.856290845479816320e-01 1.910000000000000000e+02
2.372599106375128108e-01 2.270000000000000000e+02
2.888907367270440174e-01 2.650000000000000000e+02
3.405215628165751962e-01 3.160000000000000000e+02
3.921523889061063750e-01 3.440000000000000000e+02
4.437832149956375538e-01 3.470000000000000000e+02
4.954140410851687326e-01 4.190000000000000000e+02
5.470448671747000224e-01 4.400000000000000000e+02
5.986756932642312012e-01 4.410000000000000000e+02
6.503065193537623800e-01 4.280000000000000000e+02
7.019373454432935588e-01 4.900000000000000000e+02
7.535681715328247376e-01 4.310000000000000000e+02
8.051989976223559164e-01 4.370000000000000000e+02
8.568298237118870953e-01 4.070000000000000000e+02
9.084606498014182741e-01 4.130000000000000000e+02
9.600914758909494529e-01 3.810000000000000000e+02
1.011722301980480632e+00 3.350000000000000000e+02
1.063353128070011921e+00 3.340000000000000000e+02
1.114983954159542989e+00 2.930000000000000000e+02
1.166614780249074279e+00 2.930000000000000000e+02
1.218245606338605347e+00 2.520000000000000000e+02
1.269876432428136637e+00 2.350000000000000000e+02
1.321507258517667704e+00 2.320000000000000000e+02
1.373138084607198994e+00 2.140000000000000000e+02
1.424768910696730062e+00 1.930000000000000000e+02
1.476399736786261352e+00 1.700000000000000000e+02
1.528030562875792420e+00 1.710000000000000000e+02
1.579661388965323709e+00 1.270000000000000000e+02
1.631292215054854777e+00 1.230000000000000000e+02
1.682923041144386067e+00 1.140000000000000000e+02
1.734553867233917357e+00 9.200000000000000000e+01
1.786184693323448425e+00 8.500000000000000000e+01
1.837815519412979715e+00 8.100000000000000000e+01
1.889446345502510782e+00 7.300000000000000000e+01
1.941077171592042072e+00 4.900000000000000000e+01
1.992707997681573140e+00 4.700000000000000000e+01
2.044338823771104430e+00 3.600000000000000000e+01
2.095969649860635720e+00 4.400000000000000000e+01
2.147600475950166565e+00 2.200000000000000000e+01
2.199231302039697855e+00 1.900000000000000000e+01
2.250862128129229145e+00 1.500000000000000000e+01
2.302492954218760435e+00 1.300000000000000000e+01
2.354123780308291281e+00 1.300000000000000000e+01
2.405754606397822570e+00 7.000000000000000000e+00
2.457385432487353860e+00 3.000000000000000000e+00
2.509016258576885150e+00 3.000000000000000000e+00
2.560647084666416440e+00 2.000000000000000000e+00
