#     bins                         n
2.842312877532094870e-02 3.600000000000000000e+01
7.619190346915274969e-02 8.900000000000000000e+01
1.239606781629845611e-01 1.310000000000000000e+02
1.717294528568163448e-01 1.670000000000000000e+02
2.194982275506481562e-01 2.080000000000000000e+02
2.672670022444799676e-01 2.910000000000000000e+02
3.150357769383117512e-01 2.830000000000000000e+02
3.628045516321435904e-01 3.360000000000000000e+02
4.105733263259753740e-01 3.500000000000000000e+02
4.583421010198071577e-01 3.410000000000000000e+02
5.061108757136389968e-01 3.890000000000000000e+02
5.538796504074707805e-01 3.750000000000000000e+02
6.016484251013025641e-01 4.000000000000000000e+02
6.494171997951343478e-01 3.830000000000000000e+02
6.971859744889662425e-01 3.760000000000000000e+02
7.449547491827980261e-01 3.910000000000000000e+02
7.927235238766298098e-01 3.690000000000000000e+02
8.404922985704615934e-01 3.310000000000000000e+02
8.882610732642933771e-01 3.130000000000000000e+02
9.360298479581252717e-01 3.150000000000000000e+02
9.837986226519570554e-01 3.210000000000000000e+02
1.031567397345788839e+00 3.160000000000000000e+02
1.079336172039620623e+00 2.700000000000000000e+02
1.127104946733452406e+00 2.590000000000000000e+02
1.174873721427284190e+00 2.590000000000000000e+02
1.222642496121115974e+00 2.690000000000000000e+02
1.270411270814947757e+00 2.730000000000000000e+02
1.318180045508779763e+00 2.410000000000000000e+02
1.365948820202611547e+00 2.520000000000000000e+02
1.413717594896443330e+00 1.850000000000000000e+02
1.461486369590275114e+00 1.920000000000000000e+02
1.509255144284106898e+00 1.620000000000000000e+02
1.557023918977938681e+00 1.500000000000000000e+02
1.604792693671770465e+00 1.220000000000000000e+02
1.652561468365602249e+00 1.100000000000000000e+02
1.700330243059434032e+00 9.000000000000000000e+01
1.748099017753265816e+00 9.000000000000000000e+01
1.795867792447097600e+00 9.100000000000000000e+01
1.843636567140929605e+00 6.900000000000000000e+01
1.891405341834761389e+00 6.200000000000000000e+01
1.939174116528593173e+00 5.000000000000000000e+01
1.986942891222424956e+00 3.900000000000000000e+01
2.034711665916256962e+00 3.600000000000000000e+01
2.082480440610088746e+00 3.400000000000000000e+01
2.130249215303920529e+00 2.800000000000000000e+01
2.178017989997752313e+00 2.200000000000000000e+01
2.225786764691584096e+00 1.400000000000000000e+01
2.273555539385415880e+00 1.100000000000000000e+01
2.321324314079247664e+00 8.000000000000000000e+00
2.369093088773079447e+00 4.000000000000000000e+00
