#     bins                         n
-3.159384229183197057e+00 2.000000000000000000e+00
-3.031458313465118515e+00 2.000000000000000000e+00
-2.903532397747039973e+00 1.000000000000000000e+00
-2.775606482028961430e+00 3.000000000000000000e+00
-2.647680566310882444e+00 1.800000000000000000e+01
-2.519754650592803902e+00 2.100000000000000000e+01
-2.391828734874725360e+00 4.000000000000000000e+01
-2.263902819156646817e+00 4.000000000000000000e+01
-2.135976903438567831e+00 6.300000000000000000e+01
-2.008050987720489289e+00 6.900000000000000000e+01
-1.880125072002410747e+00 9.900000000000000000e+01
-1.752199156284332204e+00 1.120000000000000000e+02
-1.624273240566253662e+00 1.200000000000000000e+02
-1.496347324848174898e+00 2.050000000000000000e+02
-1.368421409130096356e+00 2.100000000000000000e+02
-1.240495493412017591e+00 2.350000000000000000e+02
-1.112569577693939049e+00 2.770000000000000000e+02
-9.846436619758605069e-01 3.240000000000000000e+02
-8.567177462577819647e-01 3.750000000000000000e+02
-7.287918305397029783e-01 3.680000000000000000e+02
-6.008659148216244361e-01 4.090000000000000000e+02
-4.729399991035458939e-01 4.260000000000000000e+02
-3.450140833854673517e-01 4.480000000000000000e+02
-2.170881676673888094e-01 4.710000000000000000e+02
-8.916225194931026721e-02 4.860000000000000000e+02
3.876366376876871911e-02 4.900000000000000000e+02
1.666895794868472613e-01 5.120000000000000000e+02
2.946154952049258036e-01 4.930000000000000000e+02
4.225414109230043458e-01 4.490000000000000000e+02
5.504673266410828880e-01 4.540000000000000000e+02
6.783932423591618743e-01 3.990000000000000000e+02
8.063191580772404166e-01 3.160000000000000000e+02
9.342450737953189588e-01 3.500000000000000000e+02
1.062170989513397501e+00 2.950000000000000000e+02
1.190096905231476043e+00 2.330000000000000000e+02
1.318022820949554585e+00 1.960000000000000000e+02
1.445948736667633128e+00 1.850000000000000000e+02
1.573874652385711670e+00 1.590000000000000000e+02
1.701800568103791100e+00 1.270000000000000000e+02
1.829726483821869643e+00 1.180000000000000000e+02
1.957652399539948185e+00 8.500000000000000000e+01
2.085578315258026727e+00 5.600000000000000000e+01
2.213504230976105269e+00 4.800000000000000000e+01
2.341430146694183811e+00 5.000000000000000000e+01
2.469356062412262354e+00 2.000000000000000000e+01
2.597281978130340896e+00 1.400000000000000000e+01
2.725207893848419438e+00 1.400000000000000000e+01
2.853133809566497980e+00 7.000000000000000000e+00
2.981059725284576523e+00 1.000000000000000000e+00
3.108985641002655953e+00 3.000000000000000000e+00
