#     bins                         n
-3.138918502330779958e+00 2.000000000000000000e+00
-3.010241816043853547e+00 3.000000000000000000e+00
-2.881565129756927579e+00 7.000000000000000000e+00
-2.752888443470001167e+00 6.000000000000000000e+00
-2.624211757183074756e+00 1.300000000000000000e+01
-2.495535070896148788e+00 2.700000000000000000e+01
-2.366858384609222377e+00 3.300000000000000000e+01
-2.238181698322295965e+00 2.900000000000000000e+01
-2.109505012035369553e+00 4.400000000000000000e+01
-1.980828325748443586e+00 7.000000000000000000e+01
-1.852151639461517174e+00 8.400000000000000000e+01
-1.723474953174590985e+00 1.020000000000000000e+02
-1.594798266887664795e+00 1.170000000000000000e+02
-1.466121580600738383e+00 1.510000000000000000e+02
-1.337444894313812194e+00 1.540000000000000000e+02
-1.208768208026885782e+00 2.050000000000000000e+02
-1.080091521739959592e+00 2.110000000000000000e+02
-9.514148354530331808e-01 2.530000000000000000e+02
-8.227381491661072133e-01 2.940000000000000000e+02
-6.940614628791808016e-01 3.580000000000000000e+02
-5.653847765922543900e-01 3.590000000000000000e+02
-4.367080903053284224e-01 4.250000000000000000e+02
-3.080314040184020108e-01 4.970000000000000000e+02
-1.793547177314755992e-01 5.570000000000000000e+02
-5.067803144454963160e-02 5.740000000000000000e+02
7.799865484237678004e-02 5.880000000000000000e+02
2.066753411293031917e-01 5.390000000000000000e+02
3.353520274162296033e-01 4.880000000000000000e+02
4.640287137031555709e-01 4.730000000000000000e+02
5.927053999900819825e-01 4.270000000000000000e+02
7.213820862770083941e-01 3.510000000000000000e+02
8.500587725639343617e-01 3.740000000000000000e+02
9.787354588508607733e-01 3.050000000000000000e+02
1.107412145137787185e+00 3.090000000000000000e+02
1.236088831424713597e+00 2.490000000000000000e+02
1.364765517711640008e+00 2.460000000000000000e+02
1.493442203998565532e+00 2.020000000000000000e+02
1.622118890285491943e+00 1.790000000000000000e+02
1.750795576572418355e+00 1.270000000000000000e+02
1.879472262859344767e+00 1.250000000000000000e+02
2.008148949146271178e+00 7.900000000000000000e+01
2.136825635433197590e+00 7.400000000000000000e+01
2.265502321720123113e+00 5.700000000000000000e+01
2.394179008007049525e+00 5.500000000000000000e+01
2.522855694293975937e+00 3.600000000000000000e+01
2.651532380580902348e+00 2.000000000000000000e+01
2.780209066867828760e+00 1.800000000000000000e+01
2.908885753154755172e+00 5.000000000000000000e+00
3.037562439441680695e+00 2.000000000000000000e+00
3.166239125728607107e+00 3.000000000000000000e+00
