#     bins                         n
3.765016211196779705e-02 3.300000000000000000e+01
8.647190893068909534e-02 6.400000000000000000e+01
1.352936557494103798e-01 1.220000000000000000e+02
1.841154025681316919e-01 1.570000000000000000e+02
2.329371493868529763e-01 1.630000000000000000e+02
2.817588962055742607e-01 2.020000000000000000e+02
3.305806430242955729e-01 2.600000000000000000e+02
3.794023898430168296e-01 2.800000000000000000e+02
4.282241366617381417e-01 3.110000000000000000e+02
4.770458834804594539e-01 3.490000000000000000e+02
5.258676302991807106e-01 3.810000000000000000e+02
5.746893771179020227e-01 3.990000000000000000e+02
6.235111239366233349e-01 4.260000000000000000e+02
6.723328707553446471e-01 4.040000000000000000e+02
7.211546175740658482e-01 4.530000000000000000e+02
7.699763643927871604e-01 4.530000000000000000e+02
8.187981112115084725e-01 4.070000000000000000e+02
8.676198580302297847e-01 4.360000000000000000e+02
9.164416048489510969e-01 4.040000000000000000e+02
9.652633516676722980e-01 3.970000000000000000e+02
1.014085098486393610e+00 3.750000000000000000e+02
1.062906845305114922e+00 3.410000000000000000e+02
1.111728592123836235e+00 3.160000000000000000e+02
1.160550338942557547e+00 2.880000000000000000e+02
1.209372085761278859e+00 2.380000000000000000e+02
1.258193832580000171e+00 2.300000000000000000e+02
1.307015579398721483e+00 2.300000000000000000e+02
1.355837326217442573e+00 2.110000000000000000e+02
1.404659073036163885e+00 1.960000000000000000e+02
1.453480819854885198e+00 1.750000000000000000e+02
1.502302566673606510e+00 1.680000000000000000e+02
1.551124313492327822e+00 1.730000000000000000e+02
1.599946060311049134e+00 1.440000000000000000e+02
1.648767807129770446e+00 1.010000000000000000e+02
1.697589553948491758e+00 1.090000000000000000e+02
1.746411300767213071e+00 1.140000000000000000e+02
1.795233047585934383e+00 7.100000000000000000e+01
1.844054794404655695e+00 6.300000000000000000e+01
1.892876541223376785e+00 4.800000000000000000e+01
1.941698288042098097e+00 3.900000000000000000e+01
1.990520034860819409e+00 3.500000000000000000e+01
2.039341781679540500e+00 3.900000000000000000e+01
2.088163528498261812e+00 2.600000000000000000e+01
2.136985275316983124e+00 1.400000000000000000e+01
2.185807022135704436e+00 1.300000000000000000e+01
2.234628768954425748e+00 1.300000000000000000e+01
2.283450515773147060e+00 8.000000000000000000e+00
2.332272262591868373e+00 2.000000000000000000e+00
2.381094009410589685e+00 3.000000000000000000e+00
2.429915756229310997e+00 2.000000000000000000e+00
