#     bins                         n
-2.935140597820281805e+00 1.000000000000000000e+00
-2.814544641971588490e+00 6.000000000000000000e+00
-2.693948686122894287e+00 9.000000000000000000e+00
-2.573352730274200084e+00 1.800000000000000000e+01
-2.452756774425506769e+00 3.000000000000000000e+01
-2.332160818576812567e+00 2.700000000000000000e+01
-2.211564862728119252e+00 5.800000000000000000e+01
-2.090968906879425049e+00 6.000000000000000000e+01
-1.970372951030731068e+00 9.100000000000000000e+01
-1.849776995182037531e+00 9.700000000000000000e+01
-1.729181039333343550e+00 1.240000000000000000e+02
-1.608585083484649791e+00 1.530000000000000000e+02
-1.487989127635956033e+00 1.580000000000000000e+02
-1.367393171787262052e+00 1.590000000000000000e+02
-1.246797215938568293e+00 2.030000000000000000e+02
-1.126201260089874312e+00 2.250000000000000000e+02
-1.005605304241180553e+00 2.870000000000000000e+02
-8.850093483924867943e-01 3.870000000000000000e+02
-7.644133925437930355e-01 3.840000000000000000e+02
-6.438174366950988325e-01 4.590000000000000000e+02
-5.232214808464050737e-01 4.780000000000000000e+02
-4.026255249977113149e-01 4.550000000000000000e+02
-2.820295691490175560e-01 4.550000000000000000e+02
-1.614336133003237972e-01 4.350000000000000000e+02
-4.083765745163003835e-02 4.820000000000000000e+02
7.975829839706416458e-02 4.960000000000000000e+02
2.003542542457579234e-01 4.610000000000000000e+02
3.209502100944516823e-01 4.440000000000000000e+02
4.415461659431454411e-01 4.200000000000000000e+02
5.621421217918391999e-01 3.720000000000000000e+02
6.827380776405334029e-01 2.940000000000000000e+02
8.033340334892271617e-01 2.960000000000000000e+02
9.239299893379209205e-01 2.770000000000000000e+02
1.044525945186614679e+00 2.200000000000000000e+02
1.165121901035308438e+00 2.170000000000000000e+02
1.285717856884002641e+00 1.930000000000000000e+02
1.406313812732695956e+00 1.750000000000000000e+02
1.526909768581390159e+00 1.740000000000000000e+02
1.647505724430084362e+00 1.430000000000000000e+02
1.768101680278777676e+00 1.030000000000000000e+02
1.888697636127471879e+00 7.500000000000000000e+01
2.009293591976165416e+00 7.500000000000000000e+01
2.129889547824859619e+00 6.400000000000000000e+01
2.250485503673553822e+00 5.100000000000000000e+01
2.371081459522247137e+00 5.700000000000000000e+01
2.491677415370941340e+00 2.200000000000000000e+01
2.612273371219634654e+00 1.600000000000000000e+01
2.732869327068328857e+00 1.000000000000000000e+01
2.853465282917022172e+00 3.000000000000000000e+00
2.974061238765716375e+00 1.000000000000000000e+00
