#     bins                         n
-3.431813073158264338e+00 1.000000000000000000e+00
-3.300267672538756969e+00 0.000000000000000000e+00
-3.168722271919250488e+00 0.000000000000000000e+00
-3.037176871299744008e+00 5.000000000000000000e+00
-2.905631470680236639e+00 5.000000000000000000e+00
-2.774086070060730158e+00 1.100000000000000000e+01
-2.642540669441222789e+00 1.900000000000000000e+01
-2.510995268821716309e+00 2.300000000000000000e+01
-2.379449868202209828e+00 4.200000000000000000e+01
-2.247904467582702459e+00 5.000000000000000000e+01
-2.116359066963195978e+00 6.300000000000000000e+01
-1.984813666343688832e+00 8.200000000000000000e+01
-1.853268265724181907e+00 1.070000000000000000e+02
-1.721722865104675204e+00 1.210000000000000000e+02
-1.590177464485168279e+00 1.470000000000000000e+02
-1.458632063865661577e+00 1.610000000000000000e+02
-1.327086663246154652e+00 1.800000000000000000e+02
-1.195541262626647727e+00 2.100000000000000000e+02
-1.063995862007140802e+00 2.530000000000000000e+02
-9.324504613876343218e-01 2.730000000000000000e+02
-8.009050607681273970e-01 3.150000000000000000e+02
-6.693596601486204722e-01 3.500000000000000000e+02
-5.378142595291135475e-01 3.910000000000000000e+02
-4.062688589096066227e-01 5.000000000000000000e+02
-2.747234582900996980e-01 4.930000000000000000e+02
-1.431780576705932173e-01 5.240000000000000000e+02
-1.163265705108629255e-02 5.840000000000000000e+02
1.199127435684206322e-01 5.770000000000000000e+02
2.514581441879275570e-01 5.170000000000000000e+02
3.830035448074344817e-01 5.020000000000000000e+02
5.145489454269409624e-01 4.490000000000000000e+02
6.460943460464483312e-01 4.220000000000000000e+02
7.776397466659548119e-01 3.680000000000000000e+02
9.091851472854612926e-01 3.370000000000000000e+02
1.040730547904968661e+00 3.060000000000000000e+02
1.172275948524475142e+00 2.910000000000000000e+02
1.303821349143982511e+00 2.650000000000000000e+02
1.435366749763488992e+00 2.150000000000000000e+02
1.566912150382995472e+00 1.770000000000000000e+02
1.698457551002502841e+00 1.380000000000000000e+02
1.830002951622009322e+00 1.100000000000000000e+02
1.961548352241516691e+00 8.900000000000000000e+01
2.093093752861022949e+00 7.000000000000000000e+01
2.224639153480529430e+00 5.600000000000000000e+01
2.356184554100036799e+00 3.400000000000000000e+01
2.487729954719543279e+00 3.800000000000000000e+01
2.619275355339050648e+00 7.000000000000000000e+00
2.750820755958557129e+00 8.000000000000000000e+00
2.882366156578064498e+00 7.000000000000000000e+00
3.013911557197570978e+00 2.000000000000000000e+00
