#     bins                         n
-3.341557929515838410e+00 1.000000000000000000e+00
-3.206376402378082524e+00 2.000000000000000000e+00
-3.071194875240325750e+00 4.000000000000000000e+00
-2.936013348102569864e+00 8.000000000000000000e+00
-2.800831820964813090e+00 1.400000000000000000e+01
-2.665650293827057205e+00 2.400000000000000000e+01
-2.530468766689300431e+00 3.600000000000000000e+01
-2.395287239551543657e+00 4.900000000000000000e+01
-2.260105712413787771e+00 7.500000000000000000e+01
-2.124924185276030997e+00 7.500000000000000000e+01
-1.989742658138275333e+00 1.200000000000000000e+02
-1.854561131000518781e+00 1.340000000000000000e+02
-1.719379603862762229e+00 1.600000000000000000e+02
-1.584198076725005899e+00 1.950000000000000000e+02
-1.449016549587249569e+00 2.590000000000000000e+02
-1.313835022449493239e+00 2.830000000000000000e+02
-1.178653495311736910e+00 3.050000000000000000e+02
-1.043471968173980580e+00 3.570000000000000000e+02
-9.082904410362242498e-01 3.920000000000000000e+02
-7.731089138984679199e-01 4.700000000000000000e+02
-6.379273867607115900e-01 4.940000000000000000e+02
-5.027458596229552601e-01 5.500000000000000000e+02
-3.675643324851989302e-01 5.190000000000000000e+02
-2.323828053474426003e-01 5.540000000000000000e+02
-9.720127820968582633e-02 6.050000000000000000e+02
3.798024892807050357e-02 5.260000000000000000e+02
1.731617760658268335e-01 5.250000000000000000e+02
3.083433032035831634e-01 4.620000000000000000e+02
4.435248303413394932e-01 4.050000000000000000e+02
5.787063574790958231e-01 3.750000000000000000e+02
7.138878846168521530e-01 3.170000000000000000e+02
8.490694117546080388e-01 2.950000000000000000e+02
9.842509388923648128e-01 2.610000000000000000e+02
1.119432466030121587e+00 1.930000000000000000e+02
1.254613993167877473e+00 2.080000000000000000e+02
1.389795520305634247e+00 1.510000000000000000e+02
1.524977047443390132e+00 1.120000000000000000e+02
1.660158574581146906e+00 1.010000000000000000e+02
1.795340101718902792e+00 7.900000000000000000e+01
1.930521628856659566e+00 8.000000000000000000e+01
2.065703155994415674e+00 4.200000000000000000e+01
2.200884683132172448e+00 1.800000000000000000e+01
2.336066210269928334e+00 2.900000000000000000e+01
2.471247737407685108e+00 1.400000000000000000e+01
2.606429264545440994e+00 1.500000000000000000e+01
2.741610791683197768e+00 1.200000000000000000e+01
2.876792318820953653e+00 1.000000000000000000e+00
3.011973845958710427e+00 1.000000000000000000e+00
3.147155373096467201e+00 0.000000000000000000e+00
3.282336900234223087e+00 1.000000000000000000e+00
