#     bins                         n
-3.316356570720672359e+00 2.000000000000000000e+00
-3.179807875156402730e+00 5.000000000000000000e+00
-3.043259179592132213e+00 2.000000000000000000e+00
-2.906710484027862584e+00 8.000000000000000000e+00
-2.770161788463592067e+00 1.700000000000000000e+01
-2.633613092899322439e+00 2.200000000000000000e+01
-2.497064397335052810e+00 3.700000000000000000e+01
-2.360515701770782293e+00 3.800000000000000000e+01
-2.223967006206512664e+00 7.400000000000000000e+01
-2.087418310642242147e+00 8.100000000000000000e+01
-1.950869615077972297e+00 9.000000000000000000e+01
-1.814320919513702446e+00 1.160000000000000000e+02
-1.677772223949432373e+00 1.620000000000000000e+02
-1.541223528385162300e+00 1.390000000000000000e+02
-1.404674832820892449e+00 1.970000000000000000e+02
-1.268126137256622377e+00 2.010000000000000000e+02
-1.131577441692352304e+00 2.500000000000000000e+02
-9.950287461280822310e-01 2.770000000000000000e+02
-8.584800505638121582e-01 3.580000000000000000e+02
-7.219313549995420853e-01 4.010000000000000000e+02
-5.853826594352720125e-01 4.440000000000000000e+02
-4.488339638710023838e-01 4.970000000000000000e+02
-3.122852683067323110e-01 5.380000000000000000e+02
-1.757365727424622381e-01 5.900000000000000000e+02
-3.918787717819216532e-02 6.270000000000000000e+02
9.736081838607790750e-02 5.850000000000000000e+02
2.339095139503479803e-01 5.890000000000000000e+02
3.704582095146180531e-01 5.360000000000000000e+02
5.070069050788876819e-01 4.340000000000000000e+02
6.435556006431577547e-01 4.210000000000000000e+02
7.801042962074278275e-01 3.580000000000000000e+02
9.166529917716983444e-01 3.100000000000000000e+02
1.053201687335967973e+00 2.680000000000000000e+02
1.189750382900237602e+00 2.100000000000000000e+02
1.326299078464508119e+00 2.100000000000000000e+02
1.462847774028777748e+00 1.660000000000000000e+02
1.599396469593048264e+00 1.360000000000000000e+02
1.735945165157317893e+00 1.310000000000000000e+02
1.872493860721588410e+00 9.900000000000000000e+01
2.009042556285858261e+00 7.300000000000000000e+01
2.145591251850128778e+00 7.200000000000000000e+01
2.282139947414398407e+00 4.400000000000000000e+01
2.418688642978668035e+00 3.200000000000000000e+01
2.555237338542938552e+00 2.000000000000000000e+01
2.691786034107208181e+00 2.000000000000000000e+01
2.828334729671478698e+00 5.000000000000000000e+00
2.964883425235748327e+00 8.000000000000000000e+00
3.101432120800018843e+00 6.000000000000000000e+00
3.237980816364288472e+00 2.000000000000000000e+00
3.374529511928558101e+00 2.000000000000000000e+00
