#     bins                         n
-3.265028448104858150e+00 3.000000000000000000e+00
-3.131429109573364400e+00 2.000000000000000000e+00
-2.997829771041869762e+00 6.000000000000000000e+00
-2.864230432510376012e+00 9.000000000000000000e+00
-2.730631093978881374e+00 1.400000000000000000e+01
-2.597031755447387624e+00 2.500000000000000000e+01
-2.463432416915893874e+00 2.200000000000000000e+01
-2.329833078384399236e+00 4.000000000000000000e+01
-2.196233739852905487e+00 4.500000000000000000e+01
-2.062634401321410849e+00 7.400000000000000000e+01
-1.929035062789916877e+00 8.100000000000000000e+01
-1.795435724258422905e+00 1.190000000000000000e+02
-1.661836385726928711e+00 1.380000000000000000e+02
-1.528237047195434517e+00 1.670000000000000000e+02
-1.394637708663940545e+00 2.110000000000000000e+02
-1.261038370132446351e+00 2.360000000000000000e+02
-1.127439031600952157e+00 2.850000000000000000e+02
-9.938396930694579634e-01 3.050000000000000000e+02
-8.602403545379637695e-01 3.310000000000000000e+02
-7.266410160064695756e-01 4.190000000000000000e+02
-5.930416774749753817e-01 4.420000000000000000e+02
-4.594423389434816318e-01 4.410000000000000000e+02
-3.258430004119874379e-01 4.870000000000000000e+02
-1.922436618804932440e-01 5.010000000000000000e+02
-5.864432334899905008e-02 5.220000000000000000e+02
7.495501518249514383e-02 5.990000000000000000e+02
2.085543537139893377e-01 5.180000000000000000e+02
3.421536922454835317e-01 4.890000000000000000e+02
4.757530307769772815e-01 4.660000000000000000e+02
6.093523693084714754e-01 4.240000000000000000e+02
7.429517078399656693e-01 3.770000000000000000e+02
8.765510463714603073e-01 3.780000000000000000e+02
1.010150384902954057e+00 2.960000000000000000e+02
1.143749723434447807e+00 2.880000000000000000e+02
1.277349061965942445e+00 2.170000000000000000e+02
1.410948400497436195e+00 2.010000000000000000e+02
1.544547739028930833e+00 1.620000000000000000e+02
1.678147077560424583e+00 1.310000000000000000e+02
1.811746416091919221e+00 1.020000000000000000e+02
1.945345754623412970e+00 9.000000000000000000e+01
2.078945093154907831e+00 6.100000000000000000e+01
2.212544431686401580e+00 5.000000000000000000e+01
2.346143770217895330e+00 3.300000000000000000e+01
2.479743108749389968e+00 3.000000000000000000e+01
2.613342447280883718e+00 1.600000000000000000e+01
2.746941785812378356e+00 1.700000000000000000e+01
2.880541124343872106e+00 6.000000000000000000e+00
3.014140462875366744e+00 6.000000000000000000e+00
3.147739801406860494e+00 2.000000000000000000e+00
3.281339139938354243e+00 2.000000000000000000e+00
