#     bins                         n
-2.976955072879791331e+00 4.000000000000000000e+00
-2.854051043987274383e+00 2.000000000000000000e+00
-2.731147015094756991e+00 6.000000000000000000e+00
-2.608242986202240044e+00 1.500000000000000000e+01
-2.485338957309723096e+00 2.400000000000000000e+01
-2.362434928417205704e+00 4.500000000000000000e+01
-2.239530899524688756e+00 4.400000000000000000e+01
-2.116626870632171808e+00 6.500000000000000000e+01
-1.993722841739654861e+00 7.900000000000000000e+01
-1.870818812847137469e+00 7.400000000000000000e+01
-1.747914783954620521e+00 1.170000000000000000e+02
-1.625010755062103351e+00 1.450000000000000000e+02
-1.502106726169586182e+00 1.550000000000000000e+02
-1.379202697277069234e+00 2.010000000000000000e+02
-1.256298668384552064e+00 2.410000000000000000e+02
-1.133394639492035116e+00 2.630000000000000000e+02
-1.010490610599517947e+00 2.840000000000000000e+02
-8.875865817070009989e-01 3.390000000000000000e+02
-7.646825528144836071e-01 3.210000000000000000e+02
-6.417785239219666593e-01 3.880000000000000000e+02
-5.188744950294497116e-01 3.810000000000000000e+02
-3.959704661369323198e-01 4.450000000000000000e+02
-2.730664372444153720e-01 4.680000000000000000e+02
-1.501624083518984243e-01 4.490000000000000000e+02
-2.725837945938103246e-02 5.040000000000000000e+02
9.564564943313591527e-02 4.880000000000000000e+02
2.185496783256528630e-01 4.640000000000000000e+02
3.414537072181698107e-01 4.410000000000000000e+02
4.643577361106872026e-01 4.050000000000000000e+02
5.872617650032041503e-01 4.050000000000000000e+02
7.101657938957210980e-01 3.750000000000000000e+02
8.330698227882384899e-01 3.410000000000000000e+02
9.559738516807554376e-01 3.020000000000000000e+02
1.078877880573272385e+00 3.150000000000000000e+02
1.201781909465789333e+00 2.460000000000000000e+02
1.324685938358306281e+00 2.080000000000000000e+02
1.447589967250824117e+00 1.890000000000000000e+02
1.570493996143341064e+00 1.460000000000000000e+02
1.693398025035858012e+00 1.250000000000000000e+02
1.816302053928374960e+00 1.100000000000000000e+02
1.939206082820891908e+00 6.200000000000000000e+01
2.062110111713408855e+00 5.800000000000000000e+01
2.185014140605926691e+00 4.800000000000000000e+01
2.307918169498443639e+00 3.600000000000000000e+01
2.430822198390960587e+00 2.500000000000000000e+01
2.553726227283477535e+00 2.000000000000000000e+01
2.676630256175994482e+00 2.000000000000000000e+01
2.799534285068511430e+00 9.000000000000000000e+00
2.922438313961029266e+00 3.000000000000000000e+00
3.045342342853546214e+00 4.000000000000000000e+00
