#     bins                         n
3.446098911575973256e-02 3.000000000000000000e+01
8.730893389321862930e-02 7.700000000000000000e+01
1.401568786706775260e-01 1.440000000000000000e+02
1.930048234481364366e-01 2.310000000000000000e+02
2.458527682255953473e-01 2.580000000000000000e+02
2.987007130030542301e-01 3.130000000000000000e+02
3.515486577805131407e-01 3.050000000000000000e+02
4.043966025579720514e-01 3.850000000000000000e+02
4.572445473354309620e-01 3.870000000000000000e+02
5.100924921128898726e-01 4.370000000000000000e+02
5.629404368903486722e-01 4.150000000000000000e+02
6.157883816678075828e-01 4.520000000000000000e+02
6.686363264452664934e-01 4.210000000000000000e+02
7.214842712227254040e-01 4.650000000000000000e+02
7.743322160001843146e-01 4.350000000000000000e+02
8.271801607776432252e-01 4.170000000000000000e+02
8.800281055551021359e-01 4.030000000000000000e+02
9.328760503325610465e-01 3.850000000000000000e+02
9.857239951100199571e-01 3.690000000000000000e+02
1.038571939887478868e+00 3.460000000000000000e+02
1.091419884664937667e+00 3.630000000000000000e+02
1.144267829442396689e+00 2.930000000000000000e+02
1.197115774219855489e+00 2.930000000000000000e+02
1.249963718997314510e+00 2.390000000000000000e+02
1.302811663774773310e+00 2.500000000000000000e+02
1.355659608552232331e+00 2.150000000000000000e+02
1.408507553329691131e+00 1.890000000000000000e+02
1.461355498107150153e+00 1.790000000000000000e+02
1.514203442884608952e+00 1.630000000000000000e+02
1.567051387662067974e+00 1.480000000000000000e+02
1.619899332439526773e+00 1.300000000000000000e+02
1.672747277216985795e+00 1.080000000000000000e+02
1.725595221994444595e+00 1.210000000000000000e+02
1.778443166771903394e+00 8.800000000000000000e+01
1.831291111549362416e+00 7.900000000000000000e+01
1.884139056326821215e+00 6.900000000000000000e+01
1.936987001104280237e+00 6.200000000000000000e+01
1.989834945881739037e+00 5.000000000000000000e+01
2.042682890659198058e+00 4.200000000000000000e+01
2.095530835436656858e+00 3.400000000000000000e+01
2.148378780214115658e+00 2.200000000000000000e+01
2.201226724991574901e+00 1.700000000000000000e+01
2.254074669769033701e+00 1.800000000000000000e+01
2.306922614546492500e+00 7.000000000000000000e+00
2.359770559323951300e+00 1.200000000000000000e+01
2.412618504101410544e+00 3.000000000000000000e+00
2.465466448878869343e+00 2.000000000000000000e+00
2.518314393656328143e+00 1.100000000000000000e+01
2.571162338433786942e+00 2.000000000000000000e+00
2.624010283211245742e+00 2.000000000000000000e+00
