#     bins                         n
-3.311358485221862935e+00 1.000000000000000000e+00
-3.183025460243224636e+00 0.000000000000000000e+00
-3.054692435264587225e+00 0.000000000000000000e+00
-2.926359410285949814e+00 3.000000000000000000e+00
-2.798026385307312403e+00 5.000000000000000000e+00
-2.669693360328674103e+00 6.000000000000000000e+00
-2.541360335350036692e+00 1.900000000000000000e+01
-2.413027310371399281e+00 2.100000000000000000e+01
-2.284694285392760982e+00 3.200000000000000000e+01
-2.156361260414123571e+00 4.900000000000000000e+01
-2.028028235435486160e+00 9.300000000000000000e+01
-1.899695210456848082e+00 7.200000000000000000e+01
-1.771362185478210449e+00 1.200000000000000000e+02
-1.643029160499572816e+00 1.470000000000000000e+02
-1.514696135520934961e+00 1.760000000000000000e+02
-1.386363110542297328e+00 2.270000000000000000e+02
-1.258030085563659695e+00 2.760000000000000000e+02
-1.129697060585021839e+00 3.030000000000000000e+02
-1.001364035606384428e+00 3.070000000000000000e+02
-8.730310106277465731e-01 3.350000000000000000e+02
-7.446979856491091621e-01 3.900000000000000000e+02
-6.163649606704713069e-01 4.110000000000000000e+02
-4.880319356918334517e-01 4.330000000000000000e+02
-3.596989107131960406e-01 4.430000000000000000e+02
-2.313658857345581854e-01 4.690000000000000000e+02
-1.030328607559203302e-01 4.680000000000000000e+02
2.530016422271708088e-02 4.760000000000000000e+02
1.536331892013549361e-01 4.720000000000000000e+02
2.819662141799927912e-01 4.630000000000000000e+02
4.102992391586302023e-01 4.270000000000000000e+02
5.386322641372680575e-01 4.110000000000000000e+02
6.669652891159054686e-01 4.080000000000000000e+02
7.952983140945433238e-01 3.630000000000000000e+02
9.236313390731807349e-01 3.120000000000000000e+02
1.051964364051819034e+00 3.310000000000000000e+02
1.180297389030456445e+00 2.510000000000000000e+02
1.308630414009093856e+00 2.550000000000000000e+02
1.436963438987732156e+00 2.110000000000000000e+02
1.565296463966369567e+00 1.910000000000000000e+02
1.693629488945006978e+00 1.280000000000000000e+02
1.821962513923644389e+00 1.220000000000000000e+02
1.950295538902282688e+00 7.600000000000000000e+01
2.078628563880919877e+00 5.800000000000000000e+01
2.206961588859557288e+00 5.700000000000000000e+01
2.335294613838195588e+00 2.300000000000000000e+01
2.463627638816832999e+00 1.900000000000000000e+01
2.591960663795470410e+00 1.500000000000000000e+01
2.720293688774108709e+00 5.000000000000000000e+00
2.848626713752746120e+00 9.000000000000000000e+00
2.976959738731383531e+00 3.000000000000000000e+00
