#     bins                         n
-3.563989334106445028e+00 1.000000000000000000e+00
-3.423669376373291051e+00 3.000000000000000000e+00
-3.283349418640136186e+00 0.000000000000000000e+00
-3.143029460906982209e+00 3.000000000000000000e+00
-3.002709503173828232e+00 7.000000000000000000e+00
-2.862389545440673366e+00 1.000000000000000000e+01
-2.722069587707519389e+00 2.200000000000000000e+01
-2.581749629974365412e+00 1.800000000000000000e+01
-2.441429672241210547e+00 2.300000000000000000e+01
-2.301109714508056570e+00 3.100000000000000000e+01
-2.160789756774901704e+00 5.900000000000000000e+01
-2.020469799041747727e+00 7.200000000000000000e+01
-1.880149841308593528e+00 9.600000000000000000e+01
-1.739829883575439107e+00 1.250000000000000000e+02
-1.599509925842284908e+00 1.390000000000000000e+02
-1.459189968109130708e+00 2.130000000000000000e+02
-1.318870010375976287e+00 2.380000000000000000e+02
-1.178550052642821866e+00 2.820000000000000000e+02
-1.038230094909667445e+00 3.440000000000000000e+02
-8.979101371765134676e-01 3.710000000000000000e+02
-7.575901794433590464e-01 4.320000000000000000e+02
-6.172702217102046252e-01 4.710000000000000000e+02
-4.769502639770506480e-01 4.790000000000000000e+02
-3.366303062438962268e-01 5.180000000000000000e+02
-1.963103485107418056e-01 5.050000000000000000e+02
-5.599039077758738436e-02 5.280000000000000000e+02
8.432956695556703686e-02 5.170000000000000000e+02
2.246495246887210140e-01 5.440000000000000000e+02
3.649694824218754352e-01 4.670000000000000000e+02
5.052894401550298564e-01 4.740000000000000000e+02
6.456093978881838336e-01 4.610000000000000000e+02
7.859293556213386989e-01 4.100000000000000000e+02
9.262493133544926760e-01 3.960000000000000000e+02
1.066569271087646653e+00 3.320000000000000000e+02
1.206889228820801518e+00 2.840000000000000000e+02
1.347209186553955496e+00 2.280000000000000000e+02
1.487529144287110361e+00 1.920000000000000000e+02
1.627849102020264338e+00 1.600000000000000000e+02
1.768169059753418315e+00 1.150000000000000000e+02
1.908489017486573180e+00 1.020000000000000000e+02
2.048808975219727380e+00 5.600000000000000000e+01
2.189128932952881357e+00 3.900000000000000000e+01
2.329448890686036222e+00 4.600000000000000000e+01
2.469768848419190199e+00 3.100000000000000000e+01
2.610088806152344176e+00 2.000000000000000000e+01
2.750408763885499042e+00 1.100000000000000000e+01
2.890728721618653019e+00 8.000000000000000000e+00
3.031048679351807884e+00 1.000000000000000000e+00
3.171368637084961861e+00 1.000000000000000000e+00
3.311688594818115838e+00 5.000000000000000000e+00
