#     bins                         n
3.359794030897319400e-02 6.300000000000000000e+01
8.703243278898298296e-02 1.830000000000000000e+02
1.404669252689927927e-01 2.770000000000000000e+02
1.939014177490025748e-01 3.380000000000000000e+02
2.473359102290123845e-01 3.710000000000000000e+02
3.007704027090221666e-01 4.260000000000000000e+02
3.542048951890319208e-01 4.310000000000000000e+02
4.076393876690417306e-01 4.610000000000000000e+02
4.610738801490515404e-01 4.950000000000000000e+02
5.145083726290613502e-01 3.990000000000000000e+02
5.679428651090712155e-01 4.050000000000000000e+02
6.213773575890809697e-01 3.800000000000000000e+02
6.748118500690907240e-01 3.590000000000000000e+02
7.282463425491005893e-01 3.250000000000000000e+02
7.816808350291103435e-01 3.100000000000000000e+02
8.351153275091202088e-01 3.000000000000000000e+02
8.885498199891299631e-01 3.020000000000000000e+02
9.419843124691397174e-01 2.810000000000000000e+02
9.954188049491495827e-01 3.170000000000000000e+02
1.048853297429159337e+00 2.760000000000000000e+02
1.102287789909169202e+00 2.420000000000000000e+02
1.155722282389178845e+00 2.320000000000000000e+02
1.209156774869188711e+00 2.410000000000000000e+02
1.262591267349198576e+00 2.340000000000000000e+02
1.316025759829208219e+00 2.470000000000000000e+02
1.369460252309218085e+00 2.060000000000000000e+02
1.422894744789227950e+00 1.920000000000000000e+02
1.476329237269237815e+00 2.000000000000000000e+02
1.529763729749247458e+00 1.750000000000000000e+02
1.583198222229257324e+00 1.660000000000000000e+02
1.636632714709267189e+00 1.620000000000000000e+02
1.690067207189276832e+00 1.380000000000000000e+02
1.743501699669286698e+00 1.190000000000000000e+02
1.796936192149296563e+00 1.200000000000000000e+02
1.850370684629306206e+00 9.800000000000000000e+01
1.903805177109316071e+00 9.400000000000000000e+01
1.957239669589325937e+00 7.600000000000000000e+01
2.010674162069335580e+00 6.800000000000000000e+01
2.064108654549345445e+00 5.500000000000000000e+01
2.117543147029355310e+00 2.800000000000000000e+01
2.170977639509365176e+00 2.600000000000000000e+01
2.224412131989375041e+00 2.100000000000000000e+01
2.277846624469384462e+00 1.200000000000000000e+01
2.331281116949394328e+00 1.000000000000000000e+01
2.384715609429404193e+00 1.100000000000000000e+01
2.438150101909414058e+00 3.000000000000000000e+00
2.491584594389423923e+00 3.000000000000000000e+00
2.545019086869433789e+00 2.000000000000000000e+00
2.598453579349443210e+00 0.000000000000000000e+00
2.651888071829453075e+00 2.000000000000000000e+00
