#     bins                         n
-3.234425356388092254e+00 2.000000000000000000e+00
-3.101219565868377437e+00 0.000000000000000000e+00
-2.968013775348663508e+00 1.000000000000000000e+00
-2.834807984828948690e+00 3.000000000000000000e+00
-2.701602194309234761e+00 1.000000000000000000e+01
-2.568396403789519944e+00 1.800000000000000000e+01
-2.435190613269806015e+00 2.800000000000000000e+01
-2.301984822750092086e+00 4.000000000000000000e+01
-2.168779032230377268e+00 6.200000000000000000e+01
-2.035573241710663339e+00 6.500000000000000000e+01
-1.902367451190948522e+00 9.800000000000000000e+01
-1.769161660671234149e+00 1.100000000000000000e+02
-1.635955870151519997e+00 1.570000000000000000e+02
-1.502750079631805624e+00 2.010000000000000000e+02
-1.369544289112091251e+00 2.260000000000000000e+02
-1.236338498592376878e+00 2.580000000000000000e+02
-1.103132708072662505e+00 2.930000000000000000e+02
-9.699269175529481313e-01 3.070000000000000000e+02
-8.367211270332337580e-01 3.880000000000000000e+02
-7.035153365135193848e-01 3.880000000000000000e+02
-5.703095459938050116e-01 4.050000000000000000e+02
-4.371037554740906383e-01 4.850000000000000000e+02
-3.038979649543762651e-01 4.880000000000000000e+02
-1.706921744346618919e-01 4.930000000000000000e+02
-3.748638391494796274e-02 5.330000000000000000e+02
9.571940660476641050e-02 5.350000000000000000e+02
2.289251971244807837e-01 4.760000000000000000e+02
3.621309876441951570e-01 4.950000000000000000e+02
4.953367781639095302e-01 4.410000000000000000e+02
6.285425686836239034e-01 4.160000000000000000e+02
7.617483592033382767e-01 3.670000000000000000e+02
8.949541497230530940e-01 3.630000000000000000e+02
1.028159940242767023e+00 3.610000000000000000e+02
1.161365730762480952e+00 2.470000000000000000e+02
1.294571521282195770e+00 2.260000000000000000e+02
1.427777311801909699e+00 1.960000000000000000e+02
1.560983102321624516e+00 1.610000000000000000e+02
1.694188892841338445e+00 1.730000000000000000e+02
1.827394683361053263e+00 1.020000000000000000e+02
1.960600473880767192e+00 8.000000000000000000e+01
2.093806264400481787e+00 6.600000000000000000e+01
2.227012054920195716e+00 5.100000000000000000e+01
2.360217845439910533e+00 3.400000000000000000e+01
2.493423635959624463e+00 2.700000000000000000e+01
2.626629426479339280e+00 1.500000000000000000e+01
2.759835216999053209e+00 8.000000000000000000e+00
2.893041007518768026e+00 6.000000000000000000e+00
3.026246798038481955e+00 2.000000000000000000e+00
3.159452588558195885e+00 1.000000000000000000e+00
3.292658379077910702e+00 1.000000000000000000e+00
