#     bins                         n
-2.887241733074188410e+00 5.000000000000000000e+00
-2.768095171451568248e+00 9.000000000000000000e+00
-2.648948609828948975e+00 1.600000000000000000e+01
-2.529802048206329701e+00 2.500000000000000000e+01
-2.410655486583709539e+00 4.100000000000000000e+01
-2.291508924961090266e+00 5.500000000000000000e+01
-2.172362363338470104e+00 5.900000000000000000e+01
-2.053215801715850830e+00 8.400000000000000000e+01
-1.934069240093231112e+00 7.700000000000000000e+01
-1.814922678470611395e+00 9.300000000000000000e+01
-1.695776116847991899e+00 1.230000000000000000e+02
-1.576629555225372181e+00 1.380000000000000000e+02
-1.457482993602752464e+00 1.600000000000000000e+02
-1.338336431980132968e+00 1.740000000000000000e+02
-1.219189870357513250e+00 1.900000000000000000e+02
-1.100043308734893754e+00 2.420000000000000000e+02
-9.808967471122740367e-01 2.680000000000000000e+02
-8.617501854896543190e-01 2.720000000000000000e+02
-7.426036238670346012e-01 3.190000000000000000e+02
-6.234570622444153276e-01 3.480000000000000000e+02
-5.043105006217956099e-01 3.790000000000000000e+02
-3.851639389991758922e-01 4.280000000000000000e+02
-2.660173773765561744e-01 5.050000000000000000e+02
-1.468708157539364567e-01 5.230000000000000000e+02
-2.772425413131673899e-02 5.120000000000000000e+02
9.142230749130253464e-02 5.650000000000000000e+02
2.105688691139222524e-01 5.210000000000000000e+02
3.297154307365419701e-01 4.540000000000000000e+02
4.488619923591616878e-01 4.380000000000000000e+02
5.680085539817814055e-01 3.700000000000000000e+02
6.871551156044006792e-01 3.610000000000000000e+02
8.063016772270203969e-01 2.930000000000000000e+02
9.254482388496401146e-01 2.420000000000000000e+02
1.044594800472259832e+00 2.440000000000000000e+02
1.163741362094879550e+00 2.030000000000000000e+02
1.282887923717498824e+00 1.960000000000000000e+02
1.402034485340118986e+00 1.870000000000000000e+02
1.521181046962738259e+00 1.520000000000000000e+02
1.640327608585357533e+00 1.160000000000000000e+02
1.759474170207977695e+00 1.140000000000000000e+02
1.878620731830596968e+00 9.000000000000000000e+01
1.997767293453217130e+00 7.600000000000000000e+01
2.116913855075836182e+00 6.000000000000000000e+01
2.236060416698455455e+00 5.400000000000000000e+01
2.355206978321075617e+00 4.900000000000000000e+01
2.474353539943694891e+00 2.500000000000000000e+01
2.593500101566315053e+00 1.700000000000000000e+01
2.712646663188934326e+00 1.400000000000000000e+01
2.831793224811554488e+00 4.000000000000000000e+00
2.950939786434173762e+00 4.000000000000000000e+00
