#     bins                         n
-3.198925945758819722e+00 5.000000000000000000e+00
-3.066847245693206325e+00 9.000000000000000000e+00
-2.934768545627593817e+00 9.000000000000000000e+00
-2.802689845561981308e+00 1.200000000000000000e+01
-2.670611145496368799e+00 1.800000000000000000e+01
-2.538532445430755402e+00 2.400000000000000000e+01
-2.406453745365142893e+00 3.900000000000000000e+01
-2.274375045299530385e+00 5.800000000000000000e+01
-2.142296345233916988e+00 8.100000000000000000e+01
-2.010217645168304479e+00 8.000000000000000000e+01
-1.878138945102691748e+00 9.000000000000000000e+01
-1.746060245037078795e+00 1.190000000000000000e+02
-1.613981544971466064e+00 1.220000000000000000e+02
-1.481902844905853334e+00 1.410000000000000000e+02
-1.349824144840240381e+00 1.900000000000000000e+02
-1.217745444774627650e+00 2.110000000000000000e+02
-1.085666744709014919e+00 2.630000000000000000e+02
-9.535880446434019664e-01 3.020000000000000000e+02
-8.215093445777894576e-01 3.500000000000000000e+02
-6.894306445121765048e-01 3.950000000000000000e+02
-5.573519444465639960e-01 4.370000000000000000e+02
-4.252732443809510432e-01 5.180000000000000000e+02
-2.931945443153380904e-01 5.360000000000000000e+02
-1.611158442497255816e-01 5.520000000000000000e+02
-2.903714418411262876e-02 5.420000000000000000e+02
1.030415558815003241e-01 5.510000000000000000e+02
2.351202559471128328e-01 5.430000000000000000e+02
3.671989560127257857e-01 5.310000000000000000e+02
4.992776560783387385e-01 4.490000000000000000e+02
6.313563561439512473e-01 4.800000000000000000e+02
7.634350562095642001e-01 3.530000000000000000e+02
8.955137562751771529e-01 3.100000000000000000e+02
1.027592456340789662e+00 2.600000000000000000e+02
1.159671156406402170e+00 2.270000000000000000e+02
1.291749856472015567e+00 1.970000000000000000e+02
1.423828556537628076e+00 1.810000000000000000e+02
1.555907256603240585e+00 1.480000000000000000e+02
1.687985956668853982e+00 1.210000000000000000e+02
1.820064656734466491e+00 1.020000000000000000e+02
1.952143356800078999e+00 8.400000000000000000e+01
2.084222056865691286e+00 6.500000000000000000e+01
2.216300756931304683e+00 5.700000000000000000e+01
2.348379456996917192e+00 3.600000000000000000e+01
2.480458157062529700e+00 2.800000000000000000e+01
2.612536857128143097e+00 2.500000000000000000e+01
2.744615557193755606e+00 1.500000000000000000e+01
2.876694257259368115e+00 1.400000000000000000e+01
3.008772957324981512e+00 7.000000000000000000e+00
3.140851657390594021e+00 2.000000000000000000e+00
3.272930357456206529e+00 1.000000000000000000e+00
