#     bins                         n
-2.847666227817535312e+00 4.000000000000000000e+00
-2.723435771465301247e+00 8.000000000000000000e+00
-2.599205315113067627e+00 1.200000000000000000e+01
-2.474974858760833563e+00 1.800000000000000000e+01
-2.350744402408599942e+00 2.900000000000000000e+01
-2.226513946056365878e+00 4.500000000000000000e+01
-2.102283489704131814e+00 4.800000000000000000e+01
-1.978053033351898193e+00 6.500000000000000000e+01
-1.853822576999664129e+00 1.010000000000000000e+02
-1.729592120647430287e+00 1.330000000000000000e+02
-1.605361664295196444e+00 1.540000000000000000e+02
-1.481131207942962602e+00 1.600000000000000000e+02
-1.356900751590728760e+00 2.000000000000000000e+02
-1.232670295238494917e+00 2.230000000000000000e+02
-1.108439838886260853e+00 2.780000000000000000e+02
-9.842093825340270108e-01 2.890000000000000000e+02
-8.599789261817931685e-01 3.200000000000000000e+02
-7.357484698295593262e-01 3.740000000000000000e+02
-6.115180134773252618e-01 4.480000000000000000e+02
-4.872875571250916416e-01 4.600000000000000000e+02
-3.630571007728575772e-01 4.500000000000000000e+02
-2.388266444206239569e-01 4.480000000000000000e+02
-1.145961880683898926e-01 4.670000000000000000e+02
9.634268283844171776e-03 4.620000000000000000e+02
1.338647246360777920e-01 4.590000000000000000e+02
2.580951809883118564e-01 4.640000000000000000e+02
3.823256373405454767e-01 4.680000000000000000e+02
5.065560936927795410e-01 4.320000000000000000e+02
6.307865500450136054e-01 4.110000000000000000e+02
7.550170063972472256e-01 3.180000000000000000e+02
8.792474627494812900e-01 3.000000000000000000e+02
1.003477919101714910e+00 3.040000000000000000e+02
1.127708375453948975e+00 2.480000000000000000e+02
1.251938831806182595e+00 2.240000000000000000e+02
1.376169288158416659e+00 2.090000000000000000e+02
1.500399744510650724e+00 1.740000000000000000e+02
1.624630200862884788e+00 1.680000000000000000e+02
1.748860657215117964e+00 1.270000000000000000e+02
1.873091113567352028e+00 1.000000000000000000e+02
1.997321569919586093e+00 9.200000000000000000e+01
2.121552026271820157e+00 7.100000000000000000e+01
2.245782482624054222e+00 5.700000000000000000e+01
2.370012938976287398e+00 2.900000000000000000e+01
2.494243395328521462e+00 1.900000000000000000e+01
2.618473851680755526e+00 1.900000000000000000e+01
2.742704308032989591e+00 7.000000000000000000e+00
2.866934764385223655e+00 6.000000000000000000e+00
2.991165220737456831e+00 3.000000000000000000e+00
3.115395677089690896e+00 0.000000000000000000e+00
3.239626133441924960e+00 1.000000000000000000e+00
