#     bins                         n
3.199771853163838053e-02 2.500000000000000000e+01
8.230878224596381576e-02 9.000000000000000000e+01
1.326198459602892510e-01 1.400000000000000000e+02
1.829309096746146723e-01 1.530000000000000000e+02
2.332419733889400937e-01 1.990000000000000000e+02
2.835530371032655705e-01 2.030000000000000000e+02
3.338641008175909919e-01 2.910000000000000000e+02
3.841751645319164132e-01 2.970000000000000000e+02
4.344862282462418346e-01 3.460000000000000000e+02
4.847972919605672559e-01 3.240000000000000000e+02
5.351083556748926773e-01 3.900000000000000000e+02
5.854194193892180431e-01 4.320000000000000000e+02
6.357304831035435200e-01 3.980000000000000000e+02
6.860415468178688858e-01 4.250000000000000000e+02
7.363526105321943627e-01 4.690000000000000000e+02
7.866636742465197285e-01 4.390000000000000000e+02
8.369747379608452054e-01 4.310000000000000000e+02
8.872858016751706822e-01 4.510000000000000000e+02
9.375968653894960481e-01 4.040000000000000000e+02
9.879079291038215249e-01 3.850000000000000000e+02
1.038218992818147113e+00 3.440000000000000000e+02
1.088530056532472479e+00 2.800000000000000000e+02
1.138841120246797844e+00 3.060000000000000000e+02
1.189152183961123210e+00 2.680000000000000000e+02
1.239463247675448798e+00 2.640000000000000000e+02
1.289774311389774164e+00 2.810000000000000000e+02
1.340085375104099530e+00 2.500000000000000000e+02
1.390396438818425118e+00 2.320000000000000000e+02
1.440707502532750484e+00 1.990000000000000000e+02
1.491018566247075849e+00 1.830000000000000000e+02
1.541329629961401215e+00 1.300000000000000000e+02
1.591640693675726803e+00 1.500000000000000000e+02
1.641951757390052169e+00 1.060000000000000000e+02
1.692262821104377535e+00 1.040000000000000000e+02
1.742573884818703123e+00 1.130000000000000000e+02
1.792884948533028489e+00 7.200000000000000000e+01
1.843196012247353854e+00 8.400000000000000000e+01
1.893507075961679220e+00 6.200000000000000000e+01
1.943818139676004808e+00 4.000000000000000000e+01
1.994129203390330174e+00 3.800000000000000000e+01
2.044440267104655540e+00 3.400000000000000000e+01
2.094751330818980684e+00 3.000000000000000000e+01
2.145062394533306271e+00 1.600000000000000000e+01
2.195373458247631859e+00 1.100000000000000000e+01
2.245684521961957003e+00 9.000000000000000000e+00
2.295995585676282591e+00 4.000000000000000000e+00
2.346306649390607735e+00 3.000000000000000000e+00
2.396617713104933323e+00 0.000000000000000000e+00
2.446928776819258911e+00 1.000000000000000000e+00
2.497239840533584054e+00 1.000000000000000000e+00
