#     bins                         n
-3.294290075302123810e+00 2.000000000000000000e+00
-3.154305009841919194e+00 1.000000000000000000e+00
-3.014319944381713690e+00 1.000000000000000000e+01
-2.874334878921509073e+00 1.000000000000000000e+01
-2.734349813461303569e+00 1.500000000000000000e+01
-2.594364748001098953e+00 2.600000000000000000e+01
-2.454379682540893448e+00 4.400000000000000000e+01
-2.314394617080687944e+00 6.900000000000000000e+01
-2.174409551620483327e+00 9.200000000000000000e+01
-2.034424486160277823e+00 1.030000000000000000e+02
-1.894439420700073207e+00 1.100000000000000000e+02
-1.754454355239868146e+00 1.310000000000000000e+02
-1.614469289779662864e+00 1.490000000000000000e+02
-1.474484224319457804e+00 1.640000000000000000e+02
-1.334499158859252743e+00 1.960000000000000000e+02
-1.194514093399047683e+00 2.240000000000000000e+02
-1.054529027938842622e+00 2.550000000000000000e+02
-9.145439624786375621e-01 2.710000000000000000e+02
-7.745588970184325017e-01 3.460000000000000000e+02
-6.345738315582274414e-01 3.270000000000000000e+02
-4.945887660980223810e-01 4.800000000000000000e+02
-3.546037006378173206e-01 5.190000000000000000e+02
-2.146186351776122603e-01 6.880000000000000000e+02
-7.463356971740719992e-02 7.180000000000000000e+02
6.535149574279830453e-02 7.580000000000000000e+02
2.053365612030033649e-01 6.590000000000000000e+02
3.453216266632084253e-01 6.030000000000000000e+02
4.853066921234134856e-01 4.600000000000000000e+02
6.252917575836185460e-01 3.840000000000000000e+02
7.652768230438231623e-01 3.230000000000000000e+02
9.052618885040286667e-01 2.920000000000000000e+02
1.045246953964233283e+00 2.470000000000000000e+02
1.185232019424438787e+00 2.110000000000000000e+02
1.325217084884644292e+00 2.020000000000000000e+02
1.465202150344848908e+00 1.880000000000000000e+02
1.605187215805054413e+00 1.320000000000000000e+02
1.745172281265259029e+00 1.160000000000000000e+02
1.885157346725464533e+00 8.900000000000000000e+01
2.025142412185669372e+00 8.200000000000000000e+01
2.165127477645874876e+00 5.700000000000000000e+01
2.305112543106079492e+00 4.100000000000000000e+01
2.445097608566284997e+00 4.200000000000000000e+01
2.585082674026489613e+00 2.100000000000000000e+01
2.725067739486695118e+00 1.700000000000000000e+01
2.865052804946899734e+00 1.000000000000000000e+01
3.005037870407105238e+00 1.000000000000000000e+01
3.145022935867309855e+00 6.000000000000000000e+00
3.285008001327515359e+00 3.000000000000000000e+00
3.424993066787720863e+00 0.000000000000000000e+00
3.564978132247925480e+00 1.000000000000000000e+00
