#     bins                         n
-3.235024518966675089e+00 2.000000000000000000e+00
-3.097791395187377894e+00 3.000000000000000000e+00
-2.960558271408081588e+00 7.000000000000000000e+00
-2.823325147628784393e+00 1.000000000000000000e+01
-2.686092023849487198e+00 1.100000000000000000e+01
-2.548858900070190892e+00 2.000000000000000000e+01
-2.411625776290893697e+00 2.900000000000000000e+01
-2.274392652511596502e+00 3.600000000000000000e+01
-2.137159528732300195e+00 5.500000000000000000e+01
-1.999926404953003223e+00 7.500000000000000000e+01
-1.862693281173706250e+00 1.090000000000000000e+02
-1.725460157394409277e+00 1.260000000000000000e+02
-1.588227033615112527e+00 1.640000000000000000e+02
-1.450993909835815776e+00 2.080000000000000000e+02
-1.313760786056518803e+00 2.420000000000000000e+02
-1.176527662277221831e+00 2.670000000000000000e+02
-1.039294538497925080e+00 3.160000000000000000e+02
-9.020614147186283294e-01 3.680000000000000000e+02
-7.648282909393315787e-01 4.230000000000000000e+02
-6.275951671600343840e-01 4.530000000000000000e+02
-4.903620433807376333e-01 4.600000000000000000e+02
-3.531289196014408827e-01 4.740000000000000000e+02
-2.158957958221436879e-01 5.350000000000000000e+02
-7.866267204284693726e-02 5.140000000000000000e+02
5.857045173644981340e-02 4.840000000000000000e+02
1.958035755157465641e-01 4.900000000000000000e+02
3.330366992950433147e-01 4.850000000000000000e+02
4.702698230743405095e-01 4.980000000000000000e+02
6.075029468536372601e-01 4.550000000000000000e+02
7.447360706329340108e-01 4.250000000000000000e+02
8.819691944122312055e-01 3.800000000000000000e+02
1.019202318191527512e+00 3.480000000000000000e+02
1.156435441970824707e+00 2.830000000000000000e+02
1.293668565750121902e+00 2.700000000000000000e+02
1.430901689529418208e+00 1.880000000000000000e+02
1.568134813308715403e+00 1.600000000000000000e+02
1.705367937088011709e+00 1.120000000000000000e+02
1.842601060867308904e+00 1.220000000000000000e+02
1.979834184646606099e+00 9.000000000000000000e+01
2.117067308425902183e+00 5.400000000000000000e+01
2.254300432205199378e+00 4.400000000000000000e+01
2.391533555984496573e+00 4.000000000000000000e+01
2.528766679763792879e+00 2.300000000000000000e+01
2.665999803543090074e+00 1.600000000000000000e+01
2.803232927322387269e+00 1.000000000000000000e+01
2.940466051101683576e+00 1.000000000000000000e+00
3.077699174880980770e+00 3.000000000000000000e+00
3.214932298660277077e+00 0.000000000000000000e+00
3.352165422439574272e+00 1.000000000000000000e+00
3.489398546218871466e+00 1.000000000000000000e+00
