#     bins                         n
2.867595879826694699e-02 6.100000000000000000e+01
7.935659765731542525e-02 1.510000000000000000e+02
1.300372365163639243e-01 2.480000000000000000e+02
1.807178753754123957e-01 3.020000000000000000e+02
2.313985142344608947e-01 3.110000000000000000e+02
2.820791530935093938e-01 3.540000000000000000e+02
3.327597919525578374e-01 3.960000000000000000e+02
3.834404308116063365e-01 3.920000000000000000e+02
4.341210696706548355e-01 3.810000000000000000e+02
4.848017085297033346e-01 3.880000000000000000e+02
5.354823473887517782e-01 3.580000000000000000e+02
5.861629862478002773e-01 3.380000000000000000e+02
6.368436251068486653e-01 3.540000000000000000e+02
6.875242639658971644e-01 3.640000000000000000e+02
7.382049028249456635e-01 3.580000000000000000e+02
7.888855416839941626e-01 3.410000000000000000e+02
8.395661805430426616e-01 3.230000000000000000e+02
8.902468194020911607e-01 3.030000000000000000e+02
9.409274582611396598e-01 2.800000000000000000e+02
9.916080971201881589e-01 2.790000000000000000e+02
1.042288735979236769e+00 2.880000000000000000e+02
1.092969374838285157e+00 2.620000000000000000e+02
1.143650013697333767e+00 2.480000000000000000e+02
1.194330652556382155e+00 2.400000000000000000e+02
1.245011291415430543e+00 2.610000000000000000e+02
1.295691930274479153e+00 2.260000000000000000e+02
1.346372569133527541e+00 2.260000000000000000e+02
1.397053207992576151e+00 1.880000000000000000e+02
1.447733846851624540e+00 2.080000000000000000e+02
1.498414485710673150e+00 1.750000000000000000e+02
1.549095124569721538e+00 1.760000000000000000e+02
1.599775763428770148e+00 1.620000000000000000e+02
1.650456402287818536e+00 1.510000000000000000e+02
1.701137041146866924e+00 1.400000000000000000e+02
1.751817680005915534e+00 1.360000000000000000e+02
1.802498318864963922e+00 1.230000000000000000e+02
1.853178957724012532e+00 9.400000000000000000e+01
1.903859596583060920e+00 9.000000000000000000e+01
1.954540235442109530e+00 7.900000000000000000e+01
2.005220874301157696e+00 5.200000000000000000e+01
2.055901513160206306e+00 2.900000000000000000e+01
2.106582152019254472e+00 2.700000000000000000e+01
2.157262790878303083e+00 1.500000000000000000e+01
2.207943429737351693e+00 9.000000000000000000e+00
2.258624068596400303e+00 8.000000000000000000e+00
2.309304707455448469e+00 3.000000000000000000e+00
2.359985346314497079e+00 1.000000000000000000e+00
2.410665985173545689e+00 2.000000000000000000e+00
2.461346624032593855e+00 0.000000000000000000e+00
2.512027262891642465e+00 1.000000000000000000e+00
