#     bins                         n
3.961175993084907476e-02 2.600000000000000000e+01
9.207973822951316667e-02 8.300000000000000000e+01
1.445477165281772725e-01 1.350000000000000000e+02
1.970156948268413366e-01 1.770000000000000000e+02
2.494836731255054563e-01 2.150000000000000000e+02
3.019516514241695759e-01 2.520000000000000000e+02
3.544196297228336401e-01 2.910000000000000000e+02
4.068876080214977042e-01 3.530000000000000000e+02
4.593555863201618239e-01 3.890000000000000000e+02
5.118235646188259436e-01 4.340000000000000000e+02
5.642915429174900632e-01 4.590000000000000000e+02
6.167595212161540719e-01 4.450000000000000000e+02
6.692274995148181915e-01 4.670000000000000000e+02
7.216954778134823112e-01 5.060000000000000000e+02
7.741634561121463198e-01 4.300000000000000000e+02
8.266314344108104395e-01 4.510000000000000000e+02
8.790994127094745592e-01 4.520000000000000000e+02
9.315673910081386788e-01 3.940000000000000000e+02
9.840353693068027985e-01 3.910000000000000000e+02
1.036503347605466585e+00 3.400000000000000000e+02
1.088971325904130927e+00 3.680000000000000000e+02
1.141439304202794824e+00 3.230000000000000000e+02
1.193907282501458944e+00 2.860000000000000000e+02
1.246375260800123064e+00 2.330000000000000000e+02
1.298843239098787183e+00 2.530000000000000000e+02
1.351311217397451303e+00 1.880000000000000000e+02
1.403779195696115423e+00 2.460000000000000000e+02
1.456247173994779542e+00 1.860000000000000000e+02
1.508715152293443440e+00 1.710000000000000000e+02
1.561183130592107560e+00 1.280000000000000000e+02
1.613651108890771679e+00 1.140000000000000000e+02
1.666119087189435799e+00 1.020000000000000000e+02
1.718587065488099919e+00 9.300000000000000000e+01
1.771055043786764038e+00 1.090000000000000000e+02
1.823523022085428158e+00 8.200000000000000000e+01
1.875991000384092278e+00 7.000000000000000000e+01
1.928458978682756397e+00 5.000000000000000000e+01
1.980926956981420295e+00 4.300000000000000000e+01
2.033394935280084415e+00 4.700000000000000000e+01
2.085862913578748756e+00 2.600000000000000000e+01
2.138330891877413098e+00 2.200000000000000000e+01
2.190798870176076996e+00 2.200000000000000000e+01
2.243266848474740893e+00 2.200000000000000000e+01
2.295734826773405235e+00 1.500000000000000000e+01
2.348202805072069133e+00 1.000000000000000000e+01
2.400670783370733474e+00 5.000000000000000000e+00
2.453138761669397372e+00 3.000000000000000000e+00
2.505606739968061714e+00 1.000000000000000000e+00
2.558074718266725611e+00 1.000000000000000000e+00
2.610542696565389509e+00 3.000000000000000000e+00
