#     bins                         n
-2.885830435752868794e+00 1.000000000000000000e+00
-2.767908196449279323e+00 2.000000000000000000e+00
-2.649985957145690740e+00 3.000000000000000000e+00
-2.532063717842102157e+00 1.600000000000000000e+01
-2.414141478538513574e+00 1.300000000000000000e+01
-2.296219239234924103e+00 3.800000000000000000e+01
-2.178296999931335520e+00 4.900000000000000000e+01
-2.060374760627746937e+00 6.100000000000000000e+01
-1.942452521324157688e+00 9.400000000000000000e+01
-1.824530282020568883e+00 1.340000000000000000e+02
-1.706608042716980078e+00 1.410000000000000000e+02
-1.588685803413391051e+00 1.790000000000000000e+02
-1.470763564109802246e+00 2.140000000000000000e+02
-1.352841324806213441e+00 2.290000000000000000e+02
-1.234919085502624414e+00 2.450000000000000000e+02
-1.116996846199035609e+00 2.710000000000000000e+02
-9.990746068954468040e-01 2.650000000000000000e+02
-8.811523675918577769e-01 3.050000000000000000e+02
-7.632301282882691940e-01 3.220000000000000000e+02
-6.453078889846801669e-01 3.570000000000000000e+02
-5.273856496810915839e-01 3.340000000000000000e+02
-4.094634103775025569e-01 3.480000000000000000e+02
-2.915411710739135298e-01 4.240000000000000000e+02
-1.736189317703249468e-01 4.330000000000000000e+02
-5.569669246673591978e-02 4.930000000000000000e+02
6.222554683685310728e-02 4.960000000000000000e+02
1.801477861404416903e-01 4.300000000000000000e+02
2.980700254440307173e-01 4.650000000000000000e+02
4.159922647476197444e-01 3.870000000000000000e+02
5.339145040512083273e-01 3.540000000000000000e+02
6.518367433547973544e-01 3.560000000000000000e+02
7.697589826583859374e-01 3.210000000000000000e+02
8.876812219619749644e-01 3.210000000000000000e+02
1.005603461265563991e+00 3.220000000000000000e+02
1.123525700569153019e+00 2.460000000000000000e+02
1.241447939872741602e+00 2.530000000000000000e+02
1.359370179176330184e+00 1.990000000000000000e+02
1.477292418479919656e+00 1.650000000000000000e+02
1.595214657783508239e+00 1.480000000000000000e+02
1.713136897087096822e+00 1.120000000000000000e+02
1.831059136390685405e+00 1.010000000000000000e+02
1.948981375694274876e+00 8.200000000000000000e+01
2.066903614997863237e+00 4.300000000000000000e+01
2.184825854301451820e+00 3.700000000000000000e+01
2.302748093605041291e+00 3.800000000000000000e+01
2.420670332908629874e+00 2.100000000000000000e+01
2.538592572212218457e+00 1.100000000000000000e+01
2.656514811515807928e+00 1.100000000000000000e+01
2.774437050819396511e+00 3.000000000000000000e+00
2.892359290122985094e+00 2.000000000000000000e+00
