#     bins                         n
3.439315297640860303e-02 5.600000000000000000e+01
8.274876925162970298e-02 1.000000000000000000e+02
1.311043855268508029e-01 1.520000000000000000e+02
1.794600018020719168e-01 2.000000000000000000e+02
2.278156180772930306e-01 2.490000000000000000e+02
2.761712343525141722e-01 2.560000000000000000e+02
3.245268506277352305e-01 2.920000000000000000e+02
3.728824669029563443e-01 3.420000000000000000e+02
4.212380831781774582e-01 3.390000000000000000e+02
4.695936994533985720e-01 3.800000000000000000e+02
5.179493157286196858e-01 3.900000000000000000e+02
5.663049320038406886e-01 3.840000000000000000e+02
6.146605482790618025e-01 4.150000000000000000e+02
6.630161645542829163e-01 3.900000000000000000e+02
7.113717808295040301e-01 4.030000000000000000e+02
7.597273971047251440e-01 3.960000000000000000e+02
8.080830133799462578e-01 3.320000000000000000e+02
8.564386296551673716e-01 3.200000000000000000e+02
9.047942459303884855e-01 3.350000000000000000e+02
9.531498622056095993e-01 2.980000000000000000e+02
1.001505478480830824e+00 2.810000000000000000e+02
1.049861094756051827e+00 2.940000000000000000e+02
1.098216711031272830e+00 2.530000000000000000e+02
1.146572327306494055e+00 2.880000000000000000e+02
1.194927943581715057e+00 2.780000000000000000e+02
1.243283559856936282e+00 2.250000000000000000e+02
1.291639176132157285e+00 2.480000000000000000e+02
1.339994792407378510e+00 2.150000000000000000e+02
1.388350408682599513e+00 2.060000000000000000e+02
1.436706024957820738e+00 2.000000000000000000e+02
1.485061641233041740e+00 1.710000000000000000e+02
1.533417257508262965e+00 1.520000000000000000e+02
1.581772873783483968e+00 1.500000000000000000e+02
1.630128490058704971e+00 1.380000000000000000e+02
1.678484106333926196e+00 1.360000000000000000e+02
1.726839722609147199e+00 1.120000000000000000e+02
1.775195338884368423e+00 1.000000000000000000e+02
1.823550955159589426e+00 1.060000000000000000e+02
1.871906571434810651e+00 8.400000000000000000e+01
1.920262187710031654e+00 6.700000000000000000e+01
1.968617803985252879e+00 5.200000000000000000e+01
2.016973420260474104e+00 4.200000000000000000e+01
2.065329036535695106e+00 2.700000000000000000e+01
2.113684652810916109e+00 1.800000000000000000e+01
2.162040269086137112e+00 1.500000000000000000e+01
2.210395885361358559e+00 8.000000000000000000e+00
2.258751501636579562e+00 3.000000000000000000e+00
2.307107117911800565e+00 1.000000000000000000e+00
2.355462734187021567e+00 0.000000000000000000e+00
2.403818350462242570e+00 1.000000000000000000e+00
