#     bins                         n
2.814138578251004080e-02 7.100000000000000000e+01
7.609326457604764782e-02 1.250000000000000000e+02
1.240451433695852757e-01 2.220000000000000000e+02
1.719970221631228757e-01 2.260000000000000000e+02
2.199489009566605036e-01 2.680000000000000000e+02
2.679007797501981036e-01 2.920000000000000000e+02
3.158526585437356760e-01 3.030000000000000000e+02
3.638045373372733038e-01 2.980000000000000000e+02
4.117564161308109316e-01 3.260000000000000000e+02
4.597082949243485595e-01 2.900000000000000000e+02
5.076601737178861873e-01 3.450000000000000000e+02
5.556120525114237596e-01 3.300000000000000000e+02
6.035639313049613319e-01 3.470000000000000000e+02
6.515158100984990153e-01 3.220000000000000000e+02
6.994676888920365876e-01 3.520000000000000000e+02
7.474195676855742709e-01 3.670000000000000000e+02
7.953714464791118433e-01 3.000000000000000000e+02
8.433233252726494156e-01 3.040000000000000000e+02
8.912752040661870989e-01 3.330000000000000000e+02
9.392270828597246712e-01 3.480000000000000000e+02
9.871789616532623546e-01 3.170000000000000000e+02
1.035130840446800038e+00 3.170000000000000000e+02
1.083082719240337610e+00 3.010000000000000000e+02
1.131034598033875183e+00 3.320000000000000000e+02
1.178986476827412755e+00 3.340000000000000000e+02
1.226938355620950549e+00 2.520000000000000000e+02
1.274890234414488122e+00 2.350000000000000000e+02
1.322842113208025694e+00 2.380000000000000000e+02
1.370793992001563266e+00 1.910000000000000000e+02
1.418745870795100839e+00 1.790000000000000000e+02
1.466697749588638633e+00 1.820000000000000000e+02
1.514649628382176205e+00 1.560000000000000000e+02
1.562601507175713778e+00 1.490000000000000000e+02
1.610553385969251350e+00 1.650000000000000000e+02
1.658505264762788922e+00 1.410000000000000000e+02
1.706457143556326717e+00 1.150000000000000000e+02
1.754409022349864289e+00 1.110000000000000000e+02
1.802360901143401861e+00 1.020000000000000000e+02
1.850312779936939434e+00 7.900000000000000000e+01
1.898264658730477006e+00 7.100000000000000000e+01
1.946216537524014800e+00 4.300000000000000000e+01
1.994168416317552373e+00 3.900000000000000000e+01
2.042120295111089945e+00 2.100000000000000000e+01
2.090072173904627739e+00 2.400000000000000000e+01
2.138024052698165089e+00 1.800000000000000000e+01
2.185975931491702884e+00 1.600000000000000000e+01
2.233927810285240234e+00 5.000000000000000000e+00
2.281879689078778028e+00 1.000000000000000000e+00
2.329831567872315379e+00 2.000000000000000000e+00
2.377783446665853173e+00 1.000000000000000000e+00
