#     bins                         n
-3.294510841369628906e+00 3.000000000000000000e+00
-3.161000728607177734e+00 1.000000000000000000e+00
-3.027490615844726562e+00 5.000000000000000000e+00
-2.893980503082275391e+00 5.000000000000000000e+00
-2.760470390319824219e+00 1.000000000000000000e+01
-2.626960277557373047e+00 2.600000000000000000e+01
-2.493450164794921875e+00 3.200000000000000000e+01
-2.359940052032470703e+00 3.600000000000000000e+01
-2.226429939270019531e+00 4.800000000000000000e+01
-2.092919826507568359e+00 5.400000000000000000e+01
-1.959409713745117188e+00 8.200000000000000000e+01
-1.825899600982666016e+00 1.010000000000000000e+02
-1.692389488220214844e+00 1.090000000000000000e+02
-1.558879375457763672e+00 1.500000000000000000e+02
-1.425369262695312500e+00 1.990000000000000000e+02
-1.291859149932861328e+00 2.280000000000000000e+02
-1.158349037170410156e+00 2.930000000000000000e+02
-1.024838924407958984e+00 3.090000000000000000e+02
-8.913288116455078125e-01 3.740000000000000000e+02
-7.578186988830566406e-01 4.590000000000000000e+02
-6.243085861206054688e-01 4.340000000000000000e+02
-4.907984733581542969e-01 4.720000000000000000e+02
-3.572883605957031250e-01 4.730000000000000000e+02
-2.237782478332519531e-01 5.290000000000000000e+02
-9.026813507080078125e-02 4.830000000000000000e+02
4.324197769165039062e-02 4.750000000000000000e+02
1.767520904541015625e-01 5.260000000000000000e+02
3.102622032165527344e-01 4.770000000000000000e+02
4.437723159790039062e-01 4.410000000000000000e+02
5.772824287414550781e-01 4.530000000000000000e+02
7.107925415039062500e-01 4.200000000000000000e+02
8.443026542663574219e-01 3.800000000000000000e+02
9.778127670288085938e-01 3.660000000000000000e+02
1.111322879791259766e+00 2.670000000000000000e+02
1.244832992553710938e+00 2.390000000000000000e+02
1.378343105316162109e+00 2.170000000000000000e+02
1.511853218078613281e+00 1.580000000000000000e+02
1.645363330841064453e+00 1.480000000000000000e+02
1.778873443603515625e+00 1.040000000000000000e+02
1.912383556365966797e+00 7.000000000000000000e+01
2.045893669128417969e+00 7.400000000000000000e+01
2.179403781890869141e+00 5.100000000000000000e+01
2.312913894653320312e+00 4.300000000000000000e+01
2.446424007415771484e+00 3.800000000000000000e+01
2.579934120178222656e+00 2.000000000000000000e+01
2.713444232940673828e+00 1.100000000000000000e+01
2.846954345703125000e+00 9.000000000000000000e+00
2.980464458465576172e+00 3.000000000000000000e+00
3.113974571228027344e+00 5.000000000000000000e+00
3.247484683990478516e+00 2.000000000000000000e+00
