#     bins                         n
3.664750806521624438e-02 1.800000000000000000e+02
9.770544754806906318e-02 3.800000000000000000e+02
1.587633870309218820e-01 5.780000000000000000e+02
2.198213265137747008e-01 6.070000000000000000e+02
2.808792659966274918e-01 6.540000000000000000e+02
3.419372054794803661e-01 6.330000000000000000e+02
4.029951449623331294e-01 5.710000000000000000e+02
4.640530844451860037e-01 5.270000000000000000e+02
5.251110239280387670e-01 4.420000000000000000e+02
5.861689634108915303e-01 4.200000000000000000e+02
6.472269028937444046e-01 3.960000000000000000e+02
7.082848423765972790e-01 3.430000000000000000e+02
7.693427818594500422e-01 3.710000000000000000e+02
8.304007213423028055e-01 3.320000000000000000e+02
8.914586608251556799e-01 3.030000000000000000e+02
9.525166003080085542e-01 3.250000000000000000e+02
1.013574539790861317e+00 2.620000000000000000e+02
1.074632479273714081e+00 2.420000000000000000e+02
1.135690418756566844e+00 2.160000000000000000e+02
1.196748358239419829e+00 1.770000000000000000e+02
1.257806297722272593e+00 1.490000000000000000e+02
1.318864237205125356e+00 1.330000000000000000e+02
1.379922176687978341e+00 1.110000000000000000e+02
1.440980116170831105e+00 9.900000000000000000e+01
1.502038055653683868e+00 9.000000000000000000e+01
1.563095995136536631e+00 8.300000000000000000e+01
1.624153934619389394e+00 7.900000000000000000e+01
1.685211874102242380e+00 8.800000000000000000e+01
1.746269813585095143e+00 7.800000000000000000e+01
1.807327753067947906e+00 8.000000000000000000e+01
1.868385692550800892e+00 9.500000000000000000e+01
1.929443632033653655e+00 9.000000000000000000e+01
1.990501571516506418e+00 8.900000000000000000e+01
2.051559510999359404e+00 9.200000000000000000e+01
2.112617450482212167e+00 8.700000000000000000e+01
2.173675389965064930e+00 8.600000000000000000e+01
2.234733329447917693e+00 9.900000000000000000e+01
2.295791268930770901e+00 5.900000000000000000e+01
2.356849208413623664e+00 5.400000000000000000e+01
2.417907147896476427e+00 5.200000000000000000e+01
2.478965087379329191e+00 4.200000000000000000e+01
2.540023026862181954e+00 2.900000000000000000e+01
2.601080966345034717e+00 2.500000000000000000e+01
2.662138905827887481e+00 2.600000000000000000e+01
2.723196845310740688e+00 1.500000000000000000e+01
2.784254784793593451e+00 1.500000000000000000e+01
2.845312724276446215e+00 0.000000000000000000e+00
2.906370663759298978e+00 3.000000000000000000e+00
2.967428603242151741e+00 4.000000000000000000e+00
3.028486542725004504e+00 2.000000000000000000e+00
