#     bins                         n
3.312483170069754207e-02 1.260000000000000000e+02
8.863814326934515986e-02 3.030000000000000000e+02
1.441514548379927985e-01 4.050000000000000000e+02
1.996647664066404093e-01 4.540000000000000000e+02
2.551780779752880202e-01 4.610000000000000000e+02
3.106913895439356588e-01 4.780000000000000000e+02
3.662047011125832419e-01 4.190000000000000000e+02
4.217180126812308805e-01 4.380000000000000000e+02
4.772313242498785191e-01 3.870000000000000000e+02
5.327446358185261577e-01 3.580000000000000000e+02
5.882579473871738518e-01 3.700000000000000000e+02
6.437712589558214349e-01 3.480000000000000000e+02
6.992845705244690180e-01 3.560000000000000000e+02
7.547978820931167121e-01 3.390000000000000000e+02
8.103111936617642952e-01 2.950000000000000000e+02
8.658245052304119893e-01 3.120000000000000000e+02
9.213378167990595724e-01 2.840000000000000000e+02
9.768511283677071555e-01 2.590000000000000000e+02
1.032364439936354739e+00 2.460000000000000000e+02
1.087877751505002433e+00 2.330000000000000000e+02
1.143391063073650127e+00 2.590000000000000000e+02
1.198904374642297599e+00 2.520000000000000000e+02
1.254417686210945293e+00 2.400000000000000000e+02
1.309930997779592987e+00 2.350000000000000000e+02
1.365444309348240459e+00 2.080000000000000000e+02
1.420957620916888153e+00 1.850000000000000000e+02
1.476470932485535847e+00 1.690000000000000000e+02
1.531984244054183542e+00 1.840000000000000000e+02
1.587497555622831014e+00 1.800000000000000000e+02
1.643010867191478708e+00 1.640000000000000000e+02
1.698524178760126402e+00 1.540000000000000000e+02
1.754037490328773874e+00 1.360000000000000000e+02
1.809550801897421568e+00 1.200000000000000000e+02
1.865064113466069262e+00 9.900000000000000000e+01
1.920577425034716734e+00 9.600000000000000000e+01
1.976090736603364428e+00 9.100000000000000000e+01
2.031604048172011900e+00 6.000000000000000000e+01
2.087117359740659595e+00 5.300000000000000000e+01
2.142630671309307289e+00 4.700000000000000000e+01
2.198143982877954983e+00 2.000000000000000000e+01
2.253657294446602677e+00 3.100000000000000000e+01
2.309170606015250371e+00 1.900000000000000000e+01
2.364683917583897621e+00 1.000000000000000000e+01
2.420197229152545315e+00 8.000000000000000000e+00
2.475710540721193009e+00 6.000000000000000000e+00
2.531223852289840703e+00 5.000000000000000000e+00
2.586737163858488397e+00 1.000000000000000000e+00
2.642250475427136092e+00 0.000000000000000000e+00
2.697763786995783342e+00 0.000000000000000000e+00
2.753277098564431036e+00 1.000000000000000000e+00
