#     bins                         n
-2.959999999999999964e+00 4.000000000000000000e+00
-2.879999999999999893e+00 0.000000000000000000e+00
-2.799999999999999822e+00 2.000000000000000000e+00
-2.719999999999999751e+00 2.000000000000000000e+00
-2.640000000000000124e+00 5.000000000000000000e+00
-2.560000000000000053e+00 9.000000000000000000e+00
-2.479999999999999982e+00 1.100000000000000000e+01
-2.399999999999999911e+00 7.000000000000000000e+00
-2.319999999999999840e+00 9.000000000000000000e+00
-2.240000000000000213e+00 1.500000000000000000e+01
-2.160000000000000142e+00 1.100000000000000000e+01
-2.080000000000000071e+00 2.500000000000000000e+01
-2.000000000000000000e+00 3.200000000000000000e+01
-1.919999999999999929e+00 2.900000000000000000e+01
-1.839999999999999858e+00 2.700000000000000000e+01
-1.760000000000000009e+00 3.900000000000000000e+01
-1.679999999999999938e+00 4.300000000000000000e+01
-1.599999999999999867e+00 7.400000000000000000e+01
-1.520000000000000018e+00 6.400000000000000000e+01
-1.439999999999999947e+00 9.200000000000000000e+01
-1.359999999999999876e+00 1.030000000000000000e+02
-1.280000000000000027e+00 1.060000000000000000e+02
-1.199999999999999956e+00 1.460000000000000000e+02
-1.119999999999999885e+00 1.590000000000000000e+02
-1.040000000000000036e+00 1.750000000000000000e+02
-9.599999999999999645e-01 2.430000000000000000e+02
-8.799999999999998934e-01 2.910000000000000000e+02
-7.999999999999998224e-01 3.180000000000000000e+02
-7.199999999999997513e-01 3.950000000000000000e+02
-6.400000000000001243e-01 4.480000000000000000e+02
-5.600000000000000533e-01 5.010000000000000000e+02
-4.799999999999999822e-01 5.390000000000000000e+02
-3.999999999999999112e-01 5.780000000000000000e+02
-3.199999999999998401e-01 6.540000000000000000e+02
-2.399999999999997691e-01 6.720000000000000000e+02
-1.599999999999996980e-01 6.230000000000000000e+02
-8.000000000000007105e-02 5.670000000000000000e+02
0.000000000000000000e+00 5.710000000000000000e+02
8.000000000000007105e-02 4.670000000000000000e+02
1.600000000000001421e-01 3.910000000000000000e+02
2.400000000000002132e-01 4.510000000000000000e+02
3.200000000000002842e-01 5.720000000000000000e+02
3.999999999999999112e-01 3.840000000000000000e+02
4.799999999999999822e-01 4.800000000000000000e+01
5.600000000000000533e-01 0.000000000000000000e+00
6.400000000000001243e-01 0.000000000000000000e+00
7.200000000000001954e-01 0.000000000000000000e+00
8.000000000000002665e-01 0.000000000000000000e+00
8.799999999999998934e-01 0.000000000000000000e+00
9.599999999999999645e-01 0.000000000000000000e+00
