#     bins                         n
-3.147904021739959646e+00 3.000000000000000000e+00
-3.017814466953277375e+00 4.000000000000000000e+00
-2.887724912166595548e+00 8.000000000000000000e+00
-2.757635357379913277e+00 8.000000000000000000e+00
-2.627545802593231006e+00 1.300000000000000000e+01
-2.497456247806549179e+00 1.900000000000000000e+01
-2.367366693019866908e+00 4.400000000000000000e+01
-2.237277138233184637e+00 5.100000000000000000e+01
-2.107187583446502366e+00 6.700000000000000000e+01
-1.977098028659820539e+00 8.400000000000000000e+01
-1.847008473873138268e+00 1.010000000000000000e+02
-1.716918919086456219e+00 1.230000000000000000e+02
-1.586829364299774170e+00 1.490000000000000000e+02
-1.456739809513091899e+00 1.810000000000000000e+02
-1.326650254726409850e+00 1.970000000000000000e+02
-1.196560699939727579e+00 2.210000000000000000e+02
-1.066471145153045530e+00 2.660000000000000000e+02
-9.363815903663632589e-01 3.290000000000000000e+02
-8.062920355796814320e-01 3.480000000000000000e+02
-6.762024807929991610e-01 4.100000000000000000e+02
-5.461129260063168900e-01 4.850000000000000000e+02
-4.160233712196350631e-01 5.080000000000000000e+02
-2.859338164329527920e-01 4.930000000000000000e+02
-1.558442616462705210e-01 5.330000000000000000e+02
-2.575470685958869410e-02 5.670000000000000000e+02
1.043348479270935769e-01 5.190000000000000000e+02
2.344244027137758479e-01 4.810000000000000000e+02
3.645139575004581189e-01 4.650000000000000000e+02
4.946035122871399459e-01 4.600000000000000000e+02
6.246930670738222169e-01 4.010000000000000000e+02
7.547826218605044879e-01 3.440000000000000000e+02
8.848721766471863148e-01 3.260000000000000000e+02
1.014961731433868586e+00 2.840000000000000000e+02
1.145051286220550857e+00 2.510000000000000000e+02
1.275140841007233128e+00 2.050000000000000000e+02
1.405230395793915399e+00 1.920000000000000000e+02
1.535319950580596782e+00 1.460000000000000000e+02
1.665409505367279053e+00 1.380000000000000000e+02
1.795499060153961324e+00 1.170000000000000000e+02
1.925588614940643595e+00 1.020000000000000000e+02
2.055678169727325866e+00 7.400000000000000000e+01
2.185767724514008137e+00 5.800000000000000000e+01
2.315857279300689520e+00 3.400000000000000000e+01
2.445946834087371791e+00 3.900000000000000000e+01
2.576036388874054062e+00 2.200000000000000000e+01
2.706125943660736333e+00 1.300000000000000000e+01
2.836215498447418604e+00 4.000000000000000000e+00
2.966305053234100875e+00 1.000000000000000000e+01
3.096394608020782258e+00 5.000000000000000000e+00
3.226484162807464529e+00 1.000000000000000000e+00
