#     bins                         n
-3.546993937492370463e+00 1.000000000000000000e+00
-3.406000275611877903e+00 0.000000000000000000e+00
-3.265006613731384455e+00 3.000000000000000000e+00
-3.124012951850891007e+00 1.000000000000000000e+00
-2.983019289970397558e+00 6.000000000000000000e+00
-2.842025628089904998e+00 8.000000000000000000e+00
-2.701031966209411550e+00 1.000000000000000000e+01
-2.560038304328918102e+00 2.300000000000000000e+01
-2.419044642448425542e+00 4.000000000000000000e+01
-2.278050980567932093e+00 5.100000000000000000e+01
-2.137057318687438645e+00 6.700000000000000000e+01
-1.996063656806945863e+00 9.000000000000000000e+01
-1.855069994926452637e+00 1.000000000000000000e+02
-1.714076333045959410e+00 1.400000000000000000e+02
-1.573082671165466406e+00 1.850000000000000000e+02
-1.432089009284972958e+00 2.040000000000000000e+02
-1.291095347404479954e+00 2.410000000000000000e+02
-1.150101685523986950e+00 2.710000000000000000e+02
-1.009108023643493501e+00 3.080000000000000000e+02
-8.681143617630004972e-01 3.650000000000000000e+02
-7.271206998825070489e-01 4.330000000000000000e+02
-5.861270380020140447e-01 4.850000000000000000e+02
-4.451333761215210405e-01 4.730000000000000000e+02
-3.041397142410275922e-01 4.940000000000000000e+02
-1.631460523605345880e-01 5.560000000000000000e+02
-2.215239048004158384e-02 5.380000000000000000e+02
1.188412714004518644e-01 5.330000000000000000e+02
2.598349332809448686e-01 5.500000000000000000e+02
4.008285951614378728e-01 5.540000000000000000e+02
5.418222570419313211e-01 4.780000000000000000e+02
6.828159189224247694e-01 4.450000000000000000e+02
8.238095808029173295e-01 3.820000000000000000e+02
9.648032426834107778e-01 3.620000000000000000e+02
1.105796904563904226e+00 3.070000000000000000e+02
1.246790566444396786e+00 2.620000000000000000e+02
1.387784228324890234e+00 2.100000000000000000e+02
1.528777890205383683e+00 1.630000000000000000e+02
1.669771552085876243e+00 1.400000000000000000e+02
1.810765213966369691e+00 1.080000000000000000e+02
1.951758875846863139e+00 8.400000000000000000e+01
2.092752537727356810e+00 7.500000000000000000e+01
2.233746199607849370e+00 4.500000000000000000e+01
2.374739861488342818e+00 2.900000000000000000e+01
2.515733523368836266e+00 2.800000000000000000e+01
2.656727185249328826e+00 1.900000000000000000e+01
2.797720847129822275e+00 8.000000000000000000e+00
2.938714509010315723e+00 4.000000000000000000e+00
3.079708170890808283e+00 3.000000000000000000e+00
3.220701832771301731e+00 3.000000000000000000e+00
3.361695494651795180e+00 1.000000000000000000e+00
