#     bins                         n
-2.975871784687042165e+00 2.000000000000000000e+00
-2.854617784023284699e+00 5.000000000000000000e+00
-2.733363783359527677e+00 7.000000000000000000e+00
-2.612109782695770210e+00 1.300000000000000000e+01
-2.490855782032012744e+00 1.200000000000000000e+01
-2.369601781368255722e+00 2.900000000000000000e+01
-2.248347780704498255e+00 3.200000000000000000e+01
-2.127093780040740789e+00 5.000000000000000000e+01
-2.005839779376983323e+00 7.600000000000000000e+01
-1.884585778713226301e+00 9.500000000000000000e+01
-1.763331778049468834e+00 1.200000000000000000e+02
-1.642077777385711590e+00 1.400000000000000000e+02
-1.520823776721954346e+00 1.720000000000000000e+02
-1.399569776058196879e+00 1.710000000000000000e+02
-1.278315775394439635e+00 2.100000000000000000e+02
-1.157061774730682169e+00 2.690000000000000000e+02
-1.035807774066924924e+00 3.040000000000000000e+02
-9.145537734031674582e-01 3.370000000000000000e+02
-7.932997727394104359e-01 3.360000000000000000e+02
-6.720457720756529696e-01 3.900000000000000000e+02
-5.507917714118955033e-01 3.730000000000000000e+02
-4.295377707481384810e-01 3.890000000000000000e+02
-3.082837700843810147e-01 4.660000000000000000e+02
-1.870297694206235484e-01 4.470000000000000000e+02
-6.577576875686652613e-02 4.460000000000000000e+02
5.547823190689094019e-02 4.410000000000000000e+02
1.767322325706484065e-01 4.640000000000000000e+02
2.979862332344058728e-01 4.560000000000000000e+02
4.192402338981628951e-01 4.210000000000000000e+02
5.404942345619203614e-01 4.510000000000000000e+02
6.617482352256778277e-01 3.400000000000000000e+02
7.830022358894348500e-01 3.760000000000000000e+02
9.042562365531923163e-01 3.180000000000000000e+02
1.025510237216949783e+00 3.010000000000000000e+02
1.146764237880707249e+00 2.280000000000000000e+02
1.268018238544464715e+00 2.110000000000000000e+02
1.389272239208221293e+00 1.900000000000000000e+02
1.510526239871978760e+00 1.610000000000000000e+02
1.631780240535736226e+00 1.600000000000000000e+02
1.753034241199493692e+00 1.290000000000000000e+02
1.874288241863251159e+00 9.400000000000000000e+01
1.995542242527008625e+00 8.600000000000000000e+01
2.116796243190765203e+00 6.100000000000000000e+01
2.238050243854522670e+00 5.600000000000000000e+01
2.359304244518280136e+00 2.300000000000000000e+01
2.480558245182037602e+00 1.800000000000000000e+01
2.601812245845795069e+00 1.600000000000000000e+01
2.723066246509552535e+00 5.000000000000000000e+00
2.844320247173309113e+00 7.000000000000000000e+00
2.965574247837066579e+00 5.000000000000000000e+00
