#     bins                         n
-3.266445102691650337e+00 1.000000000000000000e+00
-3.131062335968017418e+00 2.000000000000000000e+00
-2.995679569244384499e+00 8.000000000000000000e+00
-2.860296802520752024e+00 9.000000000000000000e+00
-2.724914035797119105e+00 1.300000000000000000e+01
-2.589531269073486186e+00 1.700000000000000000e+01
-2.454148502349853711e+00 2.500000000000000000e+01
-2.318765735626220792e+00 3.900000000000000000e+01
-2.183382968902587873e+00 4.700000000000000000e+01
-2.048000202178954954e+00 7.600000000000000000e+01
-1.912617435455322257e+00 9.600000000000000000e+01
-1.777234668731689560e+00 1.200000000000000000e+02
-1.641851902008056641e+00 1.350000000000000000e+02
-1.506469135284423722e+00 1.610000000000000000e+02
-1.371086368560791025e+00 1.920000000000000000e+02
-1.235703601837158327e+00 2.630000000000000000e+02
-1.100320835113525408e+00 3.090000000000000000e+02
-9.649380683898924893e-01 3.200000000000000000e+02
-8.295553016662595702e-01 3.920000000000000000e+02
-6.941725349426270952e-01 4.060000000000000000e+02
-5.587897682189941762e-01 4.230000000000000000e+02
-4.234070014953612571e-01 4.870000000000000000e+02
-2.880242347717287821e-01 4.890000000000000000e+02
-1.526414680480958630e-01 5.030000000000000000e+02
-1.725870132446294392e-02 5.400000000000000000e+02
1.181240653991699752e-01 5.330000000000000000e+02
2.535068321228028942e-01 5.160000000000000000e+02
3.888895988464353692e-01 5.080000000000000000e+02
5.242723655700682883e-01 4.740000000000000000e+02
6.596551322937012074e-01 4.430000000000000000e+02
7.950378990173336824e-01 3.660000000000000000e+02
9.304206657409666015e-01 3.640000000000000000e+02
1.065803432464599521e+00 2.880000000000000000e+02
1.201186199188232440e+00 2.630000000000000000e+02
1.336568965911865359e+00 2.160000000000000000e+02
1.471951732635498278e+00 1.830000000000000000e+02
1.607334499359131197e+00 1.480000000000000000e+02
1.742717266082763228e+00 1.410000000000000000e+02
1.878100032806396147e+00 1.040000000000000000e+02
2.013482799530029066e+00 7.900000000000000000e+01
2.148865566253661985e+00 6.600000000000000000e+01
2.284248332977294904e+00 4.200000000000000000e+01
2.419631099700927823e+00 2.700000000000000000e+01
2.555013866424560742e+00 2.400000000000000000e+01
2.690396633148192773e+00 1.800000000000000000e+01
2.825779399871825692e+00 1.000000000000000000e+01
2.961162166595458611e+00 1.000000000000000000e+00
3.096544933319091530e+00 1.000000000000000000e+00
3.231927700042724450e+00 2.000000000000000000e+00
3.367310466766357369e+00 2.000000000000000000e+00
