#     bins                         n
2.875728537794202538e-02 3.800000000000000000e+01
7.447696771938353000e-02 1.120000000000000000e+02
1.201966500608250554e-01 2.030000000000000000e+02
1.659163324022665531e-01 2.170000000000000000e+02
2.116360147437080785e-01 2.870000000000000000e+02
2.573556970851496040e-01 2.860000000000000000e+02
3.030753794265910739e-01 2.970000000000000000e+02
3.487950617680325993e-01 3.030000000000000000e+02
3.945147441094741247e-01 3.360000000000000000e+02
4.402344264509156502e-01 3.270000000000000000e+02
4.859541087923571756e-01 3.220000000000000000e+02
5.316737911337986455e-01 3.200000000000000000e+02
5.773934734752400599e-01 3.140000000000000000e+02
6.231131558166815854e-01 3.360000000000000000e+02
6.688328381581231108e-01 3.410000000000000000e+02
7.145525204995646362e-01 2.910000000000000000e+02
7.602722028410061617e-01 3.050000000000000000e+02
8.059918851824476871e-01 2.830000000000000000e+02
8.517115675238892125e-01 2.990000000000000000e+02
8.974312498653307379e-01 2.990000000000000000e+02
9.431509322067722634e-01 3.030000000000000000e+02
9.888706145482136778e-01 2.910000000000000000e+02
1.034590296889655425e+00 2.950000000000000000e+02
1.080309979231096840e+00 3.030000000000000000e+02
1.126029661572538254e+00 2.420000000000000000e+02
1.171749343913979891e+00 2.370000000000000000e+02
1.217469026255421305e+00 2.450000000000000000e+02
1.263188708596862941e+00 2.400000000000000000e+02
1.308908390938304356e+00 2.050000000000000000e+02
1.354628073279745992e+00 2.070000000000000000e+02
1.400347755621187407e+00 2.080000000000000000e+02
1.446067437962629043e+00 1.850000000000000000e+02
1.491787120304070458e+00 2.040000000000000000e+02
1.537506802645511872e+00 1.510000000000000000e+02
1.583226484986953508e+00 1.560000000000000000e+02
1.628946167328394923e+00 1.450000000000000000e+02
1.674665849669836559e+00 1.330000000000000000e+02
1.720385532011277974e+00 1.390000000000000000e+02
1.766105214352719610e+00 9.600000000000000000e+01
1.811824896694161025e+00 8.500000000000000000e+01
1.857544579035602661e+00 9.900000000000000000e+01
1.903264261377044075e+00 5.400000000000000000e+01
1.948983943718485490e+00 4.700000000000000000e+01
1.994703626059927126e+00 3.600000000000000000e+01
2.040423308401368541e+00 2.800000000000000000e+01
2.086142990742809733e+00 2.200000000000000000e+01
2.131862673084251369e+00 7.000000000000000000e+00
2.177582355425693006e+00 9.000000000000000000e+00
2.223302037767134198e+00 3.000000000000000000e+00
2.269021720108575835e+00 3.000000000000000000e+00
