#     bins                         n
-3.118501172065735183e+00 3.000000000000000000e+00
-2.989467577934265208e+00 3.000000000000000000e+00
-2.860433983802795233e+00 5.000000000000000000e+00
-2.731400389671326145e+00 1.400000000000000000e+01
-2.602366795539856170e+00 2.000000000000000000e+01
-2.473333201408386195e+00 3.000000000000000000e+01
-2.344299607276917108e+00 3.800000000000000000e+01
-2.215266013145447133e+00 5.700000000000000000e+01
-2.086232419013977157e+00 5.600000000000000000e+01
-1.957198824882507404e+00 7.100000000000000000e+01
-1.828165230751037651e+00 1.140000000000000000e+02
-1.699131636619567898e+00 1.270000000000000000e+02
-1.570098042488098367e+00 1.510000000000000000e+02
-1.441064448356628613e+00 1.950000000000000000e+02
-1.312030854225158860e+00 2.190000000000000000e+02
-1.182997260093689107e+00 2.560000000000000000e+02
-1.053963665962219354e+00 3.120000000000000000e+02
-9.249300718307498226e-01 3.410000000000000000e+02
-7.958964776992798473e-01 3.760000000000000000e+02
-6.668628835678103162e-01 4.110000000000000000e+02
-5.378292894363403409e-01 4.420000000000000000e+02
-4.087956953048708097e-01 4.320000000000000000e+02
-2.797621011734008345e-01 4.820000000000000000e+02
-1.507285070419313033e-01 5.100000000000000000e+02
-2.169491291046177217e-02 4.920000000000000000e+02
1.073386812210082031e-01 4.900000000000000000e+02
2.363722753524777342e-01 4.670000000000000000e+02
3.654058694839477095e-01 4.860000000000000000e+02
4.944394636154172407e-01 4.010000000000000000e+02
6.234730577468872159e-01 3.850000000000000000e+02
7.525066518783567471e-01 4.240000000000000000e+02
8.815402460098262782e-01 3.560000000000000000e+02
1.010573840141296253e+00 3.180000000000000000e+02
1.139607434272766229e+00 2.690000000000000000e+02
1.268641028404235316e+00 2.370000000000000000e+02
1.397674622535705291e+00 1.930000000000000000e+02
1.526708216667175266e+00 1.770000000000000000e+02
1.655741810798645242e+00 1.310000000000000000e+02
1.784775404930114329e+00 9.000000000000000000e+01
1.913808999061584304e+00 8.900000000000000000e+01
2.042842593193054057e+00 6.800000000000000000e+01
2.171876187324523144e+00 6.900000000000000000e+01
2.300909781455993119e+00 3.000000000000000000e+01
2.429943375587463095e+00 2.400000000000000000e+01
2.558976969718933070e+00 1.500000000000000000e+01
2.688010563850402157e+00 1.100000000000000000e+01
2.817044157981872132e+00 1.200000000000000000e+01
2.946077752113342108e+00 3.000000000000000000e+00
3.075111346244811195e+00 2.000000000000000000e+00
3.204144940376281170e+00 3.000000000000000000e+00
