#     bins                         n
-2.954523999691009539e+00 4.000000000000000000e+00
-2.823533413410186821e+00 6.000000000000000000e+00
-2.692542827129364102e+00 1.900000000000000000e+01
-2.561552240848541384e+00 3.300000000000000000e+01
-2.430561654567718666e+00 2.900000000000000000e+01
-2.299571068286895947e+00 4.800000000000000000e+01
-2.168580482006073229e+00 6.400000000000000000e+01
-2.037589895725250511e+00 8.200000000000000000e+01
-1.906599309444427570e+00 9.900000000000000000e+01
-1.775608723163604852e+00 1.180000000000000000e+02
-1.644618136882782133e+00 1.330000000000000000e+02
-1.513627550601959415e+00 1.690000000000000000e+02
-1.382636964321136475e+00 2.000000000000000000e+02
-1.251646378040313756e+00 2.180000000000000000e+02
-1.120655791759491038e+00 2.400000000000000000e+02
-9.896652054786683195e-01 2.850000000000000000e+02
-8.586746191978456011e-01 3.720000000000000000e+02
-7.276840329170228827e-01 4.020000000000000000e+02
-5.966934466362001643e-01 4.140000000000000000e+02
-4.657028603553774460e-01 4.690000000000000000e+02
-3.347122740745547276e-01 4.290000000000000000e+02
-2.037216877937320092e-01 5.180000000000000000e+02
-7.273110151290929082e-02 5.360000000000000000e+02
5.825948476791342756e-02 5.880000000000000000e+02
1.892500710487365900e-01 5.400000000000000000e+02
3.202406573295593084e-01 4.750000000000000000e+02
4.512312436103820268e-01 4.630000000000000000e+02
5.822218298912047452e-01 4.410000000000000000e+02
7.132124161720274635e-01 3.840000000000000000e+02
8.442030024528501819e-01 3.810000000000000000e+02
9.751935887336729003e-01 2.720000000000000000e+02
1.106184175014495619e+00 2.220000000000000000e+02
1.237174761295318337e+00 2.290000000000000000e+02
1.368165347576141055e+00 2.000000000000000000e+02
1.499155933856963774e+00 1.770000000000000000e+02
1.630146520137786492e+00 1.330000000000000000e+02
1.761137106418609211e+00 1.340000000000000000e+02
1.892127692699431929e+00 1.170000000000000000e+02
2.023118278980254647e+00 7.800000000000000000e+01
2.154108865261077366e+00 6.600000000000000000e+01
2.285099451541900084e+00 4.400000000000000000e+01
2.416090037822722802e+00 3.500000000000000000e+01
2.547080624103545521e+00 1.900000000000000000e+01
2.678071210384368239e+00 6.000000000000000000e+00
2.809061796665190958e+00 4.000000000000000000e+00
2.940052382946013676e+00 4.000000000000000000e+00
3.071042969226836394e+00 0.000000000000000000e+00
3.202033555507659113e+00 0.000000000000000000e+00
3.333024141788482719e+00 0.000000000000000000e+00
3.464014728069305438e+00 1.000000000000000000e+00
