#     bins                         n
4.164277445524931093e-02 4.100000000000000000e+01
8.954079989343882717e-02 9.100000000000000000e+01
1.374388253316283226e-01 1.290000000000000000e+02
1.853368507698178458e-01 1.750000000000000000e+02
2.332348762080073412e-01 2.160000000000000000e+02
2.811329016461968644e-01 2.270000000000000000e+02
3.290309270843864153e-01 2.840000000000000000e+02
3.769289525225759108e-01 3.050000000000000000e+02
4.248269779607654062e-01 3.090000000000000000e+02
4.727250033989549016e-01 3.160000000000000000e+02
5.206230288371443971e-01 3.690000000000000000e+02
5.685210542753339480e-01 3.590000000000000000e+02
6.164190797135234989e-01 3.700000000000000000e+02
6.643171051517129388e-01 3.810000000000000000e+02
7.122151305899024898e-01 3.880000000000000000e+02
7.601131560280919297e-01 3.870000000000000000e+02
8.080111814662814806e-01 3.690000000000000000e+02
8.559092069044710316e-01 3.710000000000000000e+02
9.038072323426604715e-01 3.940000000000000000e+02
9.517052577808500224e-01 3.540000000000000000e+02
9.996032832190394624e-01 3.350000000000000000e+02
1.047501308657228902e+00 3.790000000000000000e+02
1.095399334095418453e+00 3.110000000000000000e+02
1.143297359533608004e+00 3.120000000000000000e+02
1.191195384971797555e+00 3.090000000000000000e+02
1.239093410409986884e+00 2.790000000000000000e+02
1.286991435848176435e+00 2.690000000000000000e+02
1.334889461286365986e+00 2.370000000000000000e+02
1.382787486724555537e+00 2.330000000000000000e+02
1.430685512162745088e+00 1.920000000000000000e+02
1.478583537600934417e+00 1.610000000000000000e+02
1.526481563039123968e+00 1.820000000000000000e+02
1.574379588477313519e+00 1.320000000000000000e+02
1.622277613915503069e+00 1.200000000000000000e+02
1.670175639353692620e+00 1.220000000000000000e+02
1.718073664791881949e+00 1.100000000000000000e+02
1.765971690230071500e+00 9.200000000000000000e+01
1.813869715668261051e+00 6.400000000000000000e+01
1.861767741106450602e+00 5.700000000000000000e+01
1.909665766544640153e+00 4.800000000000000000e+01
1.957563791982829482e+00 4.400000000000000000e+01
2.005461817421019255e+00 2.100000000000000000e+01
2.053359842859208584e+00 3.300000000000000000e+01
2.101257868297397913e+00 1.700000000000000000e+01
2.149155893735587686e+00 1.000000000000000000e+01
2.197053919173777015e+00 1.400000000000000000e+01
2.244951944611966788e+00 6.000000000000000000e+00
2.292849970050156116e+00 1.000000000000000000e+00
2.340747995488345889e+00 0.000000000000000000e+00
2.388646020926535218e+00 2.000000000000000000e+00
