#     bins                         n
-3.382501966953277872e+00 1.000000000000000000e+00
-3.239765307903289759e+00 2.000000000000000000e+00
-3.097028648853302535e+00 3.000000000000000000e+00
-2.954291989803314422e+00 1.100000000000000000e+01
-2.811555330753326309e+00 1.000000000000000000e+01
-2.668818671703339085e+00 2.300000000000000000e+01
-2.526082012653350972e+00 2.400000000000000000e+01
-2.383345353603362859e+00 3.900000000000000000e+01
-2.240608694553375635e+00 4.800000000000000000e+01
-2.097872035503387522e+00 6.300000000000000000e+01
-1.955135376453400076e+00 9.100000000000000000e+01
-1.812398717403411963e+00 1.090000000000000000e+02
-1.669662058353424294e+00 1.550000000000000000e+02
-1.526925399303436626e+00 1.680000000000000000e+02
-1.384188740253448735e+00 2.120000000000000000e+02
-1.241452081203460844e+00 2.640000000000000000e+02
-1.098715422153473176e+00 3.260000000000000000e+02
-9.559787631034855071e-01 3.810000000000000000e+02
-8.132421040534978385e-01 3.790000000000000000e+02
-6.705054450035097258e-01 4.510000000000000000e+02
-5.277687859535220571e-01 4.800000000000000000e+02
-3.850321269035343885e-01 5.640000000000000000e+02
-2.422954678535462758e-01 5.340000000000000000e+02
-9.955880880355860718e-02 5.380000000000000000e+02
4.317785024642906144e-02 5.250000000000000000e+02
1.859145092964167301e-01 5.780000000000000000e+02
3.286511683464043987e-01 4.880000000000000000e+02
4.713878273963925114e-01 5.200000000000000000e+02
6.141244864463801800e-01 4.240000000000000000e+02
7.568611454963678487e-01 4.230000000000000000e+02
8.995978045463559614e-01 3.890000000000000000e+02
1.042334463596343186e+00 3.240000000000000000e+02
1.185071122646331299e+00 2.980000000000000000e+02
1.327807781696319411e+00 2.500000000000000000e+02
1.470544440746306636e+00 1.700000000000000000e+02
1.613281099796294749e+00 1.570000000000000000e+02
1.756017758846281973e+00 1.220000000000000000e+02
1.898754417896270086e+00 1.140000000000000000e+02
2.041491076946257976e+00 6.000000000000000000e+01
2.184227735996245201e+00 5.600000000000000000e+01
2.326964395046233314e+00 4.200000000000000000e+01
2.469701054096221426e+00 3.500000000000000000e+01
2.612437713146208651e+00 1.700000000000000000e+01
2.755174372196196764e+00 1.300000000000000000e+01
2.897911031246184876e+00 4.000000000000000000e+00
3.040647690296172101e+00 4.000000000000000000e+00
3.183384349346160214e+00 0.000000000000000000e+00
3.326121008396147438e+00 0.000000000000000000e+00
3.468857667446135551e+00 0.000000000000000000e+00
3.611594326496123664e+00 1.000000000000000000e+00
