#     bins                         n
-3.048226974010467494e+00 3.000000000000000000e+00
-2.931965296268463028e+00 3.000000000000000000e+00
-2.815703618526458563e+00 1.700000000000000000e+01
-2.699441940784454097e+00 1.900000000000000000e+01
-2.583180263042450076e+00 2.300000000000000000e+01
-2.466918585300445610e+00 4.300000000000000000e+01
-2.350656907558441144e+00 5.500000000000000000e+01
-2.234395229816436679e+00 7.400000000000000000e+01
-2.118133552074432213e+00 1.040000000000000000e+02
-2.001871874332428192e+00 1.240000000000000000e+02
-1.885610196590423504e+00 1.340000000000000000e+02
-1.769348518848419038e+00 1.670000000000000000e+02
-1.653086841106414795e+00 2.000000000000000000e+02
-1.536825163364410329e+00 2.500000000000000000e+02
-1.420563485622405864e+00 2.460000000000000000e+02
-1.304301807880401620e+00 2.890000000000000000e+02
-1.188040130138397155e+00 3.040000000000000000e+02
-1.071778452396392689e+00 3.160000000000000000e+02
-9.555167746543884455e-01 2.930000000000000000e+02
-8.392550969123839799e-01 3.250000000000000000e+02
-7.229934191703795143e-01 3.740000000000000000e+02
-6.067317414283750487e-01 3.890000000000000000e+02
-4.904700636863705832e-01 4.040000000000000000e+02
-3.742083859443665617e-01 4.230000000000000000e+02
-2.579467082023620961e-01 5.040000000000000000e+02
-1.416850304603576305e-01 5.080000000000000000e+02
-2.542335271835316490e-02 5.160000000000000000e+02
9.083832502365130068e-02 4.870000000000000000e+02
2.071000027656557663e-01 4.420000000000000000e+02
3.233616805076597878e-01 3.940000000000000000e+02
4.396233582496642533e-01 3.670000000000000000e+02
5.558850359916687189e-01 3.470000000000000000e+02
6.721467137336731845e-01 2.990000000000000000e+02
7.884083914756776501e-01 2.610000000000000000e+02
9.046700692176821157e-01 2.390000000000000000e+02
1.020931746959686137e+00 2.080000000000000000e+02
1.137193424701690603e+00 1.870000000000000000e+02
1.253455102443695068e+00 1.210000000000000000e+02
1.369716780185699534e+00 1.100000000000000000e+02
1.485978457927704000e+00 8.000000000000000000e+01
1.602240135669708465e+00 6.700000000000000000e+01
1.718501813411712931e+00 5.100000000000000000e+01
1.834763491153717396e+00 3.700000000000000000e+01
1.951025168895721862e+00 3.800000000000000000e+01
2.067286846637726327e+00 1.600000000000000000e+01
2.183548524379729905e+00 1.900000000000000000e+01
2.299810202121734370e+00 1.400000000000000000e+01
2.416071879863738836e+00 9.000000000000000000e+00
2.532333557605743302e+00 3.000000000000000000e+00
2.648595235347747767e+00 3.000000000000000000e+00
