#     bins                         n
-3.396441464424133194e+00 1.000000000000000000e+00
-3.247465147972106614e+00 4.000000000000000000e+00
-3.098488831520080478e+00 2.000000000000000000e+00
-2.949512515068054341e+00 7.000000000000000000e+00
-2.800536198616027761e+00 6.000000000000000000e+00
-2.651559882164001181e+00 1.400000000000000000e+01
-2.502583565711975044e+00 3.400000000000000000e+01
-2.353607249259948908e+00 4.400000000000000000e+01
-2.204630932807922328e+00 5.400000000000000000e+01
-2.055654616355895747e+00 6.800000000000000000e+01
-1.906678299903869611e+00 9.000000000000000000e+01
-1.757701983451843253e+00 1.140000000000000000e+02
-1.608725666999816895e+00 1.480000000000000000e+02
-1.459749350547790536e+00 1.430000000000000000e+02
-1.310773034095764178e+00 1.760000000000000000e+02
-1.161796717643738042e+00 2.600000000000000000e+02
-1.012820401191711461e+00 2.810000000000000000e+02
-8.638440847396848810e-01 3.370000000000000000e+02
-7.148677682876587447e-01 3.700000000000000000e+02
-5.658914518356326084e-01 4.700000000000000000e+02
-4.169151353836060281e-01 6.110000000000000000e+02
-2.679388189315794477e-01 6.520000000000000000e+02
-1.189625024795533115e-01 7.170000000000000000e+02
3.001381397247282479e-02 6.600000000000000000e+02
1.789901304244994051e-01 6.410000000000000000e+02
3.279664468765259855e-01 5.840000000000000000e+02
4.769427633285521217e-01 5.470000000000000000e+02
6.259190797805782580e-01 4.830000000000000000e+02
7.748953962326048384e-01 3.960000000000000000e+02
9.238717126846314187e-01 3.390000000000000000e+02
1.072848029136657111e+00 2.900000000000000000e+02
1.221824345588683691e+00 2.490000000000000000e+02
1.370800662040710272e+00 2.030000000000000000e+02
1.519776978492736852e+00 1.940000000000000000e+02
1.668753294944763432e+00 1.430000000000000000e+02
1.817729611396789124e+00 1.210000000000000000e+02
1.966705927848815705e+00 1.080000000000000000e+02
2.115682244300842285e+00 1.040000000000000000e+02
2.264658560752867977e+00 8.800000000000000000e+01
2.413634877204894558e+00 6.100000000000000000e+01
2.562611193656921138e+00 3.900000000000000000e+01
2.711587510108947718e+00 2.600000000000000000e+01
2.860563826560974299e+00 1.400000000000000000e+01
3.009540143012999991e+00 1.100000000000000000e+01
3.158516459465026571e+00 3.000000000000000000e+00
3.307492775917053152e+00 2.000000000000000000e+00
3.456469092369078844e+00 0.000000000000000000e+00
3.605445408821105424e+00 0.000000000000000000e+00
3.754421725273132004e+00 0.000000000000000000e+00
3.903398041725158585e+00 1.000000000000000000e+00
