-1.369349939835164287e+00 -2.435928006150935854e-01 2.808462944383528503e-01 2.013011962902888197e+00
-1.283656674440551537e+00 2.173121504435641116e-01 2.923907604648125491e-01 4.112177220818745149e-01
-1.197963409045939009e+00 1.001934010967011623e-01 -7.556555671553789599e-01 -2.691098473349065046e-01
-1.112270143651326482e+00 -1.377527157192819374e-01 -1.034689387256152310e-01 -3.609418790179844128e-02
-1.026576878256713732e+00 1.213545374993897363e-01 3.693012440760546355e-01 2.621971368945712477e-01
-9.408836128621012040e-01 1.514748299870486425e-01 5.087420156362430085e-02 -4.033778975904386832e-01
-8.551903474674885652e-01 -5.012159541571303834e-02 -3.993393872391921562e-01 -1.988119620581293989e-01
-7.694970820728758154e-01 1.048780084873061069e-01 -3.395241933790438260e-01 -1.029800763030825905e-01
-6.838038166782632876e-01 7.927261356110992807e-03 -2.965467627889736835e-01 -3.349625665507540151e-01
-5.981105512836506488e-01 2.312685368851608025e-02 -6.886233023210579507e-01 -1.958230150204359754e-01
-5.124172858890378990e-01 1.576469877728303715e-02 -9.393965368177815689e-01 -1.462386315950412186e-01
-4.267240204944253157e-01 -1.229340029871828222e-02 -1.109931105124408734e+00 -1.295975476586059549e-01
-3.410307550998127324e-01 -3.834521405453594767e-03 -1.356093725538730643e+00 -8.209323553397467055e-02
-2.553374897052000936e-01 1.990112083595163561e-02 -1.639069350852925711e+00 -5.653288233935785390e-02
-1.696442243105874548e-01 2.328796365004004443e-02 -2.027223154815314121e+00 -1.406510582863623460e-01
-8.395095891597487148e-02 1.699884921859740050e-02 -2.338954963052829239e+00 -2.175101595866540394e-01
1.742306478637697725e-03 5.272633844613405785e-03 -2.512913808612213806e+00 -2.887552609034801931e-01
8.743557187325035063e-02 -1.134749315685468218e-03 -2.692754386736804229e+00 -3.410123417449506533e-01
1.731288372678630172e-01 6.800063249089549622e-03 -2.817504645045657341e+00 -4.539398202493099554e-01
2.588221026624756282e-01 8.240053901634514233e-03 -2.867132400033029604e+00 -5.530943249566060427e-01
3.445153680570883226e-01 -2.888090375343210781e-03 -3.011633141651596901e+00 -5.341578645235509626e-01
4.302086334517009059e-01 2.011477736314326581e-02 -3.053722150669013757e+00 -5.819487347512559694e-01
5.159018988463134336e-01 4.390400755019752133e-02 -2.920384136696247079e+00 -7.169293938490080009e-01
6.015951642409259614e-01 5.790504765571846679e-02 -3.246889343092244307e+00 -6.100066142994244878e-01
6.872884296355387113e-01 8.202469328692918449e-02 -3.363072089621014005e+00 -7.491385302528245083e-01
7.729816950301514611e-01 1.081692707521939578e-01 -3.455114020008498876e+00 -6.879016862992952674e-01
8.586749604247639889e-01 1.769133539309776237e-01 -3.788694256644817404e+00 -1.118560371381529112e-01
9.443682258193765167e-01 2.873081051786849915e-01 -3.069884991416290898e+00 -4.002494821092536514e-01
1.030061491213989378e+00 3.620412527913092759e-01 -2.604300339790481811e+00 -7.933757999946939865e-01
1.115754756608602127e+00 4.596067921230523323e-01 -3.345630531177418820e+00 -5.277569449857133499e-01
1.201448022003214433e+00 5.371429081302316888e-01 -3.385473843611220612e+00 -9.889487215103797135e-01
1.287141287397826961e+00 5.382876207054994033e-01 -3.864053436253593876e+00 -1.165217960326505819e+00
1.372834552792439711e+00 5.192096872761962079e-01 -4.518069349641304022e+00 -7.117010442518146851e-01
1.458527818187052461e+00 4.633355126474164587e-01 -3.219404145682684959e+00 -1.597737342928478910e+00
1.544221083581664988e+00 4.859815581014312880e-01 -2.897709551723303800e+00 -2.936275266536522821e+00
1.629914348976277516e+00 2.909083993514498534e-01 -3.125002178367894956e+00 -2.438660828014083570e+00
1.715607614370890266e+00 3.911825815002761830e-01 -2.616259926221670806e+00 1.471300044000820373e+00
1.801300879765503016e+00 8.530279775209563820e-01 -2.705490620429366722e+00 4.471433102402992965e+00
1.886994145160115544e+00 9.643768472099223388e-01 -2.815089333636254576e+00 3.951701504189309322e+00
1.972687410554728293e+00 9.879250419905393210e-01 -2.969418643206560127e+00 2.945171122347661541e+00
2.058380675949340599e+00 9.950594714221061565e-01 -3.336471503459424337e+00 2.191113090047703604e+00
2.144073941343953127e+00 9.976520185830161092e-01 -3.616080554563173788e+00 1.682804893565978954e+00
2.229767206738566099e+00 9.987500977043255457e-01 -3.882657213050467959e+00 1.072194692933335469e+00
2.315460472133178627e+00 9.992610049972281416e-01 -4.151265013100929657e+00 4.745277521245116481e-01
2.401153737527791154e+00 9.995666753339996768e-01 -4.226739348963985066e+00 7.550989505080171194e-01
2.486847002922404126e+00 9.997924571677671013e-01 -4.611180553387944414e+00 1.682832740569675689e+00
