#     bins                         n
3.543863140046596416e-02 3.100000000000000000e+01
8.457651562988757754e-02 8.600000000000000000e+01
1.337143998593091909e-01 1.370000000000000000e+02
1.828522840887308043e-01 1.840000000000000000e+02
2.319901683181524177e-01 2.080000000000000000e+02
2.811280525475740033e-01 2.620000000000000000e+02
3.302659367769956722e-01 2.800000000000000000e+02
3.794038210064172301e-01 2.820000000000000000e+02
4.285417052358388990e-01 3.140000000000000000e+02
4.776795894652604568e-01 3.520000000000000000e+02
5.268174736946821257e-01 3.450000000000000000e+02
5.759553579241036836e-01 3.840000000000000000e+02
6.250932421535253525e-01 3.880000000000000000e+02
6.742311263829470214e-01 3.980000000000000000e+02
7.233690106123685792e-01 4.200000000000000000e+02
7.725068948417901371e-01 4.100000000000000000e+02
8.216447790712118060e-01 4.230000000000000000e+02
8.707826633006334749e-01 4.170000000000000000e+02
9.199205475300550328e-01 3.470000000000000000e+02
9.690584317594765906e-01 3.580000000000000000e+02
1.018196315988898260e+00 3.540000000000000000e+02
1.067334200218319928e+00 3.520000000000000000e+02
1.116472084447741375e+00 3.210000000000000000e+02
1.165609968677163044e+00 2.990000000000000000e+02
1.214747852906584713e+00 3.040000000000000000e+02
1.263885737136006382e+00 2.710000000000000000e+02
1.313023621365428051e+00 2.330000000000000000e+02
1.362161505594849498e+00 2.090000000000000000e+02
1.411299389824271167e+00 2.110000000000000000e+02
1.460437274053692835e+00 1.960000000000000000e+02
1.509575158283114282e+00 1.490000000000000000e+02
1.558713042512535951e+00 1.540000000000000000e+02
1.607850926741957620e+00 1.340000000000000000e+02
1.656988810971379289e+00 1.220000000000000000e+02
1.706126695200800958e+00 9.300000000000000000e+01
1.755264579430222405e+00 8.600000000000000000e+01
1.804402463659644074e+00 7.400000000000000000e+01
1.853540347889065742e+00 7.300000000000000000e+01
1.902678232118487189e+00 6.000000000000000000e+01
1.951816116347908858e+00 5.200000000000000000e+01
2.000954000577330305e+00 4.100000000000000000e+01
2.050091884806751974e+00 2.800000000000000000e+01
2.099229769036173643e+00 1.800000000000000000e+01
2.148367653265595312e+00 1.000000000000000000e+01
2.197505537495016537e+00 1.700000000000000000e+01
2.246643421724438205e+00 1.000000000000000000e+01
2.295781305953859874e+00 3.000000000000000000e+00
2.344919190183281543e+00 1.000000000000000000e+00
2.394057074412703212e+00 2.000000000000000000e+00
2.443194958642124881e+00 1.000000000000000000e+00
