#     bins                         n
-3.122530472278595148e+00 3.000000000000000000e+00
-2.997859036922454479e+00 0.000000000000000000e+00
-2.873187601566314697e+00 4.000000000000000000e+00
-2.748516166210174916e+00 7.000000000000000000e+00
-2.623844730854034246e+00 1.900000000000000000e+01
-2.499173295497894465e+00 2.000000000000000000e+01
-2.374501860141753795e+00 3.800000000000000000e+01
-2.249830424785614014e+00 6.000000000000000000e+01
-2.125158989429474232e+00 6.500000000000000000e+01
-2.000487554073333563e+00 8.900000000000000000e+01
-1.875816118717193559e+00 1.050000000000000000e+02
-1.751144683361053334e+00 1.340000000000000000e+02
-1.626473248004913108e+00 1.640000000000000000e+02
-1.501801812648773105e+00 2.120000000000000000e+02
-1.377130377292632879e+00 2.270000000000000000e+02
-1.252458941936492876e+00 2.360000000000000000e+02
-1.127787506580352650e+00 2.600000000000000000e+02
-1.003116071224212424e+00 2.850000000000000000e+02
-8.784446358680721989e-01 3.180000000000000000e+02
-7.537732005119324175e-01 3.160000000000000000e+02
-6.291017651557921919e-01 2.730000000000000000e+02
-5.044303297996519664e-01 3.160000000000000000e+02
-3.797588944435117408e-01 3.160000000000000000e+02
-2.550874590873715153e-01 4.010000000000000000e+02
-1.304160237312312898e-01 5.070000000000000000e+02
-5.744588375091508325e-03 5.940000000000000000e+02
1.189268469810487172e-01 7.340000000000000000e+02
2.435982823371889427e-01 6.700000000000000000e+02
3.682697176933291683e-01 5.490000000000000000e+02
4.929411530494693938e-01 4.620000000000000000e+02
6.176125884056091753e-01 3.770000000000000000e+02
7.422840237617494008e-01 3.300000000000000000e+02
8.669554591178896263e-01 2.700000000000000000e+02
9.916268944740294078e-01 2.230000000000000000e+02
1.116298329830170077e+00 2.070000000000000000e+02
1.240969765186309859e+00 1.920000000000000000e+02
1.365641200542450528e+00 1.320000000000000000e+02
1.490312635898590310e+00 1.320000000000000000e+02
1.614984071254730091e+00 1.340000000000000000e+02
1.739655506610870761e+00 1.050000000000000000e+02
1.864326941967010542e+00 1.020000000000000000e+02
1.988998377323151212e+00 9.400000000000000000e+01
2.113669812679290771e+00 7.300000000000000000e+01
2.238341248035430553e+00 5.100000000000000000e+01
2.363012683391571223e+00 3.300000000000000000e+01
2.487684118747711004e+00 3.200000000000000000e+01
2.612355554103851674e+00 1.700000000000000000e+01
2.737026989459991455e+00 9.000000000000000000e+00
2.861698424816132125e+00 3.000000000000000000e+00
2.986369860172271906e+00 4.000000000000000000e+00
