#     bins                         n
-3.013293180465698384e+00 2.000000000000000000e+00
-2.890380125045775905e+00 1.000000000000000000e+01
-2.767467069625854315e+00 1.300000000000000000e+01
-2.644554014205932724e+00 1.300000000000000000e+01
-2.521640958786011133e+00 2.300000000000000000e+01
-2.398727903366088654e+00 4.100000000000000000e+01
-2.275814847946167063e+00 4.600000000000000000e+01
-2.152901792526245472e+00 4.600000000000000000e+01
-2.029988737106322993e+00 7.100000000000000000e+01
-1.907075681686401403e+00 9.300000000000000000e+01
-1.784162626266479590e+00 1.060000000000000000e+02
-1.661249570846557555e+00 1.340000000000000000e+02
-1.538336515426635742e+00 1.790000000000000000e+02
-1.415423460006713929e+00 1.990000000000000000e+02
-1.292510404586791894e+00 1.900000000000000000e+02
-1.169597349166870082e+00 2.130000000000000000e+02
-1.046684293746948269e+00 2.770000000000000000e+02
-9.237712383270262340e-01 2.700000000000000000e+02
-8.008581829071046432e-01 3.140000000000000000e+02
-6.779451274871826083e-01 3.240000000000000000e+02
-5.550320720672610175e-01 3.690000000000000000e+02
-4.321190166473389827e-01 4.220000000000000000e+02
-3.092059612274169478e-01 5.100000000000000000e+02
-1.862929058074953570e-01 5.080000000000000000e+02
-6.337985038757332212e-02 5.290000000000000000e+02
5.953320503234871275e-02 5.290000000000000000e+02
1.824462604522703035e-01 5.090000000000000000e+02
3.053593158721923384e-01 4.900000000000000000e+02
4.282723712921143733e-01 4.520000000000000000e+02
5.511854267120359641e-01 4.010000000000000000e+02
6.740984821319579989e-01 3.870000000000000000e+02
7.970115375518795897e-01 3.160000000000000000e+02
9.199245929718016246e-01 2.820000000000000000e+02
1.042837648391723215e+00 2.620000000000000000e+02
1.165750703811645694e+00 2.310000000000000000e+02
1.288663759231567285e+00 2.090000000000000000e+02
1.411576814651488876e+00 1.770000000000000000e+02
1.534489870071411355e+00 1.640000000000000000e+02
1.657402925491332946e+00 1.130000000000000000e+02
1.780315980911254536e+00 1.000000000000000000e+02
1.903229036331176127e+00 9.000000000000000000e+01
2.026142091751098384e+00 7.000000000000000000e+01
2.149055147171019975e+00 6.700000000000000000e+01
2.271968202590941566e+00 6.100000000000000000e+01
2.394881258010864045e+00 3.300000000000000000e+01
2.517794313430785635e+00 2.200000000000000000e+01
2.640707368850707226e+00 1.200000000000000000e+01
2.763620424270629705e+00 7.000000000000000000e+00
2.886533479690551296e+00 6.000000000000000000e+00
3.009446535110472887e+00 2.000000000000000000e+00
