#     bins                         n
-3.226433260440826345e+00 4.000000000000000000e+00
-3.091058204174041535e+00 5.000000000000000000e+00
-2.955683147907257169e+00 1.000000000000000000e+01
-2.820308091640472359e+00 9.000000000000000000e+00
-2.684933035373687549e+00 1.800000000000000000e+01
-2.549557979106903183e+00 2.200000000000000000e+01
-2.414182922840118373e+00 4.700000000000000000e+01
-2.278807866573333563e+00 6.300000000000000000e+01
-2.143432810306548753e+00 7.500000000000000000e+01
-2.008057754039764387e+00 8.600000000000000000e+01
-1.872682697772979576e+00 1.010000000000000000e+02
-1.737307641506194988e+00 1.010000000000000000e+02
-1.601932585239410400e+00 1.260000000000000000e+02
-1.466557528972625590e+00 1.800000000000000000e+02
-1.331182472705841002e+00 1.790000000000000000e+02
-1.195807416439056414e+00 2.260000000000000000e+02
-1.060432360172271604e+00 2.810000000000000000e+02
-9.250573039054867941e-01 3.130000000000000000e+02
-7.896822476387024281e-01 3.870000000000000000e+02
-6.543071913719176180e-01 4.330000000000000000e+02
-5.189321351051328080e-01 4.750000000000000000e+02
-3.835570788383484420e-01 5.190000000000000000e+02
-2.481820225715636319e-01 5.160000000000000000e+02
-1.128069663047788218e-01 5.900000000000000000e+02
2.256808996200554418e-02 5.860000000000000000e+02
1.579431462287903543e-01 5.770000000000000000e+02
2.933182024955751643e-01 5.500000000000000000e+02
4.286932587623599744e-01 4.860000000000000000e+02
5.640683150291443404e-01 4.410000000000000000e+02
6.994433712959291505e-01 4.050000000000000000e+02
8.348184275627135165e-01 3.720000000000000000e+02
9.701934838294983265e-01 3.310000000000000000e+02
1.105568540096283137e+00 2.450000000000000000e+02
1.240943596363067947e+00 2.110000000000000000e+02
1.376318652629852757e+00 1.740000000000000000e+02
1.511693708896637567e+00 1.620000000000000000e+02
1.647068765163421489e+00 1.230000000000000000e+02
1.782443821430206299e+00 1.000000000000000000e+02
1.917818877696991109e+00 8.300000000000000000e+01
2.053193933963775919e+00 6.700000000000000000e+01
2.188568990230560729e+00 4.900000000000000000e+01
2.323944046497345539e+00 4.600000000000000000e+01
2.459319102764129461e+00 4.100000000000000000e+01
2.594694159030914271e+00 3.100000000000000000e+01
2.730069215297699081e+00 2.400000000000000000e+01
2.865444271564483891e+00 8.000000000000000000e+00
3.000819327831268701e+00 7.000000000000000000e+00
3.136194384098053511e+00 3.000000000000000000e+00
3.271569440364837433e+00 1.000000000000000000e+00
3.406944496631622243e+00 1.000000000000000000e+00
