#     bins                         n
-3.112477743625640780e+00 1.000000000000000000e+00
-2.984664809703826638e+00 2.000000000000000000e+00
-2.856851875782012939e+00 7.000000000000000000e+00
-2.729038941860198797e+00 8.000000000000000000e+00
-2.601226007938385099e+00 1.000000000000000000e+01
-2.473413074016570956e+00 2.700000000000000000e+01
-2.345600140094756814e+00 4.400000000000000000e+01
-2.217787206172942671e+00 4.900000000000000000e+01
-2.089974272251128973e+00 5.900000000000000000e+01
-1.962161338329315274e+00 8.700000000000000000e+01
-1.834348404407501132e+00 1.110000000000000000e+02
-1.706535470485686989e+00 1.360000000000000000e+02
-1.578722536563873069e+00 1.810000000000000000e+02
-1.450909602642059149e+00 1.850000000000000000e+02
-1.323096668720245006e+00 2.200000000000000000e+02
-1.195283734798431086e+00 2.810000000000000000e+02
-1.067470800876617165e+00 2.800000000000000000e+02
-9.396578669548030227e-01 3.060000000000000000e+02
-8.118449330329893243e-01 3.860000000000000000e+02
-6.840319991111751818e-01 3.380000000000000000e+02
-5.562190651893614834e-01 3.670000000000000000e+02
-4.284061312675473410e-01 4.470000000000000000e+02
-3.005931973457331985e-01 4.710000000000000000e+02
-1.727802634239195001e-01 4.820000000000000000e+02
-4.496732950210535762e-02 5.380000000000000000e+02
8.284560441970878486e-02 5.230000000000000000e+02
2.106585383415224833e-01 4.720000000000000000e+02
3.384714722633366257e-01 4.580000000000000000e+02
4.662844061851507682e-01 4.220000000000000000e+02
5.940973401069644666e-01 4.350000000000000000e+02
7.219102740287786091e-01 3.820000000000000000e+02
8.497232079505923075e-01 3.520000000000000000e+02
9.775361418724064499e-01 3.100000000000000000e+02
1.105349075794220592e+00 2.750000000000000000e+02
1.233162009716034735e+00 2.540000000000000000e+02
1.360974943637847989e+00 2.130000000000000000e+02
1.488787877559662132e+00 1.880000000000000000e+02
1.616600811481476274e+00 1.510000000000000000e+02
1.744413745403290417e+00 9.900000000000000000e+01
1.872226679325104559e+00 8.800000000000000000e+01
2.000039613246917813e+00 8.100000000000000000e+01
2.127852547168731956e+00 5.700000000000000000e+01
2.255665481090546098e+00 4.700000000000000000e+01
2.383478415012360241e+00 2.800000000000000000e+01
2.511291348934174383e+00 2.200000000000000000e+01
2.639104282855988526e+00 1.300000000000000000e+01
2.766917216777801780e+00 5.000000000000000000e+00
2.894730150699615923e+00 3.000000000000000000e+00
3.022543084621430065e+00 4.000000000000000000e+00
3.150356018543244208e+00 1.000000000000000000e+00
