#     bins                         n
-3.224338855743408061e+00 2.000000000000000000e+00
-3.095630664825439915e+00 2.000000000000000000e+00
-2.966922473907470881e+00 5.000000000000000000e+00
-2.838214282989501847e+00 1.100000000000000000e+01
-2.709506092071532812e+00 1.000000000000000000e+01
-2.580797901153564666e+00 1.500000000000000000e+01
-2.452089710235595632e+00 3.600000000000000000e+01
-2.323381519317626598e+00 4.600000000000000000e+01
-2.194673328399658452e+00 4.400000000000000000e+01
-2.065965137481689418e+00 6.000000000000000000e+01
-1.937256946563720605e+00 9.000000000000000000e+01
-1.808548755645752015e+00 1.080000000000000000e+02
-1.679840564727783203e+00 1.420000000000000000e+02
-1.551132373809814391e+00 1.490000000000000000e+02
-1.422424182891845801e+00 1.830000000000000000e+02
-1.293715991973876989e+00 2.350000000000000000e+02
-1.165007801055908176e+00 2.480000000000000000e+02
-1.036299610137939586e+00 2.880000000000000000e+02
-9.075914192199705521e-01 3.150000000000000000e+02
-7.788832283020019620e-01 3.740000000000000000e+02
-6.501750373840329278e-01 3.970000000000000000e+02
-5.214668464660643377e-01 4.150000000000000000e+02
-3.927586555480957475e-01 5.090000000000000000e+02
-2.640504646301267133e-01 4.850000000000000000e+02
-1.353422737121581232e-01 4.970000000000000000e+02
-6.634082794189533061e-03 5.040000000000000000e+02
1.220741081237795012e-01 4.910000000000000000e+02
2.507822990417480913e-01 5.020000000000000000e+02
3.794904899597166814e-01 4.920000000000000000e+02
5.081986808776857156e-01 4.540000000000000000e+02
6.369068717956543058e-01 3.880000000000000000e+02
7.656150627136233400e-01 3.580000000000000000e+02
8.943232536315919301e-01 3.420000000000000000e+02
1.023031444549560964e+00 2.810000000000000000e+02
1.151739635467529110e+00 2.490000000000000000e+02
1.280447826385498145e+00 2.380000000000000000e+02
1.409156017303467179e+00 1.950000000000000000e+02
1.537864208221435325e+00 1.820000000000000000e+02
1.666572399139404359e+00 1.570000000000000000e+02
1.795280590057373393e+00 1.210000000000000000e+02
1.923988780975342427e+00 8.600000000000000000e+01
2.052696971893310796e+00 6.500000000000000000e+01
2.181405162811279830e+00 5.100000000000000000e+01
2.310113353729248864e+00 3.300000000000000000e+01
2.438821544647217010e+00 2.800000000000000000e+01
2.567529735565186044e+00 1.600000000000000000e+01
2.696237926483155078e+00 1.500000000000000000e+01
2.824946117401123225e+00 1.000000000000000000e+01
2.953654308319092259e+00 2.000000000000000000e+00
3.082362499237061293e+00 1.000000000000000000e+00
