#     bins                         n
-3.325686645507812678e+00 1.000000000000000000e+00
-3.194095706939696910e+00 3.000000000000000000e+00
-3.062504768371582031e+00 3.000000000000000000e+00
-2.930913829803467152e+00 5.000000000000000000e+00
-2.799322891235351385e+00 1.700000000000000000e+01
-2.667731952667236506e+00 1.100000000000000000e+01
-2.536141014099120738e+00 2.700000000000000000e+01
-2.404550075531005859e+00 3.000000000000000000e+01
-2.272959136962890980e+00 4.500000000000000000e+01
-2.141368198394775213e+00 6.100000000000000000e+01
-2.009777259826660334e+00 8.800000000000000000e+01
-1.878186321258544789e+00 8.000000000000000000e+01
-1.746595382690429465e+00 1.070000000000000000e+02
-1.615004444122314364e+00 1.190000000000000000e+02
-1.483413505554199041e+00 1.610000000000000000e+02
-1.351822566986083940e+00 1.980000000000000000e+02
-1.220231628417968617e+00 2.510000000000000000e+02
-1.088640689849853294e+00 3.270000000000000000e+02
-9.570497512817379704e-01 4.040000000000000000e+02
-8.254588127136230913e-01 3.840000000000000000e+02
-6.938678741455077681e-01 3.800000000000000000e+02
-5.622769355773924449e-01 4.700000000000000000e+02
-4.306859970092771217e-01 4.590000000000000000e+02
-2.990950584411617985e-01 4.770000000000000000e+02
-1.675041198730464753e-01 4.770000000000000000e+02
-3.591318130493159622e-02 4.680000000000000000e+02
9.567775726318372698e-02 5.040000000000000000e+02
2.272686958312990502e-01 4.940000000000000000e+02
3.588596343994143734e-01 5.060000000000000000e+02
4.904505729675296966e-01 4.800000000000000000e+02
6.220415115356445757e-01 4.260000000000000000e+02
7.536324501037603429e-01 3.850000000000000000e+02
8.852233886718752220e-01 3.630000000000000000e+02
1.016814327239990101e+00 3.200000000000000000e+02
1.148405265808105868e+00 2.440000000000000000e+02
1.279996204376220748e+00 2.440000000000000000e+02
1.411587142944336515e+00 1.880000000000000000e+02
1.543178081512451394e+00 1.610000000000000000e+02
1.674769020080566273e+00 1.200000000000000000e+02
1.806359958648682040e+00 1.030000000000000000e+02
1.937950897216796919e+00 8.600000000000000000e+01
2.069541835784912465e+00 7.300000000000000000e+01
2.201132774353027344e+00 4.900000000000000000e+01
2.332723712921142223e+00 4.000000000000000000e+01
2.464314651489257990e+00 3.000000000000000000e+01
2.595905590057372869e+00 2.100000000000000000e+01
2.727496528625488637e+00 1.700000000000000000e+01
2.859087467193603516e+00 5.000000000000000000e+00
2.990678405761719283e+00 2.000000000000000000e+00
3.122269344329834162e+00 3.000000000000000000e+00
