#     bins                         n
-3.266571397781372177e+00 3.000000000000000000e+00
-3.130317316055298171e+00 2.000000000000000000e+00
-2.994063234329223722e+00 1.000000000000000000e+01
-2.857809152603149272e+00 1.100000000000000000e+01
-2.721555070877075266e+00 9.000000000000000000e+00
-2.585300989151001261e+00 2.300000000000000000e+01
-2.449046907424926811e+00 2.200000000000000000e+01
-2.312792825698852361e+00 4.000000000000000000e+01
-2.176538743972778356e+00 5.300000000000000000e+01
-2.040284662246704350e+00 7.000000000000000000e+01
-1.904030580520629901e+00 8.400000000000000000e+01
-1.767776498794555673e+00 1.270000000000000000e+02
-1.631522417068481445e+00 1.150000000000000000e+02
-1.495268335342407218e+00 1.570000000000000000e+02
-1.359014253616332990e+00 2.040000000000000000e+02
-1.222760171890258540e+00 2.610000000000000000e+02
-1.086506090164184535e+00 3.150000000000000000e+02
-9.502520084381105292e-01 3.610000000000000000e+02
-8.139979267120360795e-01 3.800000000000000000e+02
-6.777438449859616298e-01 4.160000000000000000e+02
-5.414897632598876243e-01 4.660000000000000000e+02
-4.052356815338136187e-01 5.240000000000000000e+02
-2.689815998077391690e-01 5.380000000000000000e+02
-1.327275180816647193e-01 5.190000000000000000e+02
3.526563644409286269e-03 5.450000000000000000e+02
1.397806453704832919e-01 4.880000000000000000e+02
2.760347270965577415e-01 5.250000000000000000e+02
4.122888088226321912e-01 5.020000000000000000e+02
5.485428905487061968e-01 4.720000000000000000e+02
6.847969722747802024e-01 4.250000000000000000e+02
8.210510540008550961e-01 3.780000000000000000e+02
9.573051357269291017e-01 3.410000000000000000e+02
1.093559217453003107e+00 2.680000000000000000e+02
1.229813299179077113e+00 2.430000000000000000e+02
1.366067380905151118e+00 2.310000000000000000e+02
1.502321462631226012e+00 1.680000000000000000e+02
1.638575544357300018e+00 1.340000000000000000e+02
1.774829626083374023e+00 1.020000000000000000e+02
1.911083707809448917e+00 9.200000000000000000e+01
2.047337789535522923e+00 7.600000000000000000e+01
2.183591871261596928e+00 6.300000000000000000e+01
2.319845952987670934e+00 4.100000000000000000e+01
2.456100034713744940e+00 2.800000000000000000e+01
2.592354116439819833e+00 2.500000000000000000e+01
2.728608198165893839e+00 2.400000000000000000e+01
2.864862279891967844e+00 1.000000000000000000e+01
3.001116361618042738e+00 1.000000000000000000e+01
3.137370443344116744e+00 1.000000000000000000e+00
3.273624525070190749e+00 2.000000000000000000e+00
3.409878606796264755e+00 2.000000000000000000e+00
