#     bins                         n
-3.596589841842651403e+00 2.000000000000000000e+00
-3.459720010757446396e+00 1.000000000000000000e+00
-3.322850179672241389e+00 0.000000000000000000e+00
-3.185980348587036382e+00 1.000000000000000000e+00
-3.049110517501830930e+00 6.000000000000000000e+00
-2.912240686416625923e+00 1.600000000000000000e+01
-2.775370855331420916e+00 1.500000000000000000e+01
-2.638501024246215909e+00 3.500000000000000000e+01
-2.501631193161010458e+00 4.800000000000000000e+01
-2.364761362075805451e+00 4.600000000000000000e+01
-2.227891530990600444e+00 5.600000000000000000e+01
-2.091021699905395437e+00 8.300000000000000000e+01
-1.954151868820190430e+00 1.070000000000000000e+02
-1.817282037734985201e+00 1.090000000000000000e+02
-1.680412206649780194e+00 1.250000000000000000e+02
-1.543542375564574964e+00 1.470000000000000000e+02
-1.406672544479369957e+00 1.640000000000000000e+02
-1.269802713394164950e+00 1.830000000000000000e+02
-1.132932882308959943e+00 2.230000000000000000e+02
-9.960630512237544920e-01 2.730000000000000000e+02
-8.591932201385494849e-01 3.320000000000000000e+02
-7.223233890533444779e-01 3.680000000000000000e+02
-5.854535579681394708e-01 4.050000000000000000e+02
-4.485837268829344637e-01 4.880000000000000000e+02
-3.117138957977294567e-01 5.530000000000000000e+02
-1.748440647125240055e-01 5.850000000000000000e+02
-3.797423362731899843e-02 6.390000000000000000e+02
9.889559745788600864e-02 6.590000000000000000e+02
2.357654285430910157e-01 6.280000000000000000e+02
3.726352596282960228e-01 5.880000000000000000e+02
5.095050907135014739e-01 4.920000000000000000e+02
6.463749217987064810e-01 4.060000000000000000e+02
7.832447528839114881e-01 3.610000000000000000e+02
9.201145839691164952e-01 2.960000000000000000e+02
1.056984415054321502e+00 2.180000000000000000e+02
1.193854246139526509e+00 2.160000000000000000e+02
1.330724077224731516e+00 1.850000000000000000e+02
1.467593908309936523e+00 1.850000000000000000e+02
1.604463739395142419e+00 1.350000000000000000e+02
1.741333570480347426e+00 1.110000000000000000e+02
1.878203401565552433e+00 9.500000000000000000e+01
2.015073232650757440e+00 8.500000000000000000e+01
2.151943063735962447e+00 5.500000000000000000e+01
2.288812894821167454e+00 3.300000000000000000e+01
2.425682725906372461e+00 4.500000000000000000e+01
2.562552556991577468e+00 3.100000000000000000e+01
2.699422388076782475e+00 2.100000000000000000e+01
2.836292219161987482e+00 1.700000000000000000e+01
2.973162050247192489e+00 7.000000000000000000e+00
3.110031881332398385e+00 3.000000000000000000e+00
