-1.369349939835164287e+00 -3.676886148525664311e+00 -2.271011928224675014e+00 -2.277278356405660453e+00
-1.283656674440551537e+00 -6.038564687137342180e-01 1.319841740683567632e+00 4.347434045543987047e+00
-1.197963409045939009e+00 2.920222225313914288e-01 1.643772259576599559e+00 1.977275169581270697e+00
-1.112270143651326482e+00 -1.305866127498895857e-01 8.368086228812013916e-01 2.237906675956175540e-01
-1.026576878256713732e+00 -9.828231137517873250e-02 3.560854652868811754e-01 1.429623225727256752e-01
-9.408836128621012040e-01 1.091201437585714862e-01 -1.992726572692387066e-01 2.656034526989992650e-01
-8.551903474674885652e-01 -2.807267821696644017e-01 -5.314775814189326431e-01 -5.384909791806522517e-01
-7.694970820728758154e-01 -1.441080927554254654e-01 -2.217099831269364330e-01 7.512760633125255272e-02
-6.838038166782632876e-01 -5.003465771034809606e-02 -4.875557066359668956e-02 2.924603823712650374e-01
-5.981105512836506488e-01 -5.381535595283692963e-02 -1.919321132972932886e-01 -1.580447956866288806e-01
-5.124172858890378990e-01 1.259503476943157896e-02 -2.118795729650132798e-01 -3.260767945809553425e-01
-4.267240204944253157e-01 -1.230665772343073616e-01 -3.361376689784855709e-01 -1.295107742256464967e-01
-3.410307550998127324e-01 -2.489295883173570090e-02 -5.411294587375795606e-01 -2.378429943812005176e-01
-2.553374897052000936e-01 -4.585591661592802737e-02 -8.042467969441797759e-01 -3.319561812005668022e-01
-1.696442243105874548e-01 -3.162751851917944279e-03 -1.103163328631370677e+00 -2.707041748629733235e-01
-8.395095891597487148e-02 -1.775557163754437617e-02 -1.529137788402646692e+00 -2.752070283334441814e-01
1.742306478637697725e-03 -2.699395695165596187e-02 -2.106947095882993892e+00 -1.862191020504697092e-01
8.743557187325035063e-02 -3.269563397850938635e-02 -2.536804059822422630e+00 -1.077137977083544584e-01
1.731288372678630172e-01 -2.428767796277209179e-02 -2.631564528187094076e+00 -3.042089158828619189e-01
2.588221026624756282e-01 -6.054586158840313814e-02 -2.742478789316982191e+00 -4.353404680455018605e-01
3.445153680570883226e-01 -4.657486485047424019e-02 -3.002419208880978463e+00 -3.714600778463182373e-01
4.302086334517009059e-01 -4.935465032303931743e-02 -2.962483749456489512e+00 -3.949691121902991764e-01
5.159018988463134336e-01 -3.494132186289711228e-02 -2.685325239789044360e+00 -7.648695145668831241e-01
6.015951642409259614e-01 -4.633896351726241036e-02 -2.942429300777436474e+00 -7.142076009944697823e-01
6.872884296355387113e-01 -4.104099061786548042e-02 -3.410991733119568270e+00 -2.588561265696282532e-01
7.729816950301514611e-01 -2.480693666723210455e-02 -2.984383735004467741e+00 -5.009438617617776313e-01
8.586749604247639889e-01 -1.375510057990725343e-02 -2.717523553278990533e+00 -7.547378355738164624e-01
9.443682258193765167e-01 -2.132318579670311465e-02 -2.824755075154268269e+00 -7.250419214872505513e-01
1.030061491213989378e+00 4.068295723951909082e-02 -2.975593891480773134e+00 -6.533537376560855092e-01
1.115754756608602127e+00 9.192173776122780637e-02 -2.891846775114512713e+00 -8.175629638074424221e-01
1.201448022003214433e+00 1.707521690163724681e-01 -3.445659035582225638e+00 -3.085720035775446624e-01
1.287141287397826961e+00 2.361868511600523357e-01 -3.382218012479217606e+00 -1.194215148118677738e-01
1.372834552792439711e+00 2.894068342190269094e-01 -2.339392743285589660e+00 -7.999881075522066176e-01
1.458527818187052461e+00 3.906057502216453425e-01 -2.557909352808996672e+00 -6.262246312391742675e-01
1.544221083581664988e+00 4.954163416495566130e-01 -2.876114889886483450e+00 -7.127944489794015848e-01
1.629914348976277516e+00 5.721004402271556710e-01 -2.642007161815322913e+00 -2.860604204323053956e-01
1.715607614370890266e+00 7.287777668866703973e-01 -2.547587074531432627e+00 1.494418912538734601e+00
1.801300879765503016e+00 8.640770614274565498e-01 -2.927799814543984969e+00 2.405629899097161406e+00
1.886994145160115544e+00 9.283447648513665218e-01 -3.340776649692085432e+00 2.008628705167990969e+00
1.972687410554728293e+00 9.573100776051062244e-01 -3.438920896533700144e+00 1.180627750191921121e+00
2.058380675949340599e+00 9.726585554469732164e-01 -3.217655686648202895e+00 2.054286402255034102e-02
2.144073941343953127e+00 9.811076688148140379e-01 -2.893326885567709006e+00 -7.566510464648242840e-01
2.229767206738566099e+00 9.860238753885400831e-01 -2.648241381412931972e+00 2.982994927102630145e-01
2.315460472133178627e+00 9.914221915637696503e-01 -2.583914708596567689e+00 1.480569793656121735e+00
2.401153737527791154e+00 9.945972534136584553e-01 -2.756952735860380255e+00 1.196129773486519277e+00
2.486847002922404126e+00 9.964782207096151145e-01 -2.918242099312825300e+00 7.911289989908032450e-01
