#     bins                         n
-2.855464267730712713e+00 4.000000000000000000e+00
-2.737252140045166371e+00 6.000000000000000000e+00
-2.619040012359619141e+00 1.400000000000000000e+01
-2.500827884674071910e+00 3.000000000000000000e+01
-2.382615756988525568e+00 3.800000000000000000e+01
-2.264403629302978338e+00 3.600000000000000000e+01
-2.146191501617431996e+00 6.900000000000000000e+01
-2.027979373931884766e+00 8.400000000000000000e+01
-1.909767246246337979e+00 1.200000000000000000e+02
-1.791555118560791193e+00 1.210000000000000000e+02
-1.673342990875244185e+00 1.190000000000000000e+02
-1.555130863189697399e+00 1.580000000000000000e+02
-1.436918735504150613e+00 1.400000000000000000e+02
-1.318706607818603604e+00 1.800000000000000000e+02
-1.200494480133056818e+00 2.180000000000000000e+02
-1.082282352447509810e+00 2.120000000000000000e+02
-9.640702247619630239e-01 2.840000000000000000e+02
-8.458580970764162377e-01 3.040000000000000000e+02
-7.276459693908694515e-01 2.960000000000000000e+02
-6.094338417053222212e-01 3.740000000000000000e+02
-4.912217140197754350e-01 4.090000000000000000e+02
-3.730095863342286489e-01 4.480000000000000000e+02
-2.547974586486818627e-01 4.790000000000000000e+02
-1.365853309631350765e-01 4.770000000000000000e+02
-1.837320327758829031e-02 4.890000000000000000e+02
9.983892440795893997e-02 5.060000000000000000e+02
2.180510520935057261e-01 5.030000000000000000e+02
3.362631797790525123e-01 4.340000000000000000e+02
4.544753074645992985e-01 4.160000000000000000e+02
5.726874351501460847e-01 3.790000000000000000e+02
6.908995628356933150e-01 3.340000000000000000e+02
8.091116905212401011e-01 3.250000000000000000e+02
9.273238182067868873e-01 2.910000000000000000e+02
1.045535945892333674e+00 2.460000000000000000e+02
1.163748073577880460e+00 2.040000000000000000e+02
1.281960201263427690e+00 1.920000000000000000e+02
1.400172328948974032e+00 1.870000000000000000e+02
1.518384456634521262e+00 1.520000000000000000e+02
1.636596584320068493e+00 1.390000000000000000e+02
1.754808712005614835e+00 1.120000000000000000e+02
1.873020839691162065e+00 9.800000000000000000e+01
1.991232967376708407e+00 7.600000000000000000e+01
2.109445095062255859e+00 7.200000000000000000e+01
2.227657222747803090e+00 4.800000000000000000e+01
2.345869350433349432e+00 2.700000000000000000e+01
2.464081478118896662e+00 2.500000000000000000e+01
2.582293605804443004e+00 1.500000000000000000e+01
2.700505733489990234e+00 7.000000000000000000e+00
2.818717861175536576e+00 0.000000000000000000e+00
2.936929988861083807e+00 5.000000000000000000e+00
