#     bins                         n
-3.080633258819580167e+00 6.000000000000000000e+00
-2.954643058776855735e+00 5.000000000000000000e+00
-2.828652858734130859e+00 9.000000000000000000e+00
-2.702662658691406428e+00 2.400000000000000000e+01
-2.576672458648681552e+00 1.700000000000000000e+01
-2.450682258605957120e+00 2.600000000000000000e+01
-2.324692058563232688e+00 3.600000000000000000e+01
-2.198701858520508257e+00 4.300000000000000000e+01
-2.072711658477783381e+00 7.000000000000000000e+01
-1.946721458435058505e+00 7.700000000000000000e+01
-1.820731258392334073e+00 1.100000000000000000e+02
-1.694741058349609641e+00 1.350000000000000000e+02
-1.568750858306884988e+00 1.600000000000000000e+02
-1.442760658264160334e+00 1.690000000000000000e+02
-1.316770458221435902e+00 1.920000000000000000e+02
-1.190780258178711248e+00 2.110000000000000000e+02
-1.064790058135986595e+00 2.880000000000000000e+02
-9.387998580932621628e-01 3.150000000000000000e+02
-8.128096580505372870e-01 3.170000000000000000e+02
-6.868194580078128553e-01 3.710000000000000000e+02
-5.608292579650879794e-01 4.390000000000000000e+02
-4.348390579223635477e-01 4.430000000000000000e+02
-3.088488578796391160e-01 4.760000000000000000e+02
-1.828586578369142401e-01 4.870000000000000000e+02
-5.686845779418980840e-02 5.440000000000000000e+02
6.912174224853462334e-02 4.860000000000000000e+02
1.951119422912594992e-01 4.830000000000000000e+02
3.211021423339839309e-01 4.840000000000000000e+02
4.470923423767083627e-01 4.310000000000000000e+02
5.730825424194332385e-01 4.360000000000000000e+02
6.990727424621576702e-01 3.940000000000000000e+02
8.250629425048825460e-01 3.540000000000000000e+02
9.510531425476069778e-01 2.940000000000000000e+02
1.077043342590331410e+00 2.820000000000000000e+02
1.203033542633055841e+00 2.340000000000000000e+02
1.329023742675781161e+00 1.990000000000000000e+02
1.455013942718505593e+00 1.880000000000000000e+02
1.581004142761230025e+00 1.350000000000000000e+02
1.706994342803954456e+00 1.290000000000000000e+02
1.832984542846678888e+00 1.110000000000000000e+02
1.958974742889404208e+00 7.600000000000000000e+01
2.084964942932128640e+00 5.900000000000000000e+01
2.210955142974853072e+00 4.500000000000000000e+01
2.336945343017577503e+00 4.200000000000000000e+01
2.462935543060301935e+00 2.300000000000000000e+01
2.588925743103026367e+00 1.900000000000000000e+01
2.714915943145751687e+00 1.600000000000000000e+01
2.840906143188476118e+00 7.000000000000000000e+00
2.966896343231200550e+00 2.000000000000000000e+00
3.092886543273924982e+00 4.000000000000000000e+00
