#     bins                         n
-3.774121253490448247e+00 1.000000000000000000e+00
-3.627266314029693461e+00 0.000000000000000000e+00
-3.480411374568939564e+00 0.000000000000000000e+00
-3.333556435108184779e+00 2.000000000000000000e+00
-3.186701495647430882e+00 2.000000000000000000e+00
-3.039846556186676096e+00 1.000000000000000000e+00
-2.892991616725921311e+00 9.000000000000000000e+00
-2.746136677265167414e+00 1.200000000000000000e+01
-2.599281737804412629e+00 1.900000000000000000e+01
-2.452426798343658731e+00 2.900000000000000000e+01
-2.305571858882903946e+00 4.500000000000000000e+01
-2.158716919422150049e+00 5.600000000000000000e+01
-2.011861979961395264e+00 8.500000000000000000e+01
-1.865007040500640922e+00 1.110000000000000000e+02
-1.718152101039886359e+00 1.320000000000000000e+02
-1.571297161579132018e+00 1.750000000000000000e+02
-1.424442222118377677e+00 2.330000000000000000e+02
-1.277587282657623335e+00 2.780000000000000000e+02
-1.130732343196868994e+00 3.290000000000000000e+02
-9.838774037361146529e-01 3.900000000000000000e+02
-8.370224642753603117e-01 3.850000000000000000e+02
-6.901675248146055264e-01 4.590000000000000000e+02
-5.433125853538511851e-01 4.850000000000000000e+02
-3.964576458930968439e-01 5.010000000000000000e+02
-2.496027064323425027e-01 5.770000000000000000e+02
-1.027477669715881614e-01 5.420000000000000000e+02
4.410717248916617983e-02 5.580000000000000000e+02
1.909621119499205211e-01 5.410000000000000000e+02
3.378170514106753064e-01 5.170000000000000000e+02
4.846719908714292036e-01 5.290000000000000000e+02
6.315269303321839889e-01 4.650000000000000000e+02
7.783818697929378860e-01 4.390000000000000000e+02
9.252368092536926714e-01 3.990000000000000000e+02
1.072091748714447457e+00 3.440000000000000000e+02
1.218946688175201354e+00 2.900000000000000000e+02
1.365801627635956139e+00 2.040000000000000000e+02
1.512656567096710036e+00 1.930000000000000000e+02
1.659511506557464822e+00 1.390000000000000000e+02
1.806366446018218719e+00 1.160000000000000000e+02
1.953221385478973504e+00 7.900000000000000000e+01
2.100076324939727179e+00 5.800000000000000000e+01
2.246931264400481965e+00 5.300000000000000000e+01
2.393786203861236750e+00 3.400000000000000000e+01
2.540641143321990647e+00 2.300000000000000000e+01
2.687496082782745432e+00 2.100000000000000000e+01
2.834351022243499330e+00 9.000000000000000000e+00
2.981205961704254115e+00 6.000000000000000000e+00
3.128060901165008012e+00 3.000000000000000000e+00
3.274915840625762797e+00 1.000000000000000000e+00
3.421770780086517583e+00 3.000000000000000000e+00
