#     bins                         n
-3.474169378280639542e+00 1.000000000000000000e+00
-3.335534467697143235e+00 2.000000000000000000e+00
-3.196899557113647372e+00 2.000000000000000000e+00
-3.058264646530151509e+00 6.000000000000000000e+00
-2.919629735946655202e+00 9.000000000000000000e+00
-2.780994825363158895e+00 1.000000000000000000e+01
-2.642359914779663033e+00 1.500000000000000000e+01
-2.503725004196167170e+00 2.600000000000000000e+01
-2.365090093612670863e+00 3.000000000000000000e+01
-2.226455183029174556e+00 3.000000000000000000e+01
-2.087820272445678693e+00 7.200000000000000000e+01
-1.949185361862182830e+00 7.700000000000000000e+01
-1.810550451278686523e+00 1.290000000000000000e+02
-1.671915540695190439e+00 1.370000000000000000e+02
-1.533280630111694354e+00 2.040000000000000000e+02
-1.394645719528198491e+00 1.930000000000000000e+02
-1.256010808944702184e+00 2.610000000000000000e+02
-1.117375898361205877e+00 2.970000000000000000e+02
-9.787409877777100142e-01 3.460000000000000000e+02
-8.401060771942141514e-01 3.820000000000000000e+02
-7.014711666107178445e-01 4.190000000000000000e+02
-5.628362560272215376e-01 4.670000000000000000e+02
-4.242013454437256748e-01 4.670000000000000000e+02
-2.855664348602298119e-01 5.270000000000000000e+02
-1.469315242767335050e-01 5.520000000000000000e+02
-8.296613693237198106e-03 5.020000000000000000e+02
1.303382968902586647e-01 5.440000000000000000e+02
2.689732074737545275e-01 5.310000000000000000e+02
4.076081180572508345e-01 4.550000000000000000e+02
5.462430286407471414e-01 4.560000000000000000e+02
6.848779392242425601e-01 4.520000000000000000e+02
8.235128498077388670e-01 4.300000000000000000e+02
9.621477603912351739e-01 3.320000000000000000e+02
1.100782670974731481e+00 2.980000000000000000e+02
1.239417581558227788e+00 2.860000000000000000e+02
1.378052492141723206e+00 2.070000000000000000e+02
1.516687402725219513e+00 1.840000000000000000e+02
1.655322313308715820e+00 1.390000000000000000e+02
1.793957223892211239e+00 1.130000000000000000e+02
1.932592134475707546e+00 1.040000000000000000e+02
2.071227045059203853e+00 5.200000000000000000e+01
2.209861955642700160e+00 5.600000000000000000e+01
2.348496866226196467e+00 4.200000000000000000e+01
2.487131776809691885e+00 2.700000000000000000e+01
2.625766687393188192e+00 1.900000000000000000e+01
2.764401597976684499e+00 1.100000000000000000e+01
2.903036508560179918e+00 4.000000000000000000e+00
3.041671419143676225e+00 5.000000000000000000e+00
3.180306329727172532e+00 1.000000000000000000e+00
3.318941240310668839e+00 1.000000000000000000e+00
