#     bins                         n
3.269256916828453680e-02 3.100000000000000000e+01
8.294516294263304390e-02 9.900000000000000000e+01
1.331977567169815302e-01 1.230000000000000000e+02
1.834503504913300442e-01 1.640000000000000000e+02
2.337029442656785305e-01 1.970000000000000000e+02
2.839555380400270446e-01 2.510000000000000000e+02
3.342081318143755864e-01 2.920000000000000000e+02
3.844607255887240727e-01 3.240000000000000000e+02
4.347133193630725589e-01 3.320000000000000000e+02
4.849659131374210452e-01 3.640000000000000000e+02
5.352185069117695315e-01 3.820000000000000000e+02
5.854711006861180733e-01 4.020000000000000000e+02
6.357236944604666151e-01 3.970000000000000000e+02
6.859762882348150459e-01 4.110000000000000000e+02
7.362288820091635877e-01 4.550000000000000000e+02
7.864814757835120185e-01 4.000000000000000000e+02
8.367340695578605603e-01 4.330000000000000000e+02
8.869866633322091021e-01 4.070000000000000000e+02
9.372392571065575329e-01 3.680000000000000000e+02
9.874918508809060747e-01 3.610000000000000000e+02
1.037744444655254394e+00 3.480000000000000000e+02
1.087997038429602936e+00 3.390000000000000000e+02
1.138249632203951478e+00 3.360000000000000000e+02
1.188502225978300020e+00 2.930000000000000000e+02
1.238754819752648562e+00 3.030000000000000000e+02
1.289007413526996881e+00 2.400000000000000000e+02
1.339260007301345423e+00 2.380000000000000000e+02
1.389512601075693965e+00 2.300000000000000000e+02
1.439765194850042507e+00 1.650000000000000000e+02
1.490017788624391049e+00 1.550000000000000000e+02
1.540270382398739368e+00 1.440000000000000000e+02
1.590522976173087910e+00 1.620000000000000000e+02
1.640775569947436452e+00 1.370000000000000000e+02
1.691028163721784994e+00 1.100000000000000000e+02
1.741280757496133536e+00 9.500000000000000000e+01
1.791533351270481855e+00 7.800000000000000000e+01
1.841785945044830397e+00 7.100000000000000000e+01
1.892038538819178939e+00 5.300000000000000000e+01
1.942291132593527481e+00 4.000000000000000000e+01
1.992543726367876022e+00 4.200000000000000000e+01
2.042796320142224342e+00 2.400000000000000000e+01
2.093048913916573106e+00 2.600000000000000000e+01
2.143301507690921426e+00 1.700000000000000000e+01
2.193554101465269746e+00 1.500000000000000000e+01
2.243806695239618509e+00 1.700000000000000000e+01
2.294059289013966829e+00 8.000000000000000000e+00
2.344311882788315593e+00 9.000000000000000000e+00
2.394564476562663913e+00 3.000000000000000000e+00
2.444817070337012677e+00 0.000000000000000000e+00
2.495069664111360996e+00 1.000000000000000000e+00
