#     bins                         n
-3.304102382659912074e+00 2.000000000000000000e+00
-3.170270805358886612e+00 5.000000000000000000e+00
-3.036439228057861150e+00 3.000000000000000000e+00
-2.902607650756835689e+00 5.000000000000000000e+00
-2.768776073455810671e+00 1.500000000000000000e+01
-2.634944496154785210e+00 2.000000000000000000e+01
-2.501112918853759748e+00 3.200000000000000000e+01
-2.367281341552734286e+00 3.600000000000000000e+01
-2.233449764251709269e+00 6.700000000000000000e+01
-2.099618186950683807e+00 7.100000000000000000e+01
-1.965786609649658345e+00 9.700000000000000000e+01
-1.831955032348632884e+00 1.140000000000000000e+02
-1.698123455047607422e+00 1.210000000000000000e+02
-1.564291877746582182e+00 1.630000000000000000e+02
-1.430460300445556721e+00 1.900000000000000000e+02
-1.296628723144531481e+00 2.350000000000000000e+02
-1.162797145843506019e+00 2.530000000000000000e+02
-1.028965568542480558e+00 2.550000000000000000e+02
-8.951339912414550959e-01 3.100000000000000000e+02
-7.613024139404300783e-01 3.480000000000000000e+02
-6.274708366394046166e-01 4.500000000000000000e+02
-4.936392593383791549e-01 4.330000000000000000e+02
-3.598076820373536933e-01 5.490000000000000000e+02
-2.259761047363282316e-01 5.980000000000000000e+02
-9.214452743530276990e-02 5.920000000000000000e+02
4.168704986572224769e-02 6.180000000000000000e+02
1.755186271667477094e-01 5.920000000000000000e+02
3.093502044677731710e-01 5.440000000000000000e+02
4.431817817687986327e-01 4.590000000000000000e+02
5.770133590698240944e-01 4.510000000000000000e+02
7.108449363708491120e-01 3.670000000000000000e+02
8.446765136718745737e-01 3.080000000000000000e+02
9.785080909729000354e-01 2.320000000000000000e+02
1.112339668273925497e+00 2.450000000000000000e+02
1.246171245574950959e+00 1.700000000000000000e+02
1.380002822875976420e+00 1.570000000000000000e+02
1.513834400177001882e+00 1.590000000000000000e+02
1.647665977478027344e+00 1.090000000000000000e+02
1.781497554779051917e+00 1.210000000000000000e+02
1.915329132080077379e+00 1.050000000000000000e+02
2.049160709381102841e+00 7.500000000000000000e+01
2.182992286682128302e+00 4.900000000000000000e+01
2.316823863983153764e+00 5.900000000000000000e+01
2.450655441284179226e+00 2.800000000000000000e+01
2.584487018585204687e+00 2.900000000000000000e+01
2.718318595886230149e+00 1.800000000000000000e+01
2.852150173187255611e+00 8.000000000000000000e+00
2.985981750488281072e+00 8.000000000000000000e+00
3.119813327789306534e+00 2.000000000000000000e+00
3.253644905090331108e+00 5.000000000000000000e+00
