#     bins                         n
-3.096510789394378627e+00 2.000000000000000000e+00
-2.973750298023223770e+00 3.000000000000000000e+00
-2.850989806652068914e+00 8.000000000000000000e+00
-2.728229315280914058e+00 9.000000000000000000e+00
-2.605468823909759646e+00 1.500000000000000000e+01
-2.482708332538604790e+00 2.600000000000000000e+01
-2.359947841167449933e+00 4.100000000000000000e+01
-2.237187349796295077e+00 5.300000000000000000e+01
-2.114426858425140221e+00 5.000000000000000000e+01
-1.991666367053985809e+00 8.100000000000000000e+01
-1.868905875682830731e+00 9.900000000000000000e+01
-1.746145384311675874e+00 1.250000000000000000e+02
-1.623384892940521240e+00 1.570000000000000000e+02
-1.500624401569366384e+00 1.920000000000000000e+02
-1.377863910198211528e+00 1.970000000000000000e+02
-1.255103418827056894e+00 2.330000000000000000e+02
-1.132342927455902037e+00 2.390000000000000000e+02
-1.009582436084747403e+00 2.870000000000000000e+02
-8.868219447135925471e-01 3.010000000000000000e+02
-7.640614533424376908e-01 3.480000000000000000e+02
-6.413009619712828346e-01 3.150000000000000000e+02
-5.185404706001279784e-01 3.670000000000000000e+02
-3.957799792289731222e-01 4.100000000000000000e+02
-2.730194878578187101e-01 4.660000000000000000e+02
-1.502589964866638539e-01 5.450000000000000000e+02
-2.749850511550899768e-02 5.740000000000000000e+02
9.526198625564585853e-02 5.400000000000000000e+02
2.180224776268007147e-01 5.200000000000000000e+02
3.407829689979555710e-01 4.610000000000000000e+02
4.635434603691099831e-01 4.270000000000000000e+02
5.863039517402648393e-01 3.510000000000000000e+02
7.090644431114196955e-01 3.470000000000000000e+02
8.318249344825745517e-01 3.010000000000000000e+02
9.545854258537289638e-01 2.550000000000000000e+02
1.077345917224883820e+00 2.540000000000000000e+02
1.200106408596038676e+00 2.380000000000000000e+02
1.322866899967193532e+00 1.980000000000000000e+02
1.445627391338348389e+00 1.620000000000000000e+02
1.568387882709503245e+00 1.580000000000000000e+02
1.691148374080658101e+00 1.450000000000000000e+02
1.813908865451812957e+00 1.050000000000000000e+02
1.936669356822967814e+00 6.300000000000000000e+01
2.059429848194122670e+00 7.300000000000000000e+01
2.182190339565277526e+00 5.700000000000000000e+01
2.304950830936432382e+00 4.700000000000000000e+01
2.427711322307586350e+00 3.200000000000000000e+01
2.550471813678741206e+00 1.600000000000000000e+01
2.673232305049896063e+00 8.000000000000000000e+00
2.795992796421050919e+00 3.000000000000000000e+00
2.918753287792205775e+00 2.000000000000000000e+00
