#     bins                         n
-3.556097662448883145e+00 1.000000000000000000e+00
-3.413790214061737327e+00 0.000000000000000000e+00
-3.271482765674591064e+00 1.000000000000000000e+00
-3.129175317287445246e+00 4.000000000000000000e+00
-2.986867868900298983e+00 7.000000000000000000e+00
-2.844560420513153165e+00 1.300000000000000000e+01
-2.702252972126007347e+00 1.600000000000000000e+01
-2.559945523738861528e+00 3.200000000000000000e+01
-2.417638075351715266e+00 4.700000000000000000e+01
-2.275330626964569003e+00 4.600000000000000000e+01
-2.133023178577423185e+00 6.800000000000000000e+01
-1.990715730190277366e+00 6.700000000000000000e+01
-1.848408281803131326e+00 9.600000000000000000e+01
-1.706100833415985285e+00 1.320000000000000000e+02
-1.563793385028839467e+00 1.470000000000000000e+02
-1.421485936641693204e+00 1.940000000000000000e+02
-1.279178488254547386e+00 2.500000000000000000e+02
-1.136871039867401567e+00 3.070000000000000000e+02
-9.945635914802553046e-01 3.230000000000000000e+02
-8.522561430931094861e-01 3.680000000000000000e+02
-7.099486947059632236e-01 4.240000000000000000e+02
-5.676412463188174051e-01 4.810000000000000000e+02
-4.253337979316715867e-01 5.100000000000000000e+02
-2.830263495445253241e-01 5.620000000000000000e+02
-1.407189011573795057e-01 5.260000000000000000e+02
1.588547229766312796e-03 5.440000000000000000e+02
1.438959956169125753e-01 5.890000000000000000e+02
2.862034440040583938e-01 5.660000000000000000e+02
4.285108923912042123e-01 4.960000000000000000e+02
5.708183407783500307e-01 4.940000000000000000e+02
7.131257891654967374e-01 4.560000000000000000e+02
8.554332375526425558e-01 3.880000000000000000e+02
9.977406859397883743e-01 3.030000000000000000e+02
1.140048134326934193e+00 2.910000000000000000e+02
1.282355582714080011e+00 2.330000000000000000e+02
1.424663031101226718e+00 2.090000000000000000e+02
1.566970479488372536e+00 1.690000000000000000e+02
1.709277927875518355e+00 1.280000000000000000e+02
1.851585376262664173e+00 1.210000000000000000e+02
1.993892824649809992e+00 7.900000000000000000e+01
2.136200273036956698e+00 6.200000000000000000e+01
2.278507721424102517e+00 4.400000000000000000e+01
2.420815169811248335e+00 3.800000000000000000e+01
2.563122618198394154e+00 2.300000000000000000e+01
2.705430066585539972e+00 1.400000000000000000e+01
2.847737514972685791e+00 6.000000000000000000e+00
2.990044963359832497e+00 6.000000000000000000e+00
3.132352411746978316e+00 2.000000000000000000e+00
3.274659860134124134e+00 2.000000000000000000e+00
3.416967308521269953e+00 1.000000000000000000e+00
