#     bins                         n
-2.798322842121124587e+00 1.000000000000000000e+00
-2.684302823543548655e+00 3.000000000000000000e+00
-2.570282804965972723e+00 4.000000000000000000e+00
-2.456262786388397679e+00 9.000000000000000000e+00
-2.342242767810821746e+00 2.800000000000000000e+01
-2.228222749233245814e+00 4.500000000000000000e+01
-2.114202730655670770e+00 6.700000000000000000e+01
-2.000182712078094838e+00 8.100000000000000000e+01
-1.886162693500518905e+00 1.010000000000000000e+02
-1.772142674922943195e+00 1.100000000000000000e+02
-1.658122656345367485e+00 1.430000000000000000e+02
-1.544102637767791775e+00 1.890000000000000000e+02
-1.430082619190216286e+00 1.910000000000000000e+02
-1.316062600612640576e+00 2.350000000000000000e+02
-1.202042582035064866e+00 2.310000000000000000e+02
-1.088022563457489156e+00 2.620000000000000000e+02
-9.740025448799134455e-01 2.890000000000000000e+02
-8.599825263023377353e-01 2.540000000000000000e+02
-7.459625077247620251e-01 2.700000000000000000e+02
-6.319424891471865369e-01 3.250000000000000000e+02
-5.179224705696106046e-01 4.460000000000000000e+02
-4.039024519920351164e-01 6.150000000000000000e+02
-2.898824334144591841e-01 5.870000000000000000e+02
-1.758624148368836959e-01 5.270000000000000000e+02
-6.184239625930820772e-02 4.340000000000000000e+02
5.217762231826772457e-02 3.660000000000000000e+02
1.661976408958432128e-01 3.000000000000000000e+02
2.802176594734191450e-01 3.110000000000000000e+02
3.942376780509946332e-01 3.000000000000000000e+02
5.082576966285705655e-01 3.180000000000000000e+02
6.222777152061460537e-01 3.490000000000000000e+02
7.362977337837219860e-01 3.310000000000000000e+02
8.503177523612974742e-01 2.750000000000000000e+02
9.643377709388729624e-01 2.490000000000000000e+02
1.078357789516448895e+00 2.400000000000000000e+02
1.192377808094024383e+00 2.300000000000000000e+02
1.306397826671600315e+00 1.920000000000000000e+02
1.420417845249176247e+00 1.880000000000000000e+02
1.534437863826751292e+00 1.660000000000000000e+02
1.648457882404327224e+00 1.510000000000000000e+02
1.762477900981903156e+00 1.380000000000000000e+02
1.876497919559478200e+00 1.190000000000000000e+02
1.990517938137054132e+00 7.500000000000000000e+01
2.104537956714629843e+00 5.300000000000000000e+01
2.218557975292205775e+00 4.200000000000000000e+01
2.332577993869780819e+00 2.000000000000000000e+01
2.446598012447356751e+00 1.000000000000000000e+01
2.560618031024932684e+00 6.000000000000000000e+00
2.674638049602507728e+00 4.000000000000000000e+00
2.788658068180083660e+00 2.000000000000000000e+00
