#     bins                         n
-3.324786834716796591e+00 1.000000000000000000e+00
-3.188277282714843786e+00 2.000000000000000000e+00
-3.051767730712890092e+00 9.000000000000000000e+00
-2.915258178710937287e+00 9.000000000000000000e+00
-2.778748626708984482e+00 1.600000000000000000e+01
-2.642239074707030788e+00 2.400000000000000000e+01
-2.505729522705077983e+00 2.600000000000000000e+01
-2.369219970703125178e+00 4.000000000000000000e+01
-2.232710418701171484e+00 5.700000000000000000e+01
-2.096200866699218679e+00 6.200000000000000000e+01
-1.959691314697265208e+00 1.050000000000000000e+02
-1.823181762695312402e+00 9.900000000000000000e+01
-1.686672210693359153e+00 1.460000000000000000e+02
-1.550162658691405904e+00 1.410000000000000000e+02
-1.413653106689452876e+00 1.760000000000000000e+02
-1.277143554687499849e+00 1.960000000000000000e+02
-1.140634002685546600e+00 2.640000000000000000e+02
-1.004124450683593350e+00 2.840000000000000000e+02
-8.676148986816401010e-01 3.570000000000000000e+02
-7.311053466796872957e-01 3.850000000000000000e+02
-5.945957946777340464e-01 4.660000000000000000e+02
-4.580862426757807970e-01 5.030000000000000000e+02
-3.215766906738279918e-01 5.500000000000000000e+02
-1.850671386718747424e-01 5.630000000000000000e+02
-4.855758666992149308e-02 5.430000000000000000e+02
8.795196533203175626e-02 5.780000000000000000e+02
2.244615173339850056e-01 5.570000000000000000e+02
3.609710693359378109e-01 5.150000000000000000e+02
4.974806213378910602e-01 5.080000000000000000e+02
6.339901733398443096e-01 4.700000000000000000e+02
7.704997253417971148e-01 3.410000000000000000e+02
9.070092773437508082e-01 3.280000000000000000e+02
1.043518829345703613e+00 3.140000000000000000e+02
1.180028381347656419e+00 2.260000000000000000e+02
1.316537933349610112e+00 1.980000000000000000e+02
1.453047485351562917e+00 1.590000000000000000e+02
1.589557037353516611e+00 1.360000000000000000e+02
1.726066589355469416e+00 1.210000000000000000e+02
1.862576141357422221e+00 9.000000000000000000e+01
1.999085693359375915e+00 9.600000000000000000e+01
2.135595245361328942e+00 6.300000000000000000e+01
2.272104797363281747e+00 4.900000000000000000e+01
2.408614349365235441e+00 4.100000000000000000e+01
2.545123901367188246e+00 3.300000000000000000e+01
2.681633453369141051e+00 1.500000000000000000e+01
2.818143005371094745e+00 1.500000000000000000e+01
2.954652557373047550e+00 7.000000000000000000e+00
3.091162109375001243e+00 3.000000000000000000e+00
3.227671661376954049e+00 2.000000000000000000e+00
3.364181213378906854e+00 1.000000000000000000e+00
