#     bins                         n
3.269543685019016266e-02 3.300000000000000000e+01
8.148488216102123260e-02 1.020000000000000000e+02
1.302743274718523026e-01 1.600000000000000000e+02
1.790637727826833725e-01 1.890000000000000000e+02
2.278532180935144424e-01 2.510000000000000000e+02
2.766426634043455124e-01 2.900000000000000000e+02
3.254321087151765823e-01 3.380000000000000000e+02
3.742215540260076523e-01 3.500000000000000000e+02
4.230109993368387222e-01 3.610000000000000000e+02
4.718004446476697922e-01 4.310000000000000000e+02
5.205898899585008621e-01 3.960000000000000000e+02
5.693793352693319321e-01 4.260000000000000000e+02
6.181687805801630020e-01 4.340000000000000000e+02
6.669582258909940720e-01 4.040000000000000000e+02
7.157476712018251419e-01 3.910000000000000000e+02
7.645371165126562119e-01 3.890000000000000000e+02
8.133265618234872818e-01 3.470000000000000000e+02
8.621160071343183517e-01 3.310000000000000000e+02
9.109054524451494217e-01 3.390000000000000000e+02
9.596948977559804916e-01 2.950000000000000000e+02
1.008484343066811562e+00 2.600000000000000000e+02
1.057273788377642632e+00 2.970000000000000000e+02
1.106063233688473701e+00 2.540000000000000000e+02
1.154852678999304771e+00 2.170000000000000000e+02
1.203642124310135841e+00 2.370000000000000000e+02
1.252431569620966911e+00 2.220000000000000000e+02
1.301221014931797981e+00 1.890000000000000000e+02
1.350010460242629051e+00 1.870000000000000000e+02
1.398799905553460121e+00 2.100000000000000000e+02
1.447589350864291191e+00 1.720000000000000000e+02
1.496378796175122261e+00 1.810000000000000000e+02
1.545168241485953331e+00 1.340000000000000000e+02
1.593957686796784401e+00 1.350000000000000000e+02
1.642747132107615471e+00 1.530000000000000000e+02
1.691536577418446541e+00 1.110000000000000000e+02
1.740326022729277611e+00 1.080000000000000000e+02
1.789115468040108681e+00 1.020000000000000000e+02
1.837904913350939751e+00 8.500000000000000000e+01
1.886694358661770821e+00 7.000000000000000000e+01
1.935483803972601891e+00 6.300000000000000000e+01
1.984273249283432961e+00 4.900000000000000000e+01
2.033062694594264030e+00 3.200000000000000000e+01
2.081852139905095100e+00 4.100000000000000000e+01
2.130641585215926170e+00 4.500000000000000000e+01
2.179431030526757240e+00 2.100000000000000000e+01
2.228220475837588310e+00 2.500000000000000000e+01
2.277009921148419380e+00 1.300000000000000000e+01
2.325799366459250450e+00 8.000000000000000000e+00
2.374588811770081520e+00 6.000000000000000000e+00
2.423378257080912590e+00 6.000000000000000000e+00
