#     bins                         n
-3.188115417957305908e+00 1.000000000000000000e+00
-3.055974423885345459e+00 1.000000000000000000e+00
-2.923833429813385010e+00 5.000000000000000000e+00
-2.791692435741424561e+00 1.700000000000000000e+01
-2.659551441669464111e+00 2.800000000000000000e+01
-2.527410447597503662e+00 3.900000000000000000e+01
-2.395269453525543213e+00 4.100000000000000000e+01
-2.263128459453582764e+00 5.400000000000000000e+01
-2.130987465381622314e+00 7.800000000000000000e+01
-1.998846471309661865e+00 9.300000000000000000e+01
-1.866705477237701416e+00 7.900000000000000000e+01
-1.734564483165740967e+00 1.270000000000000000e+02
-1.602423489093780518e+00 1.550000000000000000e+02
-1.470282495021820068e+00 1.620000000000000000e+02
-1.338141500949859619e+00 1.720000000000000000e+02
-1.206000506877899170e+00 2.080000000000000000e+02
-1.073859512805938721e+00 2.580000000000000000e+02
-9.417185187339782715e-01 2.910000000000000000e+02
-8.095775246620178223e-01 3.130000000000000000e+02
-6.774365305900573730e-01 3.700000000000000000e+02
-5.452955365180969238e-01 4.320000000000000000e+02
-4.131545424461364746e-01 4.810000000000000000e+02
-2.810135483741760254e-01 5.430000000000000000e+02
-1.488725543022155762e-01 6.120000000000000000e+02
-1.673156023025512695e-02 6.670000000000000000e+02
1.154094338417053223e-01 6.030000000000000000e+02
2.475504279136657715e-01 5.730000000000000000e+02
3.796914219856262207e-01 5.010000000000000000e+02
5.118324160575866699e-01 4.360000000000000000e+02
6.439734101295471191e-01 3.870000000000000000e+02
7.761144042015075684e-01 3.290000000000000000e+02
9.082553982734680176e-01 2.980000000000000000e+02
1.040396392345428467e+00 2.330000000000000000e+02
1.172537386417388916e+00 2.130000000000000000e+02
1.304678380489349365e+00 1.860000000000000000e+02
1.436819374561309814e+00 1.800000000000000000e+02
1.568960368633270264e+00 1.550000000000000000e+02
1.701101362705230713e+00 1.250000000000000000e+02
1.833242356777191162e+00 1.060000000000000000e+02
1.965383350849151611e+00 9.500000000000000000e+01
2.097524344921112061e+00 8.200000000000000000e+01
2.229665338993072510e+00 5.500000000000000000e+01
2.361806333065032959e+00 4.500000000000000000e+01
2.493947327136993408e+00 3.300000000000000000e+01
2.626088321208953857e+00 2.500000000000000000e+01
2.758229315280914307e+00 8.000000000000000000e+00
2.890370309352874756e+00 1.000000000000000000e+00
3.022511303424835205e+00 3.000000000000000000e+00
3.154652297496795654e+00 1.000000000000000000e+00
3.286793291568756104e+00 2.000000000000000000e+00
