#     bins                         n
-2.630290341377258478e+00 2.000000000000000000e+00
-2.514378046989440563e+00 2.000000000000000000e+00
-2.398465752601623535e+00 1.000000000000000000e+00
-2.282553458213806508e+00 7.000000000000000000e+00
-2.166641163825988592e+00 1.000000000000000000e+01
-2.050728869438171564e+00 1.200000000000000000e+01
-1.934816575050353871e+00 2.500000000000000000e+01
-1.818904280662536399e+00 3.800000000000000000e+01
-1.702991986274719149e+00 5.500000000000000000e+01
-1.587079691886901678e+00 5.600000000000000000e+01
-1.471167397499084428e+00 8.500000000000000000e+01
-1.355255103111266957e+00 1.030000000000000000e+02
-1.239342808723449485e+00 1.370000000000000000e+02
-1.123430514335632235e+00 1.320000000000000000e+02
-1.007518219947814764e+00 1.940000000000000000e+02
-8.916059255599975142e-01 2.210000000000000000e+02
-7.756936311721800426e-01 2.110000000000000000e+02
-6.597813367843625709e-01 2.280000000000000000e+02
-5.438690423965450993e-01 2.710000000000000000e+02
-4.279567480087280718e-01 3.140000000000000000e+02
-3.120444536209106001e-01 3.480000000000000000e+02
-1.961321592330931285e-01 3.530000000000000000e+02
-8.021986484527565686e-02 4.290000000000000000e+02
3.569242954254181477e-02 4.150000000000000000e+02
1.516047239303592864e-01 4.490000000000000000e+02
2.675170183181763139e-01 4.920000000000000000e+02
3.834293127059937856e-01 4.940000000000000000e+02
4.993416070938112572e-01 4.650000000000000000e+02
6.152539014816287288e-01 4.650000000000000000e+02
7.311661958694462005e-01 4.510000000000000000e+02
8.470784902572632280e-01 4.270000000000000000e+02
9.629907846450806996e-01 4.350000000000000000e+02
1.078903079032898171e+00 4.110000000000000000e+02
1.194815373420715643e+00 3.500000000000000000e+02
1.310727667808533115e+00 3.170000000000000000e+02
1.426639962196350142e+00 3.230000000000000000e+02
1.542552256584168058e+00 2.280000000000000000e+02
1.658464550971985085e+00 2.170000000000000000e+02
1.774376845359802113e+00 1.840000000000000000e+02
1.890289139747620029e+00 1.590000000000000000e+02
2.006201434135436834e+00 1.040000000000000000e+02
2.122113728523254750e+00 9.700000000000000000e+01
2.238026022911071777e+00 7.300000000000000000e+01
2.353938317298888805e+00 4.500000000000000000e+01
2.469850611686706721e+00 3.000000000000000000e+01
2.585762906074523748e+00 2.300000000000000000e+01
2.701675200462341664e+00 7.000000000000000000e+00
2.817587494850158691e+00 8.000000000000000000e+00
2.933499789237976607e+00 3.000000000000000000e+00
3.049412083625793635e+00 2.000000000000000000e+00
