#     bins                         n
-3.360537853240966655e+00 3.000000000000000000e+00
-3.218765754699707493e+00 3.000000000000000000e+00
-3.076993656158447443e+00 5.000000000000000000e+00
-2.935221557617187393e+00 6.000000000000000000e+00
-2.793449459075927344e+00 1.300000000000000000e+01
-2.651677360534668182e+00 1.100000000000000000e+01
-2.509905261993408132e+00 2.500000000000000000e+01
-2.368133163452148082e+00 4.100000000000000000e+01
-2.226361064910888921e+00 4.600000000000000000e+01
-2.084588966369628871e+00 5.600000000000000000e+01
-1.942816867828369043e+00 1.020000000000000000e+02
-1.801044769287109437e+00 1.300000000000000000e+02
-1.659272670745849609e+00 1.530000000000000000e+02
-1.517500572204589782e+00 1.740000000000000000e+02
-1.375728473663330176e+00 2.140000000000000000e+02
-1.233956375122070126e+00 2.610000000000000000e+02
-1.092184276580810520e+00 3.310000000000000000e+02
-9.504121780395509145e-01 3.190000000000000000e+02
-8.086400794982908646e-01 4.240000000000000000e+02
-6.668679809570312589e-01 4.540000000000000000e+02
-5.250958824157712090e-01 5.060000000000000000e+02
-3.833237838745116033e-01 4.760000000000000000e+02
-2.415516853332519975e-01 5.440000000000000000e+02
-9.977958679199194769e-02 5.570000000000000000e+02
4.199251174926765806e-02 5.610000000000000000e+02
1.837646102905272638e-01 5.760000000000000000e+02
3.255367088317873137e-01 5.010000000000000000e+02
4.673088073730469194e-01 5.110000000000000000e+02
6.090809059143065252e-01 4.970000000000000000e+02
7.508530044555665750e-01 4.100000000000000000e+02
8.926251029968266248e-01 3.700000000000000000e+02
1.034397201538085787e+00 3.350000000000000000e+02
1.176169300079345836e+00 2.430000000000000000e+02
1.317941398620605886e+00 2.240000000000000000e+02
1.459713497161865048e+00 1.800000000000000000e+02
1.601485595703125098e+00 1.480000000000000000e+02
1.743257694244385148e+00 1.190000000000000000e+02
1.885029792785644309e+00 1.000000000000000000e+02
2.026801891326904581e+00 8.300000000000000000e+01
2.168573989868164631e+00 5.500000000000000000e+01
2.310346088409424681e+00 4.700000000000000000e+01
2.452118186950683842e+00 3.300000000000000000e+01
2.593890285491943892e+00 2.500000000000000000e+01
2.735662384033203942e+00 1.300000000000000000e+01
2.877434482574463104e+00 1.200000000000000000e+01
3.019206581115723154e+00 8.000000000000000000e+00
3.160978679656983203e+00 1.000000000000000000e+00
3.302750778198242365e+00 2.000000000000000000e+00
3.444522876739502415e+00 0.000000000000000000e+00
3.586294975280762465e+00 1.000000000000000000e+00
