#     bins                         n
-3.274186024665832306e+00 3.000000000000000000e+00
-3.140019564628601323e+00 3.000000000000000000e+00
-3.005853104591369451e+00 3.000000000000000000e+00
-2.871686644554138468e+00 1.400000000000000000e+01
-2.737520184516906596e+00 1.300000000000000000e+01
-2.603353724479675613e+00 2.200000000000000000e+01
-2.469187264442443741e+00 2.300000000000000000e+01
-2.335020804405211869e+00 4.500000000000000000e+01
-2.200854344367980886e+00 4.800000000000000000e+01
-2.066687884330749014e+00 8.000000000000000000e+01
-1.932521424293518031e+00 8.300000000000000000e+01
-1.798354964256286603e+00 1.030000000000000000e+02
-1.664188504219054954e+00 1.290000000000000000e+02
-1.530022044181823526e+00 1.600000000000000000e+02
-1.395855584144592099e+00 2.180000000000000000e+02
-1.261689124107360671e+00 2.280000000000000000e+02
-1.127522664070129244e+00 2.820000000000000000e+02
-9.933562040328978160e-01 3.390000000000000000e+02
-8.591897439956663884e-01 3.780000000000000000e+02
-7.250232839584349609e-01 4.300000000000000000e+02
-5.908568239212035333e-01 4.520000000000000000e+02
-4.566903638839721058e-01 4.620000000000000000e+02
-3.225239038467406782e-01 5.360000000000000000e+02
-1.883574438095092507e-01 4.860000000000000000e+02
-5.419098377227737906e-02 4.970000000000000000e+02
7.997547626495404849e-02 5.420000000000000000e+02
2.141419363021854760e-01 4.710000000000000000e+02
3.483083963394169036e-01 4.910000000000000000e+02
4.824748563766483311e-01 4.700000000000000000e+02
6.166413164138797587e-01 4.250000000000000000e+02
7.508077764511111862e-01 3.970000000000000000e+02
8.849742364883421697e-01 3.570000000000000000e+02
1.019140696525574041e+00 3.360000000000000000e+02
1.153307156562805913e+00 2.950000000000000000e+02
1.287473616600036896e+00 2.170000000000000000e+02
1.421640076637268768e+00 2.000000000000000000e+02
1.555806536674499752e+00 1.400000000000000000e+02
1.689972996711731623e+00 1.470000000000000000e+02
1.824139456748962607e+00 1.060000000000000000e+02
1.958305916786194478e+00 8.900000000000000000e+01
2.092472376823425684e+00 6.000000000000000000e+01
2.226638836860657555e+00 4.400000000000000000e+01
2.360805296897888539e+00 2.700000000000000000e+01
2.494971756935120411e+00 3.200000000000000000e+01
2.629138216972351394e+00 1.100000000000000000e+01
2.763304677009583266e+00 9.000000000000000000e+00
2.897471137046814249e+00 8.000000000000000000e+00
3.031637597084046121e+00 2.000000000000000000e+00
3.165804057121277992e+00 2.000000000000000000e+00
3.299970517158508976e+00 2.000000000000000000e+00
