#     bins                         n
-3.267065918445587247e+00 3.000000000000000000e+00
-3.122279393672943382e+00 3.000000000000000000e+00
-2.977492868900299072e+00 9.000000000000000000e+00
-2.832706344127655207e+00 2.400000000000000000e+01
-2.687919819355010898e+00 2.600000000000000000e+01
-2.543133294582367032e+00 2.400000000000000000e+01
-2.398346769809723167e+00 3.000000000000000000e+01
-2.253560245037079302e+00 5.400000000000000000e+01
-2.108773720264434992e+00 6.100000000000000000e+01
-1.963987195491790683e+00 8.100000000000000000e+01
-1.819200670719146817e+00 1.040000000000000000e+02
-1.674414145946502952e+00 1.390000000000000000e+02
-1.529627621173858865e+00 1.800000000000000000e+02
-1.384841096401214777e+00 2.170000000000000000e+02
-1.240054571628570912e+00 2.750000000000000000e+02
-1.095268046855926602e+00 3.110000000000000000e+02
-9.504815220832827372e-01 3.420000000000000000e+02
-8.056949973106388718e-01 4.110000000000000000e+02
-6.609084725379945624e-01 4.570000000000000000e+02
-5.161219477653506971e-01 5.220000000000000000e+02
-3.713354229927063876e-01 5.450000000000000000e+02
-2.265488982200625223e-01 5.360000000000000000e+02
-8.176237344741865698e-02 5.740000000000000000e+02
6.302415132522565244e-02 5.330000000000000000e+02
2.078106760978695178e-01 5.670000000000000000e+02
3.525972008705133831e-01 5.570000000000000000e+02
4.973837256431576925e-01 5.060000000000000000e+02
6.421702504158015579e-01 4.660000000000000000e+02
7.869567751884454232e-01 4.140000000000000000e+02
9.317432999610892885e-01 4.140000000000000000e+02
1.076529824733734042e+00 3.150000000000000000e+02
1.221316349506377907e+00 2.450000000000000000e+02
1.366102874279021773e+00 2.330000000000000000e+02
1.510889399051665638e+00 1.810000000000000000e+02
1.655675923824309503e+00 1.340000000000000000e+02
1.800462448596954257e+00 1.100000000000000000e+02
1.945248973369598122e+00 8.100000000000000000e+01
2.090035498142241988e+00 6.700000000000000000e+01
2.234822022914885853e+00 4.100000000000000000e+01
2.379608547687529718e+00 3.300000000000000000e+01
2.524395072460174472e+00 3.200000000000000000e+01
2.669181597232818337e+00 1.600000000000000000e+01
2.813968122005462202e+00 4.000000000000000000e+00
2.958754646778106068e+00 8.000000000000000000e+00
3.103541171550749933e+00 7.000000000000000000e+00
3.248327696323393798e+00 4.000000000000000000e+00
3.393114221096038552e+00 3.000000000000000000e+00
3.537900745868682417e+00 1.000000000000000000e+00
3.682687270641326283e+00 0.000000000000000000e+00
3.827473795413970148e+00 1.000000000000000000e+00
