#     bins                         n
-3.145399663448333882e+00 3.000000000000000000e+00
-3.014665882587432399e+00 2.000000000000000000e+00
-2.883932101726531805e+00 5.000000000000000000e+00
-2.753198320865631210e+00 1.100000000000000000e+01
-2.622464540004730615e+00 1.300000000000000000e+01
-2.491730759143829133e+00 2.700000000000000000e+01
-2.360996978282928538e+00 3.300000000000000000e+01
-2.230263197422027943e+00 4.400000000000000000e+01
-2.099529416561126460e+00 7.400000000000000000e+01
-1.968795635700225644e+00 8.800000000000000000e+01
-1.838061854839325049e+00 1.000000000000000000e+02
-1.707328073978424010e+00 1.470000000000000000e+02
-1.576594293117523193e+00 1.660000000000000000e+02
-1.445860512256622377e+00 2.060000000000000000e+02
-1.315126731395721338e+00 2.160000000000000000e+02
-1.184392950534820521e+00 2.710000000000000000e+02
-1.053659169673919704e+00 3.070000000000000000e+02
-9.229253888130186656e-01 3.440000000000000000e+02
-7.921916079521180709e-01 3.640000000000000000e+02
-6.614578270912170321e-01 3.770000000000000000e+02
-5.307240462303164374e-01 4.310000000000000000e+02
-3.999902653694153987e-01 4.450000000000000000e+02
-2.692564845085143599e-01 5.240000000000000000e+02
-1.385227036476137652e-01 5.410000000000000000e+02
-7.788922786712726420e-03 5.050000000000000000e+02
1.229448580741883124e-01 5.120000000000000000e+02
2.536786389350889070e-01 4.980000000000000000e+02
3.844124197959899458e-01 4.310000000000000000e+02
5.151462006568909846e-01 4.580000000000000000e+02
6.458799815177915793e-01 4.170000000000000000e+02
7.766137623786926181e-01 3.790000000000000000e+02
9.073475432395936568e-01 3.380000000000000000e+02
1.038081324100494252e+00 2.760000000000000000e+02
1.168815104961394846e+00 2.300000000000000000e+02
1.299548885822296329e+00 2.370000000000000000e+02
1.430282666683196924e+00 2.090000000000000000e+02
1.561016447544097518e+00 1.580000000000000000e+02
1.691750228404999001e+00 1.290000000000000000e+02
1.822484009265899596e+00 8.100000000000000000e+01
1.953217790126800191e+00 1.010000000000000000e+02
2.083951570987700563e+00 6.200000000000000000e+01
2.214685351848602046e+00 5.000000000000000000e+01
2.345419132709502641e+00 3.400000000000000000e+01
2.476152913570403236e+00 2.300000000000000000e+01
2.606886694431304718e+00 1.800000000000000000e+01
2.737620475292205313e+00 1.200000000000000000e+01
2.868354256153105908e+00 1.000000000000000000e+00
2.999088037014007391e+00 3.000000000000000000e+00
3.129821817874907985e+00 2.000000000000000000e+00
3.260555598735808580e+00 1.000000000000000000e+00
