#     bins                         n
-3.448641741275787265e+00 3.000000000000000000e+00
-3.312837970256805153e+00 0.000000000000000000e+00
-3.177034199237823486e+00 5.000000000000000000e+00
-3.041230428218841375e+00 3.000000000000000000e+00
-2.905426657199859708e+00 1.100000000000000000e+01
-2.769622886180877597e+00 1.100000000000000000e+01
-2.633819115161895485e+00 2.300000000000000000e+01
-2.498015344142913374e+00 3.100000000000000000e+01
-2.362211573123931707e+00 2.300000000000000000e+01
-2.226407802104950040e+00 5.800000000000000000e+01
-2.090604031085967929e+00 5.600000000000000000e+01
-1.954800260066985818e+00 8.900000000000000000e+01
-1.818996489048003928e+00 1.070000000000000000e+02
-1.683192718029022039e+00 1.190000000000000000e+02
-1.547388947010039928e+00 1.620000000000000000e+02
-1.411585175991058261e+00 1.960000000000000000e+02
-1.275781404972076150e+00 2.400000000000000000e+02
-1.139977633953094038e+00 2.650000000000000000e+02
-1.004173862934112371e+00 3.180000000000000000e+02
-8.683700919151302600e-01 3.540000000000000000e+02
-7.325663208961485928e-01 4.060000000000000000e+02
-5.967625498771664816e-01 4.830000000000000000e+02
-4.609587788581843704e-01 5.150000000000000000e+02
-3.251550078392027032e-01 4.790000000000000000e+02
-1.893512368202205920e-01 5.070000000000000000e+02
-5.354746580123848076e-02 5.500000000000000000e+02
8.225630521774318638e-02 5.190000000000000000e+02
2.180600762367252976e-01 5.100000000000000000e+02
3.538638472557074088e-01 4.720000000000000000e+02
4.896676182746890760e-01 4.950000000000000000e+02
6.254713892936707431e-01 4.300000000000000000e+02
7.612751603126528543e-01 3.940000000000000000e+02
8.970789313316349656e-01 3.760000000000000000e+02
1.032882702350617077e+00 3.260000000000000000e+02
1.168686473369599188e+00 2.690000000000000000e+02
1.304490244388580411e+00 2.630000000000000000e+02
1.440294015407562522e+00 1.810000000000000000e+02
1.576097786426544634e+00 1.520000000000000000e+02
1.711901557445526745e+00 1.220000000000000000e+02
1.847705328464508856e+00 9.200000000000000000e+01
1.983509099483490079e+00 6.600000000000000000e+01
2.119312870502472190e+00 7.900000000000000000e+01
2.255116641521454302e+00 3.800000000000000000e+01
2.390920412540436413e+00 2.800000000000000000e+01
2.526724183559418524e+00 2.800000000000000000e+01
2.662527954578400635e+00 1.900000000000000000e+01
2.798331725597381858e+00 1.300000000000000000e+01
2.934135496616363969e+00 1.100000000000000000e+01
3.069939267635346081e+00 2.000000000000000000e+00
3.205743038654328192e+00 2.000000000000000000e+00
