#     bins                         n
-1.532437711954116821e+00 6.000000000000000000e+00
-1.435854882001876831e+00 1.400000000000000000e+01
-1.339272052049636841e+00 3.600000000000000000e+01
-1.242689222097396851e+00 6.300000000000000000e+01
-1.146106392145156860e+00 1.070000000000000000e+02
-1.049523562192916870e+00 1.270000000000000000e+02
-9.529407322406768799e-01 1.710000000000000000e+02
-8.563579022884368896e-01 2.120000000000000000e+02
-7.597750723361968994e-01 2.460000000000000000e+02
-6.631922423839569092e-01 3.260000000000000000e+02
-5.666094124317169189e-01 4.170000000000000000e+02
-4.700265824794769287e-01 4.730000000000000000e+02
-3.734437525272369385e-01 4.390000000000000000e+02
-2.768609225749969482e-01 5.530000000000000000e+02
-1.802780926227569580e-01 5.380000000000000000e+02
-8.369526267051696777e-02 5.760000000000000000e+02
1.288756728172302246e-02 6.070000000000000000e+02
1.094703972339630127e-01 5.390000000000000000e+02
2.060532271862030029e-01 5.070000000000000000e+02
3.026360571384429932e-01 4.060000000000000000e+02
3.992188870906829834e-01 3.090000000000000000e+02
4.958017170429229736e-01 2.370000000000000000e+02
5.923845469951629639e-01 1.970000000000000000e+02
6.889673769474029541e-01 1.740000000000000000e+02
7.855502068996429443e-01 1.500000000000000000e+02
8.821330368518829346e-01 1.400000000000000000e+02
9.787158668041229248e-01 1.480000000000000000e+02
1.075298696756362915e+00 1.350000000000000000e+02
1.171881526708602905e+00 1.190000000000000000e+02
1.268464356660842896e+00 1.360000000000000000e+02
1.365047186613082886e+00 1.380000000000000000e+02
1.461630016565322876e+00 1.310000000000000000e+02
1.558212846517562866e+00 1.030000000000000000e+02
1.654795676469802856e+00 1.250000000000000000e+02
1.751378506422042847e+00 1.600000000000000000e+02
1.847961336374282837e+00 1.360000000000000000e+02
1.944544166326522827e+00 1.530000000000000000e+02
2.041126996278762817e+00 1.480000000000000000e+02
2.137709826231002808e+00 1.390000000000000000e+02
2.234292656183242798e+00 1.310000000000000000e+02
2.330875486135482788e+00 1.190000000000000000e+02
2.427458316087722778e+00 1.150000000000000000e+02
2.524041146039962769e+00 6.900000000000000000e+01
2.620623975992202759e+00 6.100000000000000000e+01
2.717206805944442749e+00 3.100000000000000000e+01
2.813789635896682739e+00 2.500000000000000000e+01
2.910372465848922729e+00 1.000000000000000000e+01
3.006955295801162720e+00 7.000000000000000000e+00
3.103538125753402710e+00 3.000000000000000000e+00
3.200120955705642700e+00 1.000000000000000000e+00
