#     bins                         n
-2.985341110229492223e+00 4.000000000000000000e+00
-2.864070529937744247e+00 2.000000000000000000e+00
-2.742799949645996271e+00 2.000000000000000000e+00
-2.621529369354248296e+00 9.000000000000000000e+00
-2.500258789062499876e+00 2.200000000000000000e+01
-2.378988208770751900e+00 3.000000000000000000e+01
-2.257717628479003924e+00 3.000000000000000000e+01
-2.136447048187255948e+00 5.500000000000000000e+01
-2.015176467895507972e+00 8.200000000000000000e+01
-1.893905887603759775e+00 8.800000000000000000e+01
-1.772635307312011799e+00 1.220000000000000000e+02
-1.651364727020263823e+00 1.340000000000000000e+02
-1.530094146728515625e+00 1.560000000000000000e+02
-1.408823566436767649e+00 2.170000000000000000e+02
-1.287552986145019673e+00 2.160000000000000000e+02
-1.166282405853271475e+00 2.370000000000000000e+02
-1.045011825561523500e+00 2.980000000000000000e+02
-9.237412452697753018e-01 3.270000000000000000e+02
-8.024706649780273260e-01 3.560000000000000000e+02
-6.812000846862793502e-01 3.440000000000000000e+02
-5.599295043945313743e-01 3.650000000000000000e+02
-4.386589241027833985e-01 4.230000000000000000e+02
-3.173883438110354227e-01 4.780000000000000000e+02
-1.961177635192870028e-01 4.530000000000000000e+02
-7.484718322753902697e-02 4.190000000000000000e+02
4.642339706420894885e-02 4.570000000000000000e+02
1.676939773559569247e-01 4.750000000000000000e+02
2.889645576477049005e-01 4.450000000000000000e+02
4.102351379394528763e-01 4.430000000000000000e+02
5.315057182312012962e-01 3.820000000000000000e+02
6.527762985229492720e-01 3.510000000000000000e+02
7.740468788146972479e-01 3.560000000000000000e+02
8.953174591064452237e-01 3.240000000000000000e+02
1.016588039398193644e+00 2.960000000000000000e+02
1.137858619689941619e+00 2.520000000000000000e+02
1.259129199981689595e+00 2.370000000000000000e+02
1.380399780273437571e+00 1.920000000000000000e+02
1.501670360565185547e+00 1.800000000000000000e+02
1.622940940856933523e+00 1.630000000000000000e+02
1.744211521148681499e+00 1.280000000000000000e+02
1.865482101440429474e+00 1.070000000000000000e+02
1.986752681732177450e+00 6.700000000000000000e+01
2.108023262023925426e+00 6.700000000000000000e+01
2.229293842315673402e+00 3.500000000000000000e+01
2.350564422607421378e+00 2.800000000000000000e+01
2.471835002899170242e+00 1.800000000000000000e+01
2.593105583190918217e+00 1.500000000000000000e+01
2.714376163482666193e+00 6.000000000000000000e+00
2.835646743774414169e+00 3.000000000000000000e+00
2.956917324066162145e+00 5.000000000000000000e+00
