#     bins                         n
3.270515068434178690e-02 2.800000000000000000e+01
7.961773728020488106e-02 9.800000000000000000e+01
1.265303238760679960e-01 1.480000000000000000e+02
1.734429104719310832e-01 1.970000000000000000e+02
2.203554970677941982e-01 2.090000000000000000e+02
2.672680836636572854e-01 2.560000000000000000e+02
3.141806702595203449e-01 2.630000000000000000e+02
3.610932568553834598e-01 2.760000000000000000e+02
4.080058434512465748e-01 3.110000000000000000e+02
4.549184300471096898e-01 3.290000000000000000e+02
5.018310166429728048e-01 3.570000000000000000e+02
5.487436032388358642e-01 2.960000000000000000e+02
5.956561898346989237e-01 3.410000000000000000e+02
6.425687764305620941e-01 3.490000000000000000e+02
6.894813630264251536e-01 3.600000000000000000e+02
7.363939496222883241e-01 3.890000000000000000e+02
7.833065362181513835e-01 3.320000000000000000e+02
8.302191228140144430e-01 3.580000000000000000e+02
8.771317094098776135e-01 3.570000000000000000e+02
9.240442960057406729e-01 3.750000000000000000e+02
9.709568826016038434e-01 3.390000000000000000e+02
1.017869469197467014e+00 3.370000000000000000e+02
1.064782055793330073e+00 3.020000000000000000e+02
1.111694642389193133e+00 3.200000000000000000e+02
1.158607228985056192e+00 2.820000000000000000e+02
1.205519815580919474e+00 2.930000000000000000e+02
1.252432402176782533e+00 2.330000000000000000e+02
1.299344988772645593e+00 2.540000000000000000e+02
1.346257575368508652e+00 2.480000000000000000e+02
1.393170161964371712e+00 2.300000000000000000e+02
1.440082748560234993e+00 1.870000000000000000e+02
1.486995335156098053e+00 1.710000000000000000e+02
1.533907921751961112e+00 1.830000000000000000e+02
1.580820508347824171e+00 1.580000000000000000e+02
1.627733094943687231e+00 1.230000000000000000e+02
1.674645681539550512e+00 1.110000000000000000e+02
1.721558268135413572e+00 1.140000000000000000e+02
1.768470854731276631e+00 7.700000000000000000e+01
1.815383441327139691e+00 6.800000000000000000e+01
1.862296027923002750e+00 5.700000000000000000e+01
1.909208614518866032e+00 4.500000000000000000e+01
1.956121201114729091e+00 3.500000000000000000e+01
2.003033787710592151e+00 3.200000000000000000e+01
2.049946374306455432e+00 2.000000000000000000e+01
2.096858960902318270e+00 2.400000000000000000e+01
2.143771547498181551e+00 1.700000000000000000e+01
2.190684134094044389e+00 6.000000000000000000e+00
2.237596720689907670e+00 5.000000000000000000e+00
2.284509307285770507e+00 5.000000000000000000e+00
2.331421893881633789e+00 3.000000000000000000e+00
