#     bins                         n
-3.208898382186889719e+00 1.000000000000000000e+00
-3.079263200759887908e+00 4.000000000000000000e+00
-2.949628019332885653e+00 6.000000000000000000e+00
-2.819992837905883842e+00 8.000000000000000000e+00
-2.690357656478882031e+00 1.200000000000000000e+01
-2.560722475051879776e+00 1.200000000000000000e+01
-2.431087293624877965e+00 3.300000000000000000e+01
-2.301452112197876154e+00 4.300000000000000000e+01
-2.171816930770874343e+00 5.100000000000000000e+01
-2.042181749343872088e+00 6.200000000000000000e+01
-1.912546567916870277e+00 1.010000000000000000e+02
-1.782911386489868244e+00 1.040000000000000000e+02
-1.653276205062866211e+00 1.240000000000000000e+02
-1.523641023635864400e+00 1.570000000000000000e+02
-1.394005842208862367e+00 2.190000000000000000e+02
-1.264370660781860556e+00 2.440000000000000000e+02
-1.134735479354858523e+00 2.750000000000000000e+02
-1.005100297927856712e+00 3.080000000000000000e+02
-8.754651165008544567e-01 3.400000000000000000e+02
-7.458299350738526456e-01 3.930000000000000000e+02
-6.161947536468508346e-01 4.140000000000000000e+02
-4.865595722198485795e-01 4.560000000000000000e+02
-3.569243907928467685e-01 4.390000000000000000e+02
-2.272892093658449575e-01 4.940000000000000000e+02
-9.765402793884270238e-02 4.800000000000000000e+02
3.198115348815910863e-02 4.760000000000000000e+02
1.616163349151609196e-01 4.620000000000000000e+02
2.912515163421627307e-01 4.780000000000000000e+02
4.208866977691649858e-01 4.580000000000000000e+02
5.505218791961667968e-01 4.540000000000000000e+02
6.801570606231686078e-01 4.080000000000000000e+02
8.097922420501708629e-01 3.840000000000000000e+02
9.394274234771726739e-01 3.490000000000000000e+02
1.069062604904174485e+00 3.060000000000000000e+02
1.198697786331176296e+00 2.600000000000000000e+02
1.328332967758178107e+00 2.280000000000000000e+02
1.457968149185180806e+00 1.910000000000000000e+02
1.587603330612182617e+00 1.470000000000000000e+02
1.717238512039184428e+00 1.390000000000000000e+02
1.846873693466186239e+00 9.800000000000000000e+01
1.976508874893188050e+00 7.100000000000000000e+01
2.106144056320189861e+00 6.100000000000000000e+01
2.235779237747192560e+00 5.700000000000000000e+01
2.365414419174194371e+00 2.700000000000000000e+01
2.495049600601196182e+00 1.800000000000000000e+01
2.624684782028197993e+00 1.100000000000000000e+01
2.754319963455199805e+00 1.500000000000000000e+01
2.883955144882201616e+00 2.000000000000000000e+00
3.013590326309204315e+00 5.000000000000000000e+00
3.143225507736206126e+00 1.000000000000000000e+00
