#     bins                         n
-3.121818454265594234e+00 3.000000000000000000e+00
-2.993262979984283589e+00 5.000000000000000000e+00
-2.864707505702972057e+00 4.000000000000000000e+00
-2.736152031421661412e+00 8.000000000000000000e+00
-2.607596557140349880e+00 1.000000000000000000e+01
-2.479041082859039236e+00 3.900000000000000000e+01
-2.350485608577728591e+00 4.000000000000000000e+01
-2.221930134296417059e+00 4.900000000000000000e+01
-2.093374660015106414e+00 7.400000000000000000e+01
-1.964819185733795104e+00 8.200000000000000000e+01
-1.836263711452484015e+00 1.030000000000000000e+02
-1.707708237171173149e+00 1.250000000000000000e+02
-1.579152762889862061e+00 1.480000000000000000e+02
-1.450597288608550972e+00 1.940000000000000000e+02
-1.322041814327240106e+00 2.140000000000000000e+02
-1.193486340045929017e+00 2.180000000000000000e+02
-1.064930865764617929e+00 2.710000000000000000e+02
-9.363753914833068404e-01 2.910000000000000000e+02
-8.078199172019957519e-01 3.260000000000000000e+02
-6.792644429206846635e-01 3.640000000000000000e+02
-5.507089686393735750e-01 3.940000000000000000e+02
-4.221534943580629307e-01 4.570000000000000000e+02
-2.935980200767518422e-01 4.690000000000000000e+02
-1.650425457954407538e-01 5.700000000000000000e+02
-3.648707151412966532e-02 5.870000000000000000e+02
9.206840276718142313e-02 5.780000000000000000e+02
2.206238770484925116e-01 5.470000000000000000e+02
3.491793513298036000e-01 5.130000000000000000e+02
4.777348256111142444e-01 4.370000000000000000e+02
6.062902998924253328e-01 3.950000000000000000e+02
7.348457741737364213e-01 3.410000000000000000e+02
8.634012484550475097e-01 2.700000000000000000e+02
9.919567227363585982e-01 2.570000000000000000e+02
1.120512197017669243e+00 2.470000000000000000e+02
1.249067671298980775e+00 2.380000000000000000e+02
1.377623145580291419e+00 1.810000000000000000e+02
1.506178619861602952e+00 1.920000000000000000e+02
1.634734094142913596e+00 1.370000000000000000e+02
1.763289568424225129e+00 1.360000000000000000e+02
1.891845042705535773e+00 9.100000000000000000e+01
2.020400516986847528e+00 8.800000000000000000e+01
2.148955991268158172e+00 5.400000000000000000e+01
2.277511465549468817e+00 6.000000000000000000e+01
2.406066939830780349e+00 2.900000000000000000e+01
2.534622414112090993e+00 2.600000000000000000e+01
2.663177888393402526e+00 1.800000000000000000e+01
2.791733362674713170e+00 1.000000000000000000e+01
2.920288836956024703e+00 3.000000000000000000e+00
3.048844311237335347e+00 0.000000000000000000e+00
3.177399785518645992e+00 1.000000000000000000e+00
