#     bins                         n
-3.231647789478302002e+00 1.000000000000000000e+00
-3.100244462490081787e+00 4.000000000000000000e+00
-2.968841135501861572e+00 3.000000000000000000e+00
-2.837437808513641357e+00 3.000000000000000000e+00
-2.706034481525421143e+00 2.000000000000000000e+01
-2.574631154537200928e+00 2.000000000000000000e+01
-2.443227827548980713e+00 2.800000000000000000e+01
-2.311824500560760498e+00 3.300000000000000000e+01
-2.180421173572540283e+00 5.300000000000000000e+01
-2.049017846584320068e+00 7.900000000000000000e+01
-1.917614519596099854e+00 8.500000000000000000e+01
-1.786211192607879639e+00 1.250000000000000000e+02
-1.654807865619659424e+00 1.160000000000000000e+02
-1.523404538631439209e+00 1.620000000000000000e+02
-1.392001211643218994e+00 1.810000000000000000e+02
-1.260597884654998779e+00 2.310000000000000000e+02
-1.129194557666778564e+00 3.120000000000000000e+02
-9.977912306785583496e-01 3.240000000000000000e+02
-8.663879036903381348e-01 3.670000000000000000e+02
-7.349845767021179199e-01 4.090000000000000000e+02
-6.035812497138977051e-01 4.520000000000000000e+02
-4.721779227256774902e-01 4.770000000000000000e+02
-3.407745957374572754e-01 4.890000000000000000e+02
-2.093712687492370605e-01 4.410000000000000000e+02
-7.796794176101684570e-02 4.840000000000000000e+02
5.343538522720336914e-02 5.050000000000000000e+02
1.848387122154235840e-01 4.830000000000000000e+02
3.162420392036437988e-01 4.860000000000000000e+02
4.476453661918640137e-01 4.950000000000000000e+02
5.790486931800842285e-01 4.310000000000000000e+02
7.104520201683044434e-01 4.100000000000000000e+02
8.418553471565246582e-01 3.500000000000000000e+02
9.732586741447448730e-01 3.270000000000000000e+02
1.104662001132965088e+00 3.120000000000000000e+02
1.236065328121185303e+00 2.430000000000000000e+02
1.367468655109405518e+00 1.980000000000000000e+02
1.498871982097625732e+00 1.680000000000000000e+02
1.630275309085845947e+00 1.420000000000000000e+02
1.761678636074066162e+00 1.210000000000000000e+02
1.893081963062286377e+00 9.900000000000000000e+01
2.024485290050506592e+00 6.400000000000000000e+01
2.155888617038726807e+00 5.200000000000000000e+01
2.287291944026947021e+00 3.500000000000000000e+01
2.418695271015167236e+00 3.400000000000000000e+01
2.550098598003387451e+00 2.400000000000000000e+01
2.681501924991607666e+00 1.500000000000000000e+01
2.812905251979827881e+00 1.100000000000000000e+01
2.944308578968048096e+00 9.000000000000000000e+00
3.075711905956268311e+00 3.000000000000000000e+00
3.207115232944488525e+00 1.000000000000000000e+00
