#     bins                         n
-2.925458507537841868e+00 2.000000000000000000e+00
-2.802853336334228729e+00 4.000000000000000000e+00
-2.680248165130615146e+00 7.000000000000000000e+00
-2.557642993927002006e+00 2.000000000000000000e+01
-2.435037822723388867e+00 2.700000000000000000e+01
-2.312432651519775284e+00 4.000000000000000000e+01
-2.189827480316162145e+00 5.400000000000000000e+01
-2.067222309112549006e+00 6.000000000000000000e+01
-1.944617137908935867e+00 7.500000000000000000e+01
-1.822011966705322283e+00 9.800000000000000000e+01
-1.699406795501709144e+00 1.290000000000000000e+02
-1.576801624298095783e+00 1.470000000000000000e+02
-1.454196453094482422e+00 1.890000000000000000e+02
-1.331591281890869283e+00 2.090000000000000000e+02
-1.208986110687255922e+00 2.430000000000000000e+02
-1.086380939483642782e+00 2.600000000000000000e+02
-9.637757682800294212e-01 3.130000000000000000e+02
-8.411705970764162821e-01 3.060000000000000000e+02
-7.185654258728026988e-01 3.880000000000000000e+02
-5.959602546691895597e-01 3.890000000000000000e+02
-4.733550834655764206e-01 4.280000000000000000e+02
-3.507499122619628373e-01 4.150000000000000000e+02
-2.281447410583496982e-01 4.420000000000000000e+02
-1.055395698547365591e-01 4.530000000000000000e+02
1.706560134887702418e-02 4.510000000000000000e+02
1.396707725524901633e-01 4.460000000000000000e+02
2.622759437561033025e-01 4.140000000000000000e+02
3.848811149597164416e-01 4.310000000000000000e+02
5.074862861633300248e-01 4.240000000000000000e+02
6.300914573669431640e-01 4.220000000000000000e+02
7.526966285705563031e-01 3.640000000000000000e+02
8.753017997741698863e-01 3.580000000000000000e+02
9.979069709777830255e-01 3.210000000000000000e+02
1.120512142181396165e+00 3.010000000000000000e+02
1.243117313385009304e+00 2.530000000000000000e+02
1.365722484588622443e+00 2.070000000000000000e+02
1.488327655792236470e+00 1.840000000000000000e+02
1.610932826995849609e+00 1.650000000000000000e+02
1.733537998199462749e+00 1.100000000000000000e+02
1.856143169403075888e+00 1.080000000000000000e+02
1.978748340606689027e+00 7.000000000000000000e+01
2.101353511810302166e+00 5.000000000000000000e+01
2.223958683013916193e+00 4.200000000000000000e+01
2.346563854217529332e+00 2.500000000000000000e+01
2.469169025421142472e+00 2.000000000000000000e+01
2.591774196624755611e+00 1.500000000000000000e+01
2.714379367828368750e+00 1.100000000000000000e+01
2.836984539031981889e+00 7.000000000000000000e+00
2.959589710235595916e+00 0.000000000000000000e+00
3.082194881439209055e+00 3.000000000000000000e+00
