#     bins                         n
3.566994497552514187e-02 4.400000000000000000e+01
8.601580126211047506e-02 7.200000000000000000e+01
1.363616575486958082e-01 1.580000000000000000e+02
1.867075138352811414e-01 1.730000000000000000e+02
2.370533701218664746e-01 2.230000000000000000e+02
2.873992264084518355e-01 2.650000000000000000e+02
3.377450826950371132e-01 3.160000000000000000e+02
3.880909389816225019e-01 3.440000000000000000e+02
4.384367952682077796e-01 3.460000000000000000e+02
4.887826515547931683e-01 3.770000000000000000e+02
5.391285078413784460e-01 3.750000000000000000e+02
5.894743641279638346e-01 4.030000000000000000e+02
6.398202204145491123e-01 4.160000000000000000e+02
6.901660767011343900e-01 4.100000000000000000e+02
7.405119329877197787e-01 4.240000000000000000e+02
7.908577892743051674e-01 4.080000000000000000e+02
8.412036455608904451e-01 3.920000000000000000e+02
8.915495018474757227e-01 3.750000000000000000e+02
9.418953581340611114e-01 3.670000000000000000e+02
9.922412144206465001e-01 3.890000000000000000e+02
1.042587070707231778e+00 3.370000000000000000e+02
1.092932926993817055e+00 3.330000000000000000e+02
1.143278783280402555e+00 3.320000000000000000e+02
1.193624639566987833e+00 2.590000000000000000e+02
1.243970495853573111e+00 2.770000000000000000e+02
1.294316352140158388e+00 2.220000000000000000e+02
1.344662208426743666e+00 1.860000000000000000e+02
1.395008064713329166e+00 2.350000000000000000e+02
1.445353920999914443e+00 1.980000000000000000e+02
1.495699777286499721e+00 1.770000000000000000e+02
1.546045633573085221e+00 1.730000000000000000e+02
1.596391489859670498e+00 1.210000000000000000e+02
1.646737346146255776e+00 1.270000000000000000e+02
1.697083202432841054e+00 1.140000000000000000e+02
1.747429058719426331e+00 9.800000000000000000e+01
1.797774915006011831e+00 7.700000000000000000e+01
1.848120771292597109e+00 6.900000000000000000e+01
1.898466627579182386e+00 6.300000000000000000e+01
1.948812483865767886e+00 4.600000000000000000e+01
1.999158340152353164e+00 3.500000000000000000e+01
2.049504196438938664e+00 2.800000000000000000e+01
2.099850052725523941e+00 2.900000000000000000e+01
2.150195909012109219e+00 1.800000000000000000e+01
2.200541765298694497e+00 1.800000000000000000e+01
2.250887621585280218e+00 6.000000000000000000e+00
2.301233477871865496e+00 1.200000000000000000e+01
2.351579334158450774e+00 7.000000000000000000e+00
2.401925190445036051e+00 6.000000000000000000e+00
2.452271046731621329e+00 1.000000000000000000e+00
2.502616903018206607e+00 5.000000000000000000e+00
