#     bins                         n
-3.000984177589416824e+00 2.000000000000000000e+00
-2.875585036277771067e+00 0.000000000000000000e+00
-2.750185894966125311e+00 5.000000000000000000e+00
-2.624786753654480442e+00 5.000000000000000000e+00
-2.499387612342834686e+00 1.700000000000000000e+01
-2.373988471031188929e+00 2.400000000000000000e+01
-2.248589329719544061e+00 3.400000000000000000e+01
-2.123190188407898304e+00 5.000000000000000000e+01
-1.997791047096252326e+00 6.800000000000000000e+01
-1.872391905784607014e+00 9.400000000000000000e+01
-1.746992764472961479e+00 1.320000000000000000e+02
-1.621593623161315945e+00 1.420000000000000000e+02
-1.496194481849670632e+00 1.620000000000000000e+02
-1.370795340538025098e+00 2.030000000000000000e+02
-1.245396199226379563e+00 2.080000000000000000e+02
-1.119997057914734029e+00 2.610000000000000000e+02
-9.945979166030884944e-01 2.890000000000000000e+02
-8.691987752914431820e-01 3.310000000000000000e+02
-7.437996339797974255e-01 3.950000000000000000e+02
-6.184004926681521130e-01 4.040000000000000000e+02
-4.930013513565063565e-01 4.260000000000000000e+02
-3.676022100448610441e-01 5.140000000000000000e+02
-2.422030687332152876e-01 4.490000000000000000e+02
-1.168039274215699752e-01 5.070000000000000000e+02
8.595213890075337204e-03 5.030000000000000000e+02
1.339943552017210937e-01 4.950000000000000000e+02
2.593934965133664061e-01 4.710000000000000000e+02
3.847926378250121626e-01 3.710000000000000000e+02
5.101917791366574750e-01 4.160000000000000000e+02
6.355909204483032315e-01 3.560000000000000000e+02
7.609900617599485440e-01 3.400000000000000000e+02
8.863892030715943005e-01 3.260000000000000000e+02
1.011788344383239613e+00 3.010000000000000000e+02
1.137187485694885369e+00 2.820000000000000000e+02
1.262586627006530238e+00 2.370000000000000000e+02
1.387985768318175994e+00 1.980000000000000000e+02
1.513384909629821751e+00 1.900000000000000000e+02
1.638784050941467507e+00 1.550000000000000000e+02
1.764183192253112376e+00 1.490000000000000000e+02
1.889582333564758132e+00 1.170000000000000000e+02
2.014981474876403666e+00 7.800000000000000000e+01
2.140380616188048535e+00 6.400000000000000000e+01
2.265779757499694291e+00 5.200000000000000000e+01
2.391178898811340048e+00 3.200000000000000000e+01
2.516578040122985804e+00 2.300000000000000000e+01
2.641977181434630673e+00 1.200000000000000000e+01
2.767376322746276429e+00 7.000000000000000000e+00
2.892775464057922186e+00 3.000000000000000000e+00
3.018174605369567054e+00 5.000000000000000000e+00
3.143573746681212810e+00 3.000000000000000000e+00
