#     bins                         n
2.560312858026008928e-02 2.200000000000000000e+01
7.585580071492585563e-02 7.000000000000000000e+01
1.261084728495916185e-01 1.060000000000000000e+02
1.763611449842573953e-01 1.540000000000000000e+02
2.266138171189231720e-01 1.900000000000000000e+02
2.768664892535889210e-01 2.150000000000000000e+02
3.271191613882546978e-01 2.690000000000000000e+02
3.773718335229204746e-01 3.080000000000000000e+02
4.276245056575862513e-01 3.560000000000000000e+02
4.778771777922520281e-01 3.910000000000000000e+02
5.281298499269176938e-01 3.720000000000000000e+02
5.783825220615834706e-01 4.210000000000000000e+02
6.286351941962492473e-01 4.430000000000000000e+02
6.788878663309150241e-01 4.580000000000000000e+02
7.291405384655808009e-01 4.690000000000000000e+02
7.793932106002465776e-01 4.530000000000000000e+02
8.296458827349123544e-01 4.220000000000000000e+02
8.798985548695781311e-01 4.140000000000000000e+02
9.301512270042439079e-01 4.260000000000000000e+02
9.804038991389096847e-01 3.980000000000000000e+02
1.030656571273575350e+00 3.650000000000000000e+02
1.080909243408241238e+00 3.010000000000000000e+02
1.131161915542906904e+00 2.990000000000000000e+02
1.181414587677572792e+00 2.290000000000000000e+02
1.231667259812238457e+00 2.390000000000000000e+02
1.281919931946904345e+00 2.080000000000000000e+02
1.332172604081570011e+00 2.320000000000000000e+02
1.382425276216235899e+00 2.170000000000000000e+02
1.432677948350901564e+00 1.970000000000000000e+02
1.482930620485567452e+00 1.820000000000000000e+02
1.533183292620233118e+00 1.590000000000000000e+02
1.583435964754899006e+00 1.220000000000000000e+02
1.633688636889564672e+00 1.210000000000000000e+02
1.683941309024230337e+00 1.150000000000000000e+02
1.734193981158896225e+00 1.070000000000000000e+02
1.784446653293561891e+00 9.000000000000000000e+01
1.834699325428227779e+00 6.200000000000000000e+01
1.884951997562893444e+00 5.000000000000000000e+01
1.935204669697559332e+00 5.500000000000000000e+01
1.985457341832224998e+00 5.000000000000000000e+01
2.035710013966890664e+00 3.200000000000000000e+01
2.085962686101556773e+00 4.200000000000000000e+01
2.136215358236222439e+00 3.500000000000000000e+01
2.186468030370888105e+00 1.900000000000000000e+01
2.236720702505553771e+00 1.200000000000000000e+01
2.286973374640219880e+00 4.000000000000000000e+00
2.337226046774885546e+00 7.000000000000000000e+00
2.387478718909551212e+00 3.000000000000000000e+00
2.437731391044216878e+00 3.000000000000000000e+00
2.487984063178882543e+00 3.000000000000000000e+00
