#     bins                         n
-3.049728908538818395e+00 6.000000000000000000e+00
-2.922540779113769638e+00 6.000000000000000000e+00
-2.795352649688720881e+00 1.200000000000000000e+01
-2.668164520263672124e+00 1.700000000000000000e+01
-2.540976390838622923e+00 1.200000000000000000e+01
-2.413788261413574165e+00 3.000000000000000000e+01
-2.286600131988525408e+00 3.500000000000000000e+01
-2.159412002563476651e+00 6.400000000000000000e+01
-2.032223873138427450e+00 7.300000000000000000e+01
-1.905035743713378915e+00 1.000000000000000000e+02
-1.777847614288329936e+00 1.130000000000000000e+02
-1.650659484863281179e+00 1.190000000000000000e+02
-1.523471355438232422e+00 1.550000000000000000e+02
-1.396283226013183443e+00 2.010000000000000000e+02
-1.269095096588134686e+00 2.210000000000000000e+02
-1.141906967163085707e+00 2.590000000000000000e+02
-1.014718837738036950e+00 3.000000000000000000e+02
-8.875307083129881924e-01 3.360000000000000000e+02
-7.603425788879394354e-01 3.770000000000000000e+02
-6.331544494628902342e-01 4.160000000000000000e+02
-5.059663200378414771e-01 4.330000000000000000e+02
-3.787781906127927201e-01 4.480000000000000000e+02
-2.515900611877439630e-01 4.360000000000000000e+02
-1.244019317626952059e-01 4.790000000000000000e+02
2.786197662353551152e-03 5.090000000000000000e+02
1.299743270874027523e-01 5.270000000000000000e+02
2.571624565124515094e-01 4.990000000000000000e+02
3.843505859375002665e-01 4.340000000000000000e+02
5.115387153625490235e-01 4.340000000000000000e+02
6.387268447875977806e-01 4.030000000000000000e+02
7.659149742126469818e-01 3.940000000000000000e+02
8.931031036376957388e-01 3.790000000000000000e+02
1.020291233062744496e+00 2.980000000000000000e+02
1.147479362487793253e+00 2.420000000000000000e+02
1.274667491912842010e+00 2.190000000000000000e+02
1.401855621337890767e+00 1.990000000000000000e+02
1.529043750762939524e+00 1.480000000000000000e+02
1.656231880187988281e+00 1.320000000000000000e+02
1.783420009613037926e+00 1.080000000000000000e+02
1.910608139038086684e+00 7.400000000000000000e+01
2.037796268463135441e+00 6.100000000000000000e+01
2.164984397888184198e+00 5.500000000000000000e+01
2.292172527313232955e+00 5.300000000000000000e+01
2.419360656738281712e+00 2.400000000000000000e+01
2.546548786163330469e+00 2.500000000000000000e+01
2.673736915588379226e+00 1.600000000000000000e+01
2.800925045013427983e+00 9.000000000000000000e+00
2.928113174438476740e+00 4.000000000000000000e+00
3.055301303863525497e+00 7.000000000000000000e+00
3.182489433288575142e+00 1.000000000000000000e+00
