-1.283656674440551537e+00 9.088440308730613149e-01 3.499596830492988531e+00 1.317364384687837342e+00
-1.197963409045939009e+00 -9.850652468011067420e-02 2.105776162001134377e+00 -5.185437642014348647e+00
-1.112270143651326482e+00 -3.009540403411847809e-01 -1.243560948005914879e+00 -8.111655507654510489e-01
-1.026576878256713732e+00 -8.286033571193951452e-02 1.502597204859289493e-01 2.055742071229029744e+00
-9.408836128621012040e-01 -1.929070371462793254e-02 4.636725596666247395e-01 2.380794856315799068e-01
-8.551903474674885652e-01 9.492757396597006903e-02 4.883947646365505157e-01 -3.393950819905149907e-01
-7.694970820728758154e-01 -9.593941336566702560e-02 9.520196591907341410e-02 -2.367914820488571104e-01
-6.838038166782632876e-01 1.057009109109052769e-02 -5.207308523107803122e-01 1.037114230265429038e-02
-5.981105512836506488e-01 -7.310332376213901640e-02 -9.456875829180533266e-02 -2.335396707339542355e-01
-5.124172858890378990e-01 -6.247535752427690880e-02 1.079160968278965703e-02 -1.375366186503351740e-01
-4.267240204944253157e-01 -6.462114504862270792e-02 -4.747482533814320615e-01 -2.676412830833503897e-01
-3.410307550998127324e-01 -1.303053450572926319e-01 -5.239270441383858667e-01 -3.315112816120486805e-01
-2.553374897052000936e-01 -8.173133473267713001e-02 -6.062992453564741702e-01 -2.681945238735520265e-01
-1.696442243105874548e-01 -7.567861960145583211e-02 -9.282384802813203883e-01 -2.863101062021546350e-01
-8.395095891597487148e-02 -4.020266099774971735e-02 -1.484259355819956383e+00 -2.465890732848308731e-01
1.742306478637697725e-03 -4.345933369355403642e-02 -2.097354837174705722e+00 -3.073389227759806275e-01
8.743557187325035063e-02 -6.482863462590637837e-02 -2.659909650326914399e+00 -2.792565659183076088e-01
1.731288372678630172e-01 -3.432678478476480777e-02 -2.911044454646110946e+00 -2.880118095517270604e-01
2.588221026624756282e-01 -8.552529022319221852e-02 -2.960329423256543357e+00 -3.356532589061814176e-01
3.445153680570883226e-01 -6.290944026792311128e-02 -3.079787404395554873e+00 -2.644134503631322408e-01
4.302086334517009059e-01 -6.917287792486903619e-02 -2.777524276411458271e+00 -5.062653807966962516e-01
5.159018988463134336e-01 -8.126640058248568721e-02 -2.560456785752801334e+00 -9.185251096579289953e-01
6.015951642409259614e-01 -1.214420168828478364e-01 -2.966628945475446422e+00 -5.310670757831917888e-01
6.872884296355387113e-01 -5.123995013899573792e-02 -3.122734776243926369e+00 -1.785170978603724812e-01
7.729816950301514611e-01 -5.680431337275981818e-02 -2.735632209837212336e+00 -6.742245014752189514e-01
8.586749604247639889e-01 -6.846887602081386248e-02 -2.748290906534926137e+00 -7.012797838671447348e-01
9.443682258193765167e-01 -6.463586101428653308e-02 -2.856354952002299274e+00 -6.435359754478680028e-01
1.030061491213989378e+00 -9.462863865711046429e-03 -2.539868413936146041e+00 -1.020990961848662337e+00
1.115754756608602127e+00 1.417459763520112492e-02 -3.285147316515802274e+00 -2.944121277308112128e-01
1.201448022003214433e+00 7.880394984653593671e-02 -3.213468342854761683e+00 -7.918618358152514081e-02
1.287141287397826961e+00 1.461226374477049283e-01 -2.259568482132040756e+00 -8.720683437220148049e-01
1.372834552792439711e+00 2.486996867298075786e-01 -2.446570217851824935e+00 -8.927668517530468195e-01
1.458527818187052461e+00 2.730484358272800005e-01 -2.762006355332471852e+00 -6.686102930367917585e-01
1.544221083581664988e+00 3.532881381482585459e-01 -2.509447483867774942e+00 2.490347742021518651e-01
1.629914348976277516e+00 5.528794559338753301e-01 -2.359828620631104990e+00 1.643472747936111755e+00
1.715607614370890266e+00 7.438680479239558885e-01 -2.837121135399456318e+00 2.144528811679829783e+00
1.801300879765503016e+00 8.468423389696529968e-01 -3.353600637918778826e+00 1.634509713540436282e+00
1.886994145160115544e+00 9.030154761380626560e-01 -3.567121565550732676e+00 4.491450222713099238e-01
1.972687410554728293e+00 9.336867450635393251e-01 -3.335242938019789882e+00 -1.346777101471240190e+00
2.058380675949340599e+00 9.487902248857145171e-01 -3.053386669334879677e+00 -1.038518808815710015e+00
2.144073941343953127e+00 9.688368241605048725e-01 -2.868226259381815524e+00 1.182815212506241442e+00
2.229767206738566099e+00 9.818364174564541136e-01 -2.721658549370046476e+00 1.599291280462192821e+00
2.315460472133178627e+00 9.879473894523372879e-01 -2.690051779535567622e+00 9.591517906459737786e-01
2.401153737527791154e+00 9.918216800986084936e-01 -2.720783404966540697e+00 6.435435611952354806e-01
2.486847002922404126e+00 9.943934706602480800e-01 -2.691599438940747824e+00 7.890944169316381762e-01
