#     bins                         n
-3.583818409442901753e+00 1.000000000000000000e+00
-3.445019643306731716e+00 0.000000000000000000e+00
-3.306220877170562567e+00 0.000000000000000000e+00
-3.167422111034393417e+00 1.000000000000000000e+00
-3.028623344898224268e+00 2.000000000000000000e+00
-2.889824578762054230e+00 6.000000000000000000e+00
-2.751025812625885081e+00 1.600000000000000000e+01
-2.612227046489715931e+00 1.500000000000000000e+01
-2.473428280353545894e+00 3.700000000000000000e+01
-2.334629514217376745e+00 3.600000000000000000e+01
-2.195830748081207595e+00 4.500000000000000000e+01
-2.057031981945037558e+00 7.100000000000000000e+01
-1.918233215808868408e+00 9.400000000000000000e+01
-1.779434449672699037e+00 1.250000000000000000e+02
-1.640635683536529443e+00 1.620000000000000000e+02
-1.501836917400360294e+00 1.960000000000000000e+02
-1.363038151264190700e+00 2.260000000000000000e+02
-1.224239385128021107e+00 2.420000000000000000e+02
-1.085440618991851958e+00 3.090000000000000000e+02
-9.466418528556823642e-01 3.560000000000000000e+02
-8.078430867195132148e-01 3.780000000000000000e+02
-6.690443205833436213e-01 4.100000000000000000e+02
-5.302455544471740279e-01 4.900000000000000000e+02
-3.914467883110048785e-01 4.990000000000000000e+02
-2.526480221748352850e-01 5.100000000000000000e+02
-1.138492560386656915e-01 5.360000000000000000e+02
2.494951009750345783e-02 5.440000000000000000e+02
1.637482762336730513e-01 5.260000000000000000e+02
3.025470423698426448e-01 5.170000000000000000e+02
4.413458085060117941e-01 4.790000000000000000e+02
5.801445746421809435e-01 4.610000000000000000e+02
7.189433407783509811e-01 4.130000000000000000e+02
8.577421069145201304e-01 3.730000000000000000e+02
9.965408730506892798e-01 3.390000000000000000e+02
1.135339639186859317e+00 3.010000000000000000e+02
1.274138405323028467e+00 2.820000000000000000e+02
1.412937171459197616e+00 2.100000000000000000e+02
1.551735937595367654e+00 1.790000000000000000e+02
1.690534703731536803e+00 1.130000000000000000e+02
1.829333469867705952e+00 1.190000000000000000e+02
1.968132236003875102e+00 7.500000000000000000e+01
2.106931002140044917e+00 6.300000000000000000e+01
2.245729768276214067e+00 5.700000000000000000e+01
2.384528534412383216e+00 3.400000000000000000e+01
2.523327300548553254e+00 1.600000000000000000e+01
2.662126066684722403e+00 2.100000000000000000e+01
2.800924832820891552e+00 1.300000000000000000e+01
2.939723598957061590e+00 1.000000000000000000e+00
3.078522365093230739e+00 1.000000000000000000e+00
3.217321131229399889e+00 2.000000000000000000e+00
