#     bins                         n
-3.074629194736480997e+00 5.000000000000000000e+00
-2.945746085643768275e+00 3.000000000000000000e+00
-2.816862976551056441e+00 9.000000000000000000e+00
-2.687979867458343719e+00 1.000000000000000000e+01
-2.559096758365630997e+00 1.400000000000000000e+01
-2.430213649272919163e+00 2.300000000000000000e+01
-2.301330540180206441e+00 4.700000000000000000e+01
-2.172447431087493719e+00 4.500000000000000000e+01
-2.043564321994781885e+00 5.000000000000000000e+01
-1.914681212902069385e+00 8.700000000000000000e+01
-1.785798103809356885e+00 1.160000000000000000e+02
-1.656914994716644385e+00 1.600000000000000000e+02
-1.528031885623932107e+00 1.690000000000000000e+02
-1.399148776531219829e+00 1.980000000000000000e+02
-1.270265667438507329e+00 2.380000000000000000e+02
-1.141382558345794829e+00 2.660000000000000000e+02
-1.012499449253082551e+00 3.200000000000000000e+02
-8.836163401603702727e-01 3.530000000000000000e+02
-7.547332310676579947e-01 3.740000000000000000e+02
-6.258501219749452726e-01 4.200000000000000000e+02
-4.969670128822329946e-01 4.240000000000000000e+02
-3.680839037895207166e-01 4.650000000000000000e+02
-2.392007946968079946e-01 4.780000000000000000e+02
-1.103176856040957166e-01 4.880000000000000000e+02
1.856542348861656144e-02 4.910000000000000000e+02
1.474485325813288394e-01 4.590000000000000000e+02
2.763316416740411174e-01 4.900000000000000000e+02
4.052147507667538395e-01 4.790000000000000000e+02
5.340978598594661175e-01 4.360000000000000000e+02
6.629809689521783955e-01 3.700000000000000000e+02
7.918640780448911176e-01 3.730000000000000000e+02
9.207471871376033956e-01 3.520000000000000000e+02
1.049630296230315674e+00 2.960000000000000000e+02
1.178513405323028396e+00 2.680000000000000000e+02
1.307396514415740230e+00 2.100000000000000000e+02
1.436279623508452952e+00 2.020000000000000000e+02
1.565162732601164786e+00 1.620000000000000000e+02
1.694045841693877508e+00 1.340000000000000000e+02
1.822928950786590230e+00 1.120000000000000000e+02
1.951812059879302064e+00 7.700000000000000000e+01
2.080695168972014564e+00 6.700000000000000000e+01
2.209578278064727286e+00 4.000000000000000000e+01
2.338461387157439120e+00 4.400000000000000000e+01
2.467344496250151842e+00 3.300000000000000000e+01
2.596227605342864564e+00 1.200000000000000000e+01
2.725110714435576398e+00 1.100000000000000000e+01
2.853993823528289120e+00 5.000000000000000000e+00
2.982876932621000954e+00 1.000000000000000000e+00
3.111760041713713676e+00 3.000000000000000000e+00
3.240643150806426398e+00 3.000000000000000000e+00
