#     bins                         n
4.050159031525254333e-02 4.800000000000000000e+01
9.300087986513971838e-02 8.100000000000000000e+01
1.455001694150269143e-01 1.440000000000000000e+02
1.979994589649140824e-01 1.980000000000000000e+02
2.504987485148012505e-01 2.360000000000000000e+02
3.029980380646884464e-01 2.820000000000000000e+02
3.554973276145755867e-01 3.300000000000000000e+02
4.079966171644627826e-01 3.360000000000000000e+02
4.604959067143499785e-01 3.780000000000000000e+02
5.129951962642371743e-01 3.990000000000000000e+02
5.654944858141244257e-01 4.660000000000000000e+02
6.179937753640115661e-01 4.230000000000000000e+02
6.704930649138987064e-01 4.360000000000000000e+02
7.229923544637859578e-01 4.350000000000000000e+02
7.754916440136730982e-01 4.570000000000000000e+02
8.279909335635603496e-01 4.510000000000000000e+02
8.804902231134474899e-01 4.490000000000000000e+02
9.329895126633346303e-01 3.850000000000000000e+02
9.854888022132218817e-01 3.660000000000000000e+02
1.037988091763109022e+00 3.070000000000000000e+02
1.090487381312996273e+00 3.010000000000000000e+02
1.142986670862883303e+00 2.940000000000000000e+02
1.195485960412770554e+00 2.730000000000000000e+02
1.247985249962657806e+00 2.850000000000000000e+02
1.300484539512544835e+00 2.400000000000000000e+02
1.352983829062432086e+00 2.880000000000000000e+02
1.405483118612319338e+00 2.230000000000000000e+02
1.457982408162206589e+00 1.960000000000000000e+02
1.510481697712093618e+00 1.670000000000000000e+02
1.562980987261980870e+00 1.660000000000000000e+02
1.615480276811868121e+00 1.450000000000000000e+02
1.667979566361755150e+00 1.560000000000000000e+02
1.720478855911642402e+00 1.070000000000000000e+02
1.772978145461529653e+00 8.700000000000000000e+01
1.825477435011416683e+00 8.300000000000000000e+01
1.877976724561303934e+00 6.000000000000000000e+01
1.930476014111191185e+00 4.500000000000000000e+01
1.982975303661078215e+00 4.300000000000000000e+01
2.035474593210965466e+00 3.300000000000000000e+01
2.087973882760852717e+00 2.700000000000000000e+01
2.140473172310739969e+00 2.000000000000000000e+01
2.192972461860627220e+00 1.300000000000000000e+01
2.245471751410514027e+00 1.000000000000000000e+01
2.297971040960401279e+00 1.200000000000000000e+01
2.350470330510288530e+00 4.000000000000000000e+00
2.402969620060175782e+00 4.000000000000000000e+00
2.455468909610063033e+00 1.000000000000000000e+00
2.507968199159950284e+00 1.000000000000000000e+00
2.560467488709837092e+00 0.000000000000000000e+00
2.612966778259724343e+00 1.000000000000000000e+00
