#     bins                         n
-3.401879377365112589e+00 1.000000000000000000e+00
-3.265777311325073207e+00 2.000000000000000000e+00
-3.129675245285034713e+00 0.000000000000000000e+00
-2.993573179244995330e+00 5.000000000000000000e+00
-2.857471113204955948e+00 1.600000000000000000e+01
-2.721369047164917454e+00 1.200000000000000000e+01
-2.585266981124878072e+00 1.500000000000000000e+01
-2.449164915084838690e+00 2.900000000000000000e+01
-2.313062849044800195e+00 4.200000000000000000e+01
-2.176960783004760813e+00 7.100000000000000000e+01
-2.040858716964722319e+00 8.000000000000000000e+01
-1.904756650924682715e+00 1.080000000000000000e+02
-1.768654584884643777e+00 1.140000000000000000e+02
-1.632552518844604839e+00 1.440000000000000000e+02
-1.496450452804565678e+00 1.720000000000000000e+02
-1.360348386764526518e+00 2.010000000000000000e+02
-1.224246320724487580e+00 2.510000000000000000e+02
-1.088144254684448642e+00 2.790000000000000000e+02
-9.520421886444097037e-01 3.540000000000000000e+02
-8.159401226043703215e-01 4.040000000000000000e+02
-6.798380565643313833e-01 4.400000000000000000e+02
-5.437359905242924452e-01 4.570000000000000000e+02
-4.076339244842530629e-01 4.580000000000000000e+02
-2.715318584442141248e-01 5.540000000000000000e+02
-1.354297924041751866e-01 4.780000000000000000e+02
6.722736358637515508e-04 5.230000000000000000e+02
1.367743396759026897e-01 5.100000000000000000e+02
2.728764057159420720e-01 5.100000000000000000e+02
4.089784717559810101e-01 4.960000000000000000e+02
5.450805377960199483e-01 4.760000000000000000e+02
6.811826038360593305e-01 4.030000000000000000e+02
8.172846698760978246e-01 3.880000000000000000e+02
9.533867359161372068e-01 3.420000000000000000e+02
1.089488801956176589e+00 3.200000000000000000e+02
1.225590867996215083e+00 2.630000000000000000e+02
1.361692934036254465e+00 2.440000000000000000e+02
1.497795000076292959e+00 1.760000000000000000e+02
1.633897066116332342e+00 1.200000000000000000e+02
1.769999132156371724e+00 1.190000000000000000e+02
1.906101198196410218e+00 8.300000000000000000e+01
2.042203264236449378e+00 7.500000000000000000e+01
2.178305330276488760e+00 5.000000000000000000e+01
2.314407396316527254e+00 3.500000000000000000e+01
2.450509462356566637e+00 3.100000000000000000e+01
2.586611528396606019e+00 1.600000000000000000e+01
2.722713594436644513e+00 1.000000000000000000e+01
2.858815660476683895e+00 7.000000000000000000e+00
2.994917726516722389e+00 3.000000000000000000e+00
3.131019792556761772e+00 3.000000000000000000e+00
3.267121858596801154e+00 2.000000000000000000e+00
