-1.369349939835164287e+00 2.556123296674028822e-02 -1.292241320637948165e+00 5.092532882547418094e-01
-1.283656674440551537e+00 -8.016590470899354059e-02 -1.115059413578362690e+00 2.819340979451234741e-01
-1.197963409045939009e+00 6.783161833368578364e-03 -1.180190644901220720e+00 6.251514341870183511e-01
-1.112270143651326482e+00 -2.234208818821992182e-02 -1.115922159628735866e+00 6.172508197779966732e-01
-1.026576878256713732e+00 7.762913702815432693e-02 -1.211145340954470129e+00 1.844329140306075199e-01
-9.408836128621012040e-01 -3.060758361797466520e-02 -1.412204725650042070e+00 1.313071957463872730e-01
-8.551903474674885652e-01 -1.221539741578836491e-02 -1.377173676751177300e+00 2.992230092736458680e-01
-7.694970820728758154e-01 7.339842317951372763e-03 -1.431387538126953851e+00 2.654025315213772718e-01
-6.838038166782632876e-01 -6.906460888876253534e-03 -1.490644294531092484e+00 1.647423012577700629e-01
-5.981105512836506488e-01 2.090709433354431823e-03 -1.605283990844692532e+00 9.053009761344714412e-02
-5.124172858890378990e-01 6.775548925053054283e-03 -1.738549372689926598e+00 2.434116255813208174e-02
-4.267240204944253157e-01 -5.452464496549014328e-03 -1.820914336873075579e+00 -1.130675377177637053e-01
-3.410307550998127324e-01 -6.529887461341088439e-03 -1.936625235853712379e+00 -1.444879714773314172e-01
-2.553374897052000936e-01 -1.943255934546916919e-02 -2.066622786697509540e+00 -1.154514299653861403e-01
-1.696442243105874548e-01 8.267905934882024965e-03 -2.203831525842576688e+00 -2.159562756924295335e-01
-8.395095891597487148e-02 -3.910237336726352098e-03 -2.362640696207104707e+00 -3.069758928977425749e-01
1.742306478637697725e-03 -1.417468111641007056e-03 -2.503458296071831235e+00 -3.729737375221449658e-01
8.743557187325035063e-02 3.310562554689311376e-03 -2.629106486140032395e+00 -4.683443799978331823e-01
1.731288372678630172e-01 -4.284174632141368733e-03 -2.795205706560101255e+00 -5.086176486234341709e-01
2.588221026624756282e-01 -1.742031549829325954e-03 -2.958314447053265628e+00 -5.741591991025033481e-01
3.445153680570883226e-01 2.146387959359175035e-03 -3.043040570065892680e+00 -6.277179152498493231e-01
4.302086334517009059e-01 -3.339521330405048616e-03 -3.185018524874210666e+00 -6.549269225613340017e-01
5.159018988463134336e-01 4.811309951832876131e-03 -3.303587888320142163e+00 -7.013409693054184491e-01
6.015951642409259614e-01 -1.181552453349166143e-03 -3.362394049267005691e+00 -7.595421621496616371e-01
6.872884296355387113e-01 9.924655281993377542e-03 -3.516113194579481238e+00 -8.176157004985805665e-01
7.729816950301514611e-01 -1.003626063816165370e-02 -3.566209544625249972e+00 -8.283146464609157933e-01
8.586749604247639889e-01 6.855357737822753705e-03 -3.604425071381502033e+00 -8.817778674350238433e-01
9.443682258193765167e-01 -3.114179575694153712e-03 -3.741421431598932035e+00 -9.177089897668984086e-01
1.030061491213989378e+00 5.961078675753017642e-03 -3.748792879247596410e+00 -9.507828801113222816e-01
1.115754756608602127e+00 3.223974374835347767e-03 -3.740523957317047454e+00 -1.022395239013603740e+00
1.201448022003214433e+00 -4.531727946440078370e-03 -3.805507700687994266e+00 -1.080116576781345872e+00
1.287141287397826961e+00 -2.372420068754044209e-03 -3.866440476967977879e+00 -1.176856078205577250e+00
1.372834552792439711e+00 3.463018341065104977e-03 -3.848282583443774385e+00 -1.335399441331204251e+00
1.458527818187052461e+00 9.756407387765397843e-04 -3.904670671154002459e+00 -1.544917013309822451e+00
1.544221083581664988e+00 -1.881630853421922822e-02 -3.994106408496660432e+00 -1.685992359039253818e+00
1.629914348976277516e+00 1.157341872916173298e-02 -3.944453247956956510e+00 -2.533018837189943362e+00
1.715607614370890266e+00 1.948841291717651192e-02 -5.443433166960652159e+00 -4.957012018670382325e+00
