#     bins                         n
-3.290497419834137016e+00 1.000000000000000000e+00
-3.157161109447479408e+00 2.000000000000000000e+00
-3.023824799060821800e+00 5.000000000000000000e+00
-2.890488488674163747e+00 1.200000000000000000e+01
-2.757152178287506139e+00 2.000000000000000000e+01
-2.623815867900848531e+00 2.000000000000000000e+01
-2.490479557514190478e+00 2.900000000000000000e+01
-2.357143247127532870e+00 2.400000000000000000e+01
-2.223806936740875262e+00 5.400000000000000000e+01
-2.090470626354217654e+00 5.900000000000000000e+01
-1.957134315967560045e+00 8.600000000000000000e+01
-1.823798005580901993e+00 1.140000000000000000e+02
-1.690461695194244385e+00 1.130000000000000000e+02
-1.557125384807586777e+00 1.640000000000000000e+02
-1.423789074420928946e+00 1.840000000000000000e+02
-1.290452764034271116e+00 2.220000000000000000e+02
-1.157116453647613508e+00 3.030000000000000000e+02
-1.023780143260955899e+00 3.460000000000000000e+02
-8.904438328742982911e-01 3.770000000000000000e+02
-7.571075224876402388e-01 3.940000000000000000e+02
-6.237712121009826305e-01 4.350000000000000000e+02
-4.904349017143250222e-01 4.790000000000000000e+02
-3.570985913276669699e-01 4.640000000000000000e+02
-2.237622809410093616e-01 4.920000000000000000e+02
-9.042597055435175335e-02 4.840000000000000000e+02
4.291033983230585491e-02 4.990000000000000000e+02
1.762466502189634632e-01 4.820000000000000000e+02
3.095829606056215155e-01 4.880000000000000000e+02
4.429192709922791238e-01 4.770000000000000000e+02
5.762555813789367321e-01 4.410000000000000000e+02
7.095918917655947844e-01 4.150000000000000000e+02
8.429282021522523927e-01 3.690000000000000000e+02
9.762645125389100009e-01 3.430000000000000000e+02
1.109600822925567609e+00 3.140000000000000000e+02
1.242937133312225217e+00 2.750000000000000000e+02
1.376273443698882826e+00 2.070000000000000000e+02
1.509609754085540434e+00 1.530000000000000000e+02
1.642946064472198930e+00 1.270000000000000000e+02
1.776282374858856539e+00 1.030000000000000000e+02
1.909618685245514147e+00 8.600000000000000000e+01
2.042954995632171755e+00 5.600000000000000000e+01
2.176291306018829363e+00 4.900000000000000000e+01
2.309627616405486972e+00 4.000000000000000000e+01
2.442963926792144580e+00 2.300000000000000000e+01
2.576300237178803076e+00 1.500000000000000000e+01
2.709636547565460685e+00 1.700000000000000000e+01
2.842972857952118293e+00 7.000000000000000000e+00
2.976309168338775901e+00 1.000000000000000000e+01
3.109645478725433509e+00 2.000000000000000000e+00
3.242981789112091118e+00 1.000000000000000000e+00
