#     bins                         n
-3.250686767101287789e+00 4.000000000000000000e+00
-3.110588438510894616e+00 5.000000000000000000e+00
-2.970490109920501443e+00 4.000000000000000000e+00
-2.830391781330108714e+00 1.200000000000000000e+01
-2.690293452739715541e+00 1.900000000000000000e+01
-2.550195124149322368e+00 2.000000000000000000e+01
-2.410096795558929639e+00 3.400000000000000000e+01
-2.269998466968536466e+00 4.500000000000000000e+01
-2.129900138378143293e+00 5.400000000000000000e+01
-1.989801809787750120e+00 7.400000000000000000e+01
-1.849703481197357169e+00 8.500000000000000000e+01
-1.709605152606964218e+00 1.150000000000000000e+02
-1.569506824016571045e+00 1.670000000000000000e+02
-1.429408495426177872e+00 1.920000000000000000e+02
-1.289310166835784921e+00 2.620000000000000000e+02
-1.149211838245391970e+00 3.150000000000000000e+02
-1.009113509654998797e+00 3.540000000000000000e+02
-8.690151810646056241e-01 4.220000000000000000e+02
-7.289168524742124511e-01 4.300000000000000000e+02
-5.888185238838197222e-01 4.590000000000000000e+02
-4.487201952934265492e-01 4.960000000000000000e+02
-3.086218667030333762e-01 5.030000000000000000e+02
-1.685235381126406473e-01 5.180000000000000000e+02
-2.842520952224747433e-02 4.900000000000000000e+02
1.116731190681456987e-01 5.390000000000000000e+02
2.517714476585388717e-01 5.370000000000000000e+02
3.918697762489320446e-01 5.060000000000000000e+02
5.319681048393247735e-01 4.860000000000000000e+02
6.720664334297179465e-01 4.300000000000000000e+02
8.121647620201106754e-01 3.740000000000000000e+02
9.522630906105038484e-01 3.420000000000000000e+02
1.092361419200897021e+00 3.310000000000000000e+02
1.232459747791290194e+00 2.850000000000000000e+02
1.372558076381683367e+00 2.260000000000000000e+02
1.512656404972076540e+00 1.650000000000000000e+02
1.652754733562469713e+00 1.440000000000000000e+02
1.792853062152862886e+00 1.060000000000000000e+02
1.932951390743255171e+00 1.070000000000000000e+02
2.073049719333648344e+00 6.100000000000000000e+01
2.213148047924041517e+00 6.000000000000000000e+01
2.353246376514434690e+00 3.000000000000000000e+01
2.493344705104827863e+00 3.200000000000000000e+01
2.633443033695221036e+00 1.300000000000000000e+01
2.773541362285614209e+00 1.500000000000000000e+01
2.913639690876006494e+00 4.000000000000000000e+00
3.053738019466399667e+00 7.000000000000000000e+00
3.193836348056792840e+00 1.000000000000000000e+00
3.333934676647186013e+00 1.000000000000000000e+00
3.474033005237579186e+00 0.000000000000000000e+00
3.614131333827972359e+00 1.000000000000000000e+00
