#     bins                         n
2.586555743124336129e-02 3.800000000000000000e+01
7.396509446669370658e-02 9.400000000000000000e+01
1.220646315021440415e-01 1.690000000000000000e+02
1.701641685375943902e-01 2.190000000000000000e+02
2.182637055730447251e-01 2.230000000000000000e+02
2.663632426084950877e-01 2.470000000000000000e+02
3.144627796439454226e-01 2.420000000000000000e+02
3.625623166793957575e-01 2.770000000000000000e+02
4.106618537148460923e-01 3.010000000000000000e+02
4.587613907502964272e-01 2.960000000000000000e+02
5.068609277857467621e-01 3.090000000000000000e+02
5.549604648211972080e-01 3.210000000000000000e+02
6.030600018566475429e-01 3.340000000000000000e+02
6.511595388920978777e-01 3.600000000000000000e+02
6.992590759275482126e-01 3.790000000000000000e+02
7.473586129629985475e-01 3.490000000000000000e+02
7.954581499984488824e-01 3.720000000000000000e+02
8.435576870338992173e-01 3.800000000000000000e+02
8.916572240693495521e-01 3.740000000000000000e+02
9.397567611047998870e-01 3.610000000000000000e+02
9.878562981402502219e-01 3.930000000000000000e+02
1.035955835175700557e+00 3.580000000000000000e+02
1.084055372211151003e+00 3.190000000000000000e+02
1.132154909246601227e+00 3.140000000000000000e+02
1.180254446282051672e+00 2.890000000000000000e+02
1.228353983317501896e+00 2.640000000000000000e+02
1.276453520352952342e+00 2.960000000000000000e+02
1.324553057388402566e+00 2.570000000000000000e+02
1.372652594423853012e+00 2.320000000000000000e+02
1.420752131459303236e+00 2.300000000000000000e+02
1.468851668494753682e+00 2.000000000000000000e+02
1.516951205530203906e+00 1.780000000000000000e+02
1.565050742565654351e+00 1.540000000000000000e+02
1.613150279601104797e+00 1.340000000000000000e+02
1.661249816636555021e+00 1.230000000000000000e+02
1.709349353672005467e+00 1.100000000000000000e+02
1.757448890707455691e+00 9.200000000000000000e+01
1.805548427742906137e+00 6.700000000000000000e+01
1.853647964778356361e+00 6.800000000000000000e+01
1.901747501813806807e+00 4.800000000000000000e+01
1.949847038849257030e+00 3.500000000000000000e+01
1.997946575884707476e+00 3.600000000000000000e+01
2.046046112920157700e+00 2.200000000000000000e+01
2.094145649955608146e+00 1.000000000000000000e+01
2.142245186991058592e+00 1.500000000000000000e+01
2.190344724026508594e+00 3.000000000000000000e+00
2.238444261061959040e+00 1.000000000000000000e+00
2.286543798097409486e+00 0.000000000000000000e+00
2.334643335132859931e+00 1.000000000000000000e+00
2.382742872168310377e+00 1.000000000000000000e+00
