#     bins                         n
-3.333226923942565811e+00 3.000000000000000000e+00
-3.195718064308166184e+00 2.000000000000000000e+00
-3.058209204673767001e+00 2.000000000000000000e+00
-2.920700345039367818e+00 6.000000000000000000e+00
-2.783191485404968191e+00 1.200000000000000000e+01
-2.645682625770568563e+00 1.800000000000000000e+01
-2.508173766136169380e+00 3.300000000000000000e+01
-2.370664906501770197e+00 2.600000000000000000e+01
-2.233156046867370570e+00 5.500000000000000000e+01
-2.095647187232970943e+00 6.300000000000000000e+01
-1.958138327598571760e+00 8.500000000000000000e+01
-1.820629467964172354e+00 1.090000000000000000e+02
-1.683120608329772949e+00 1.310000000000000000e+02
-1.545611748695373544e+00 1.540000000000000000e+02
-1.408102889060974139e+00 2.170000000000000000e+02
-1.270594029426574956e+00 2.210000000000000000e+02
-1.133085169792175328e+00 2.770000000000000000e+02
-9.955763101577757013e-01 3.430000000000000000e+02
-8.580674505233765181e-01 3.960000000000000000e+02
-7.205585908889773350e-01 4.420000000000000000e+02
-5.830497312545777078e-01 4.740000000000000000e+02
-4.455408716201780805e-01 4.750000000000000000e+02
-3.080320119857788974e-01 4.910000000000000000e+02
-1.705231523513797143e-01 4.960000000000000000e+02
-3.301429271698008705e-02 5.730000000000000000e+02
1.044945669174195402e-01 5.470000000000000000e+02
2.420034265518187233e-01 5.030000000000000000e+02
3.795122861862179064e-01 5.060000000000000000e+02
5.170211458206175337e-01 4.790000000000000000e+02
6.545300054550171609e-01 4.360000000000000000e+02
7.920388650894158999e-01 4.040000000000000000e+02
9.295477247238155272e-01 3.630000000000000000e+02
1.067056584358215154e+00 3.210000000000000000e+02
1.204565443992614782e+00 2.680000000000000000e+02
1.342074303627014409e+00 2.120000000000000000e+02
1.479583163261413148e+00 1.530000000000000000e+02
1.617092022895812775e+00 1.270000000000000000e+02
1.754600882530212402e+00 1.010000000000000000e+02
1.892109742164611141e+00 8.300000000000000000e+01
2.029618601799010769e+00 9.700000000000000000e+01
2.167127461433410396e+00 6.900000000000000000e+01
2.304636321067810023e+00 3.200000000000000000e+01
2.442145180702209650e+00 3.400000000000000000e+01
2.579654040336608389e+00 2.900000000000000000e+01
2.717162899971008017e+00 1.600000000000000000e+01
2.854671759605407644e+00 1.500000000000000000e+01
2.992180619239806383e+00 5.000000000000000000e+00
3.129689478874206010e+00 2.000000000000000000e+00
3.267198338508605637e+00 2.000000000000000000e+00
3.404707198143005265e+00 1.000000000000000000e+00
