#     bins                         n
3.163463246542960738e-02 2.600000000000000000e+01
8.292495542671531050e-02 6.800000000000000000e+01
1.342152783880010136e-01 1.190000000000000000e+02
1.855056013492867306e-01 1.870000000000000000e+02
2.367959243105724476e-01 2.280000000000000000e+02
2.880862472718581091e-01 2.730000000000000000e+02
3.393765702331438261e-01 3.170000000000000000e+02
3.906668931944295431e-01 3.360000000000000000e+02
4.419572161557152601e-01 3.610000000000000000e+02
4.932475391170009771e-01 3.960000000000000000e+02
5.445378620782866941e-01 4.450000000000000000e+02
5.958281850395724666e-01 4.260000000000000000e+02
6.471185080008581281e-01 4.800000000000000000e+02
6.984088309621439006e-01 4.510000000000000000e+02
7.496991539234295621e-01 4.230000000000000000e+02
8.009894768847153346e-01 4.480000000000000000e+02
8.522797998460009961e-01 4.060000000000000000e+02
9.035701228072866575e-01 4.380000000000000000e+02
9.548604457685724300e-01 3.880000000000000000e+02
1.006150768729858092e+00 3.740000000000000000e+02
1.057441091691143642e+00 3.300000000000000000e+02
1.108731414652429415e+00 3.110000000000000000e+02
1.160021737613715187e+00 2.630000000000000000e+02
1.211312060575000960e+00 2.610000000000000000e+02
1.262602383536286510e+00 1.820000000000000000e+02
1.313892706497572282e+00 2.230000000000000000e+02
1.365183029458858055e+00 2.010000000000000000e+02
1.416473352420143605e+00 1.990000000000000000e+02
1.467763675381429378e+00 1.750000000000000000e+02
1.519053998342715150e+00 1.540000000000000000e+02
1.570344321304000923e+00 1.340000000000000000e+02
1.621634644265286473e+00 1.080000000000000000e+02
1.672924967226572246e+00 1.140000000000000000e+02
1.724215290187858018e+00 1.050000000000000000e+02
1.775505613149143569e+00 9.100000000000000000e+01
1.826795936110429341e+00 7.900000000000000000e+01
1.878086259071715114e+00 6.800000000000000000e+01
1.929376582033000886e+00 6.100000000000000000e+01
1.980666904994286437e+00 5.600000000000000000e+01
2.031957227955572431e+00 3.700000000000000000e+01
2.083247550916857982e+00 3.200000000000000000e+01
2.134537873878143976e+00 3.400000000000000000e+01
2.185828196839429527e+00 2.700000000000000000e+01
2.237118519800715077e+00 1.900000000000000000e+01
2.288408842762001072e+00 1.100000000000000000e+01
2.339699165723286622e+00 1.400000000000000000e+01
2.390989488684572617e+00 7.000000000000000000e+00
2.442279811645858167e+00 1.000000000000000000e+01
2.493570134607143718e+00 2.000000000000000000e+00
2.544860457568429712e+00 3.000000000000000000e+00
