#     bins                         n
-2.957928426265716837e+00 5.000000000000000000e+00
-2.839859268665313685e+00 7.000000000000000000e+00
-2.721790111064910533e+00 2.000000000000000000e+00
-2.603720953464508270e+00 1.400000000000000000e+01
-2.485651795864105118e+00 1.600000000000000000e+01
-2.367582638263702854e+00 3.500000000000000000e+01
-2.249513480663299703e+00 3.600000000000000000e+01
-2.131444323062896551e+00 5.700000000000000000e+01
-2.013375165462494287e+00 6.700000000000000000e+01
-1.895306007862091136e+00 1.010000000000000000e+02
-1.777236850261688206e+00 1.060000000000000000e+02
-1.659167692661285498e+00 1.330000000000000000e+02
-1.541098535060882568e+00 1.750000000000000000e+02
-1.423029377460479861e+00 1.990000000000000000e+02
-1.304960219860076931e+00 1.860000000000000000e+02
-1.186891062259674223e+00 2.140000000000000000e+02
-1.068821904659271294e+00 2.740000000000000000e+02
-9.507527470588683638e-01 3.150000000000000000e+02
-8.326835894584656561e-01 3.020000000000000000e+02
-7.146144318580629484e-01 3.420000000000000000e+02
-5.965452742576597966e-01 3.770000000000000000e+02
-4.784761166572570890e-01 3.670000000000000000e+02
-3.604069590568543813e-01 4.180000000000000000e+02
-2.423378014564516736e-01 4.690000000000000000e+02
-1.242686438560485218e-01 4.580000000000000000e+02
-6.199486255645814126e-03 4.900000000000000000e+02
1.118696713447568936e-01 4.280000000000000000e+02
2.299388289451600453e-01 4.460000000000000000e+02
3.480079865455627530e-01 3.950000000000000000e+02
4.660771441459654607e-01 3.890000000000000000e+02
5.841463017463681684e-01 3.920000000000000000e+02
7.022154593467713202e-01 3.570000000000000000e+02
8.202846169471740279e-01 3.430000000000000000e+02
9.383537745475767355e-01 3.040000000000000000e+02
1.056422932147979887e+00 2.740000000000000000e+02
1.174492089748382151e+00 2.650000000000000000e+02
1.292561247348785303e+00 2.270000000000000000e+02
1.410630404949188454e+00 1.840000000000000000e+02
1.528699562549590718e+00 1.600000000000000000e+02
1.646768720149993870e+00 1.060000000000000000e+02
1.764837877750397022e+00 1.210000000000000000e+02
1.882907035350799285e+00 9.100000000000000000e+01
2.000976192951202215e+00 8.000000000000000000e+01
2.119045350551605367e+00 6.400000000000000000e+01
2.237114508152007630e+00 3.600000000000000000e+01
2.355183665752410782e+00 3.400000000000000000e+01
2.473252823352813046e+00 1.600000000000000000e+01
2.591321980953216197e+00 1.100000000000000000e+01
2.709391138553619349e+00 8.000000000000000000e+00
2.827460296154021613e+00 5.000000000000000000e+00
