#     bins                         n
3.423614571336656975e-02 7.800000000000000000e+01
9.118741902988404535e-02 1.820000000000000000e+02
1.481386923464015348e-01 2.640000000000000000e+02
2.050899656629189827e-01 3.630000000000000000e+02
2.620412389794364860e-01 4.140000000000000000e+02
3.189925122959539894e-01 4.470000000000000000e+02
3.759437856124714372e-01 4.400000000000000000e+02
4.328950589289888851e-01 4.160000000000000000e+02
4.898463322455063884e-01 4.390000000000000000e+02
5.467976055620238363e-01 4.420000000000000000e+02
6.037488788785413396e-01 4.920000000000000000e+02
6.607001521950587319e-01 4.430000000000000000e+02
7.176514255115762353e-01 4.630000000000000000e+02
7.746026988280937386e-01 3.910000000000000000e+02
8.315539721446111310e-01 3.330000000000000000e+02
8.885052454611286343e-01 3.210000000000000000e+02
9.454565187776461377e-01 3.120000000000000000e+02
1.002407792094163641e+00 2.900000000000000000e+02
1.059359065410681255e+00 2.720000000000000000e+02
1.116310338727198648e+00 2.430000000000000000e+02
1.173261612043716262e+00 2.510000000000000000e+02
1.230212885360233654e+00 2.420000000000000000e+02
1.287164158676751047e+00 2.500000000000000000e+02
1.344115431993268661e+00 2.090000000000000000e+02
1.401066705309786053e+00 2.320000000000000000e+02
1.458017978626303446e+00 2.140000000000000000e+02
1.514969251942821060e+00 2.170000000000000000e+02
1.571920525259338453e+00 1.980000000000000000e+02
1.628871798575855845e+00 1.750000000000000000e+02
1.685823071892373459e+00 1.520000000000000000e+02
1.742774345208890852e+00 1.290000000000000000e+02
1.799725618525408466e+00 1.030000000000000000e+02
1.856676891841925858e+00 1.110000000000000000e+02
1.913628165158443251e+00 9.400000000000000000e+01
1.970579438474960865e+00 8.500000000000000000e+01
2.027530711791478257e+00 5.200000000000000000e+01
2.084481985107995872e+00 4.600000000000000000e+01
2.141433258424513042e+00 3.500000000000000000e+01
2.198384531741030656e+00 2.400000000000000000e+01
2.255335805057548271e+00 1.500000000000000000e+01
2.312287078374065885e+00 1.300000000000000000e+01
2.369238351690583055e+00 7.000000000000000000e+00
2.426189625007100670e+00 3.000000000000000000e+00
2.483140898323618284e+00 2.000000000000000000e+00
2.540092171640135454e+00 2.000000000000000000e+00
2.597043444956653069e+00 1.000000000000000000e+00
2.653994718273170683e+00 1.000000000000000000e+00
2.710945991589687853e+00 1.000000000000000000e+00
2.767897264906205468e+00 0.000000000000000000e+00
2.824848538222723082e+00 1.000000000000000000e+00
