#     bins                         n
-3.432532491683959908e+00 1.000000000000000000e+00
-3.290784425735473473e+00 3.000000000000000000e+00
-3.149036359786987038e+00 2.000000000000000000e+00
-3.007288293838501048e+00 2.000000000000000000e+00
-2.865540227890014613e+00 1.400000000000000000e+01
-2.723792161941528178e+00 1.600000000000000000e+01
-2.582044095993042188e+00 2.300000000000000000e+01
-2.440296030044555753e+00 3.200000000000000000e+01
-2.298547964096069318e+00 4.500000000000000000e+01
-2.156799898147582883e+00 6.300000000000000000e+01
-2.015051832199096449e+00 8.100000000000000000e+01
-1.873303766250610458e+00 1.030000000000000000e+02
-1.731555700302124023e+00 1.340000000000000000e+02
-1.589807634353637589e+00 1.410000000000000000e+02
-1.448059568405151376e+00 1.700000000000000000e+02
-1.306311502456665163e+00 2.260000000000000000e+02
-1.164563436508178729e+00 2.930000000000000000e+02
-1.022815370559692294e+00 2.970000000000000000e+02
-8.810673046112058593e-01 3.650000000000000000e+02
-7.393192386627198687e-01 4.230000000000000000e+02
-5.975711727142334340e-01 4.690000000000000000e+02
-4.558231067657469993e-01 5.290000000000000000e+02
-3.140750408172610086e-01 5.450000000000000000e+02
-1.723269748687745739e-01 5.960000000000000000e+02
-3.057890892028813923e-02 5.740000000000000000e+02
1.111691570281982955e-01 5.500000000000000000e+02
2.529172229766847302e-01 5.180000000000000000e+02
3.946652889251707208e-01 5.000000000000000000e+02
5.364133548736571555e-01 4.920000000000000000e+02
6.781614208221431461e-01 4.080000000000000000e+02
8.199094867706295808e-01 4.090000000000000000e+02
9.616575527191160155e-01 3.540000000000000000e+02
1.103405618667602450e+00 2.900000000000000000e+02
1.245153684616088885e+00 2.590000000000000000e+02
1.386901750564575320e+00 2.170000000000000000e+02
1.528649816513061754e+00 1.870000000000000000e+02
1.670397882461548189e+00 1.340000000000000000e+02
1.812145948410033736e+00 1.100000000000000000e+02
1.953894014358520170e+00 1.030000000000000000e+02
2.095642080307006605e+00 7.000000000000000000e+01
2.237390146255493040e+00 6.300000000000000000e+01
2.379138212203979474e+00 3.100000000000000000e+01
2.520886278152465909e+00 2.400000000000000000e+01
2.662634344100952344e+00 1.600000000000000000e+01
2.804382410049437890e+00 9.000000000000000000e+00
2.946130475997924325e+00 8.000000000000000000e+00
3.087878541946410760e+00 3.000000000000000000e+00
3.229626607894897194e+00 0.000000000000000000e+00
3.371374673843383629e+00 3.000000000000000000e+00
3.513122739791870064e+00 1.000000000000000000e+00
