#     bins                         n
-3.415427167415618914e+00 1.000000000000000000e+00
-3.278635380268096977e+00 1.000000000000000000e+00
-3.141843593120575040e+00 2.000000000000000000e+00
-3.005051805973053103e+00 3.000000000000000000e+00
-2.868260018825531166e+00 7.000000000000000000e+00
-2.731468231678009229e+00 1.100000000000000000e+01
-2.594676444530487291e+00 1.500000000000000000e+01
-2.457884657382965354e+00 2.800000000000000000e+01
-2.321092870235443417e+00 4.500000000000000000e+01
-2.184301083087921480e+00 4.700000000000000000e+01
-2.047509295940399543e+00 6.800000000000000000e+01
-1.910717508792877384e+00 9.200000000000000000e+01
-1.773925721645355225e+00 1.270000000000000000e+02
-1.637133934497833287e+00 1.580000000000000000e+02
-1.500342147350311350e+00 2.090000000000000000e+02
-1.363550360202789413e+00 2.260000000000000000e+02
-1.226758573055267476e+00 2.710000000000000000e+02
-1.089966785907745539e+00 3.070000000000000000e+02
-9.531749987602236018e-01 3.370000000000000000e+02
-8.163832116127016647e-01 3.930000000000000000e+02
-6.795914244651797276e-01 4.200000000000000000e+02
-5.427996373176577904e-01 4.460000000000000000e+02
-4.060078501701358533e-01 4.690000000000000000e+02
-2.692160630226139162e-01 4.850000000000000000e+02
-1.324242758750915350e-01 5.090000000000000000e+02
4.367511272430402158e-03 5.280000000000000000e+02
1.411592984199523393e-01 5.390000000000000000e+02
2.779510855674742764e-01 4.760000000000000000e+02
4.147428727149962135e-01 5.270000000000000000e+02
5.515346598625181507e-01 4.700000000000000000e+02
6.883264470100400878e-01 3.770000000000000000e+02
8.251182341575620249e-01 4.030000000000000000e+02
9.619100213050839621e-01 3.580000000000000000e+02
1.098701808452605899e+00 3.250000000000000000e+02
1.235493595600127836e+00 2.580000000000000000e+02
1.372285382747649773e+00 2.160000000000000000e+02
1.509077169895171711e+00 2.060000000000000000e+02
1.645868957042693648e+00 1.410000000000000000e+02
1.782660744190215585e+00 1.160000000000000000e+02
1.919452531337737522e+00 1.050000000000000000e+02
2.056244318485259459e+00 6.800000000000000000e+01
2.193036105632781396e+00 4.300000000000000000e+01
2.329827892780303333e+00 3.400000000000000000e+01
2.466619679927825270e+00 2.300000000000000000e+01
2.603411467075347208e+00 1.500000000000000000e+01
2.740203254222869145e+00 1.100000000000000000e+01
2.876995041370391082e+00 6.000000000000000000e+00
3.013786828517913019e+00 2.000000000000000000e+00
3.150578615665435844e+00 2.000000000000000000e+00
3.287370402812957781e+00 1.000000000000000000e+00
