#     bins                         n
-3.520986630916595139e+00 1.000000000000000000e+00
-3.385412914752960134e+00 0.000000000000000000e+00
-3.249839198589325129e+00 1.000000000000000000e+00
-3.114265482425689235e+00 0.000000000000000000e+00
-2.978691766262054230e+00 7.000000000000000000e+00
-2.843118050098419225e+00 8.000000000000000000e+00
-2.707544333934783332e+00 1.000000000000000000e+01
-2.571970617771148326e+00 2.300000000000000000e+01
-2.436396901607513321e+00 3.100000000000000000e+01
-2.300823185443878316e+00 4.600000000000000000e+01
-2.165249469280242423e+00 5.600000000000000000e+01
-2.029675753116607417e+00 6.500000000000000000e+01
-1.894102036952972190e+00 8.300000000000000000e+01
-1.758528320789336963e+00 1.220000000000000000e+02
-1.622954604625701736e+00 1.450000000000000000e+02
-1.487380888462066730e+00 1.930000000000000000e+02
-1.351807172298431281e+00 2.130000000000000000e+02
-1.216233456134795832e+00 2.990000000000000000e+02
-1.080659739971160826e+00 3.110000000000000000e+02
-9.450860238075253772e-01 3.860000000000000000e+02
-8.095123076438903720e-01 3.850000000000000000e+02
-6.739385914802549227e-01 4.320000000000000000e+02
-5.383648753166199175e-01 4.410000000000000000e+02
-4.027911591529844682e-01 4.650000000000000000e+02
-2.672174429893490188e-01 4.720000000000000000e+02
-1.316437268257140136e-01 5.230000000000000000e+02
3.929989337921435677e-03 5.410000000000000000e+02
1.395037055015564409e-01 4.950000000000000000e+02
2.750774216651918902e-01 5.110000000000000000e+02
4.106511378288268954e-01 4.800000000000000000e+02
5.462248539924619006e-01 4.500000000000000000e+02
6.817985701560977940e-01 4.300000000000000000e+02
8.173722863197327992e-01 3.840000000000000000e+02
9.529460024833678045e-01 3.440000000000000000e+02
1.088519718647003698e+00 3.020000000000000000e+02
1.224093434810638703e+00 2.660000000000000000e+02
1.359667150974273708e+00 2.020000000000000000e+02
1.495240867137908714e+00 1.670000000000000000e+02
1.630814583301544607e+00 1.590000000000000000e+02
1.766388299465179612e+00 1.150000000000000000e+02
1.901962015628814617e+00 1.000000000000000000e+02
2.037535731792450733e+00 7.900000000000000000e+01
2.173109447956085738e+00 5.400000000000000000e+01
2.308683164119720743e+00 4.400000000000000000e+01
2.444256880283355748e+00 1.800000000000000000e+01
2.579830596446991642e+00 1.600000000000000000e+01
2.715404312610626647e+00 1.600000000000000000e+01
2.850978028774261652e+00 9.000000000000000000e+00
2.986551744937897546e+00 6.000000000000000000e+00
3.122125461101532551e+00 1.000000000000000000e+00
