#     bins                         n
-3.053991794586181641e+00 4.000000000000000000e+00
-2.926832675933837891e+00 2.000000000000000000e+00
-2.799673557281494141e+00 4.000000000000000000e+00
-2.672514438629150391e+00 1.000000000000000000e+01
-2.545355319976806641e+00 2.200000000000000000e+01
-2.418196201324462891e+00 1.900000000000000000e+01
-2.291037082672119141e+00 2.900000000000000000e+01
-2.163877964019775391e+00 7.100000000000000000e+01
-2.036718845367431641e+00 6.300000000000000000e+01
-1.909559726715087891e+00 8.700000000000000000e+01
-1.782400608062744141e+00 1.110000000000000000e+02
-1.655241489410400391e+00 1.260000000000000000e+02
-1.528082370758056641e+00 1.720000000000000000e+02
-1.400923252105712891e+00 2.290000000000000000e+02
-1.273764133453369141e+00 2.520000000000000000e+02
-1.146605014801025391e+00 2.770000000000000000e+02
-1.019445896148681641e+00 3.050000000000000000e+02
-8.922867774963378906e-01 3.140000000000000000e+02
-7.651276588439941406e-01 4.080000000000000000e+02
-6.379685401916503906e-01 3.570000000000000000e+02
-5.108094215393066406e-01 4.700000000000000000e+02
-3.836503028869628906e-01 4.260000000000000000e+02
-2.564911842346191406e-01 4.380000000000000000e+02
-1.293320655822753906e-01 5.200000000000000000e+02
-2.172946929931640625e-03 4.690000000000000000e+02
1.249861717224121094e-01 4.620000000000000000e+02
2.521452903747558594e-01 4.550000000000000000e+02
3.793044090270996094e-01 4.690000000000000000e+02
5.064635276794433594e-01 4.840000000000000000e+02
6.336226463317871094e-01 3.990000000000000000e+02
7.607817649841308594e-01 3.770000000000000000e+02
8.879408836364746094e-01 3.100000000000000000e+02
1.015100002288818359e+00 3.190000000000000000e+02
1.142259120941162109e+00 2.660000000000000000e+02
1.269418239593505859e+00 2.190000000000000000e+02
1.396577358245849609e+00 2.210000000000000000e+02
1.523736476898193359e+00 1.540000000000000000e+02
1.650895595550537109e+00 1.350000000000000000e+02
1.778054714202880859e+00 1.320000000000000000e+02
1.905213832855224609e+00 9.500000000000000000e+01
2.032372951507568359e+00 7.100000000000000000e+01
2.159532070159912109e+00 5.000000000000000000e+01
2.286691188812255859e+00 4.900000000000000000e+01
2.413850307464599609e+00 3.500000000000000000e+01
2.541009426116943359e+00 1.500000000000000000e+01
2.668168544769287109e+00 1.200000000000000000e+01
2.795327663421630859e+00 8.000000000000000000e+00
2.922486782073974609e+00 2.000000000000000000e+00
3.049645900726318359e+00 2.000000000000000000e+00
3.176805019378662109e+00 1.000000000000000000e+00
