#     bins                         n
-2.901998333930968954e+00 5.000000000000000000e+00
-2.784525313377380407e+00 4.000000000000000000e+00
-2.667052292823791859e+00 3.000000000000000000e+00
-2.549579272270202424e+00 1.700000000000000000e+01
-2.432106251716613876e+00 1.300000000000000000e+01
-2.314633231163024440e+00 3.200000000000000000e+01
-2.197160210609435893e+00 4.000000000000000000e+01
-2.079687190055847346e+00 6.700000000000000000e+01
-1.962214169502258132e+00 6.000000000000000000e+01
-1.844741148948669363e+00 1.060000000000000000e+02
-1.727268128395080593e+00 1.320000000000000000e+02
-1.609795107841491602e+00 1.500000000000000000e+02
-1.492322087287902832e+00 1.760000000000000000e+02
-1.374849066734313840e+00 2.200000000000000000e+02
-1.257376046180725071e+00 2.490000000000000000e+02
-1.139903025627136079e+00 2.650000000000000000e+02
-1.022430005073547310e+00 3.000000000000000000e+02
-9.049569845199585405e-01 3.620000000000000000e+02
-7.874839639663695490e-01 3.730000000000000000e+02
-6.700109434127805574e-01 3.540000000000000000e+02
-5.525379228591920100e-01 3.340000000000000000e+02
-4.350649023056030185e-01 4.170000000000000000e+02
-3.175918817520140269e-01 4.270000000000000000e+02
-2.001188611984250354e-01 4.070000000000000000e+02
-8.264584064483648795e-02 4.470000000000000000e+02
3.482717990875250358e-02 4.310000000000000000e+02
1.523002004623414951e-01 4.260000000000000000e+02
2.697732210159300426e-01 3.870000000000000000e+02
3.872462415695190341e-01 4.180000000000000000e+02
5.047192621231080256e-01 3.880000000000000000e+02
6.221922826766970172e-01 3.600000000000000000e+02
7.396653032302855646e-01 3.590000000000000000e+02
8.571383237838745561e-01 3.200000000000000000e+02
9.746113443374635477e-01 2.940000000000000000e+02
1.092084364891052095e+00 2.520000000000000000e+02
1.209557385444641531e+00 2.390000000000000000e+02
1.327030405998230078e+00 1.900000000000000000e+02
1.444503426551818626e+00 1.610000000000000000e+02
1.561976447105408061e+00 1.460000000000000000e+02
1.679449467658996609e+00 1.360000000000000000e+02
1.796922488212585156e+00 1.150000000000000000e+02
1.914395508766174592e+00 9.100000000000000000e+01
2.031868529319763361e+00 7.200000000000000000e+01
2.149341549873351909e+00 6.100000000000000000e+01
2.266814570426941344e+00 2.800000000000000000e+01
2.384287590980529892e+00 2.200000000000000000e+01
2.501760611534119327e+00 1.700000000000000000e+01
2.619233632087707875e+00 9.000000000000000000e+00
2.736706652641296422e+00 8.000000000000000000e+00
2.854179673194885858e+00 2.000000000000000000e+00
