#     bins                         n
-3.081979568004608261e+00 2.000000000000000000e+00
-2.953566000461578689e+00 5.000000000000000000e+00
-2.825152432918548673e+00 2.000000000000000000e+00
-2.696738865375518657e+00 9.000000000000000000e+00
-2.568325297832489085e+00 1.200000000000000000e+01
-2.439911730289459513e+00 2.300000000000000000e+01
-2.311498162746429497e+00 3.300000000000000000e+01
-2.183084595203399481e+00 3.700000000000000000e+01
-2.054671027660369909e+00 7.400000000000000000e+01
-1.926257460117340115e+00 9.000000000000000000e+01
-1.797843892574310320e+00 1.180000000000000000e+02
-1.669430325031280526e+00 1.390000000000000000e+02
-1.541016757488250732e+00 1.610000000000000000e+02
-1.412603189945220938e+00 1.890000000000000000e+02
-1.284189622402191144e+00 2.060000000000000000e+02
-1.155776054859161350e+00 2.760000000000000000e+02
-1.027362487316131556e+00 2.950000000000000000e+02
-8.989489197731019843e-01 3.410000000000000000e+02
-7.705353522300719682e-01 4.000000000000000000e+02
-6.421217846870419521e-01 4.200000000000000000e+02
-5.137082171440123801e-01 4.050000000000000000e+02
-3.852946496009828081e-01 4.620000000000000000e+02
-2.568810820579527920e-01 4.730000000000000000e+02
-1.284675145149227760e-01 4.690000000000000000e+02
-5.394697189320396546e-05 5.350000000000000000e+02
1.283596205711363680e-01 5.140000000000000000e+02
2.567731881141663841e-01 4.640000000000000000e+02
3.851867556571964002e-01 4.590000000000000000e+02
5.136003232002259722e-01 4.320000000000000000e+02
6.420138907432555442e-01 3.860000000000000000e+02
7.704274582862855603e-01 3.570000000000000000e+02
8.988410258293155763e-01 3.420000000000000000e+02
1.027254593372345148e+00 2.950000000000000000e+02
1.155668160915374720e+00 2.780000000000000000e+02
1.284081728458404292e+00 2.080000000000000000e+02
1.412495296001434752e+00 2.090000000000000000e+02
1.540908863544464324e+00 1.770000000000000000e+02
1.669322431087493896e+00 1.360000000000000000e+02
1.797735998630524357e+00 1.250000000000000000e+02
1.926149566173553929e+00 1.040000000000000000e+02
2.054563133716583501e+00 6.100000000000000000e+01
2.182976701259613073e+00 6.200000000000000000e+01
2.311390268802642645e+00 4.600000000000000000e+01
2.439803836345673105e+00 2.900000000000000000e+01
2.568217403888702677e+00 1.800000000000000000e+01
2.696630971431732249e+00 1.000000000000000000e+01
2.825044538974762709e+00 1.100000000000000000e+01
2.953458106517792281e+00 4.000000000000000000e+00
3.081871674060821853e+00 1.000000000000000000e+00
3.210285241603851425e+00 2.000000000000000000e+00
