#     bins                         n
-3.230312025547027677e+00 2.000000000000000000e+00
-3.096644389629364280e+00 6.000000000000000000e+00
-2.962976753711700439e+00 4.000000000000000000e+00
-2.829309117794037043e+00 7.000000000000000000e+00
-2.695641481876373202e+00 2.300000000000000000e+01
-2.561973845958709806e+00 2.200000000000000000e+01
-2.428306210041046409e+00 2.700000000000000000e+01
-2.294638574123383012e+00 4.500000000000000000e+01
-2.160970938205719172e+00 6.100000000000000000e+01
-2.027303302288055331e+00 6.800000000000000000e+01
-1.893635666370391935e+00 8.800000000000000000e+01
-1.759968030452728538e+00 1.150000000000000000e+02
-1.626300394535064919e+00 1.340000000000000000e+02
-1.492632758617401301e+00 1.540000000000000000e+02
-1.358965122699737904e+00 2.070000000000000000e+02
-1.225297486782074063e+00 2.620000000000000000e+02
-1.091629850864410667e+00 3.070000000000000000e+02
-9.579622149467472703e-01 3.410000000000000000e+02
-8.242945790290834296e-01 3.790000000000000000e+02
-6.906269431114200330e-01 4.230000000000000000e+02
-5.569593071937561923e-01 4.510000000000000000e+02
-4.232916712760927958e-01 4.720000000000000000e+02
-2.896240353584293992e-01 5.530000000000000000e+02
-1.559563994407655585e-01 5.070000000000000000e+02
-2.228876352310216191e-02 5.090000000000000000e+02
1.113788723945612347e-01 5.160000000000000000e+02
2.450465083122250753e-01 4.840000000000000000e+02
3.787141442298884719e-01 4.860000000000000000e+02
5.123817801475518685e-01 4.520000000000000000e+02
6.460494160652157092e-01 4.300000000000000000e+02
7.797170519828795499e-01 4.360000000000000000e+02
9.133846879005429464e-01 3.280000000000000000e+02
1.047052323818206343e+00 3.280000000000000000e+02
1.180719959735869740e+00 2.440000000000000000e+02
1.314387595653533136e+00 1.990000000000000000e+02
1.448055231571197421e+00 1.800000000000000000e+02
1.581722867488860818e+00 1.340000000000000000e+02
1.715390503406524214e+00 1.290000000000000000e+02
1.849058139324187611e+00 1.090000000000000000e+02
1.982725775241851007e+00 7.400000000000000000e+01
2.116393411159515292e+00 5.600000000000000000e+01
2.250061047077178689e+00 5.200000000000000000e+01
2.383728682994842085e+00 2.500000000000000000e+01
2.517396318912505482e+00 2.400000000000000000e+01
2.651063954830168878e+00 1.400000000000000000e+01
2.784731590747832275e+00 1.700000000000000000e+01
2.918399226665496560e+00 1.000000000000000000e+01
3.052066862583159956e+00 9.000000000000000000e+00
3.185734498500823353e+00 5.000000000000000000e+00
3.319402134418486749e+00 1.000000000000000000e+00
