#     bins                         n
4.085627079941332729e-02 4.300000000000000000e+01
9.359604696743191454e-02 7.800000000000000000e+01
1.463358231354504879e-01 1.190000000000000000e+02
1.990755993034690752e-01 1.920000000000000000e+02
2.518153754714876347e-01 2.030000000000000000e+02
3.045551516395062497e-01 2.470000000000000000e+02
3.572949278075248092e-01 2.910000000000000000e+02
4.100347039755434242e-01 3.160000000000000000e+02
4.627744801435619837e-01 3.610000000000000000e+02
5.155142563115805432e-01 4.120000000000000000e+02
5.682540324795991582e-01 4.390000000000000000e+02
6.209938086476177732e-01 4.500000000000000000e+02
6.737335848156362772e-01 4.750000000000000000e+02
7.264733609836548922e-01 5.020000000000000000e+02
7.792131371516735072e-01 4.680000000000000000e+02
8.319529133196920112e-01 4.770000000000000000e+02
8.846926894877106262e-01 4.440000000000000000e+02
9.374324656557292412e-01 4.140000000000000000e+02
9.901722418237477452e-01 4.480000000000000000e+02
1.042912017991766360e+00 3.860000000000000000e+02
1.095651794159784975e+00 3.490000000000000000e+02
1.148391570327803590e+00 3.200000000000000000e+02
1.201131346495822205e+00 2.720000000000000000e+02
1.253871122663840598e+00 2.750000000000000000e+02
1.306610898831859213e+00 2.350000000000000000e+02
1.359350674999877828e+00 1.970000000000000000e+02
1.412090451167896443e+00 2.110000000000000000e+02
1.464830227335915058e+00 1.870000000000000000e+02
1.517570003503933673e+00 1.460000000000000000e+02
1.570309779671952066e+00 1.120000000000000000e+02
1.623049555839970681e+00 1.190000000000000000e+02
1.675789332007989296e+00 1.120000000000000000e+02
1.728529108176007911e+00 1.090000000000000000e+02
1.781268884344026526e+00 7.800000000000000000e+01
1.834008660512045141e+00 9.300000000000000000e+01
1.886748436680063756e+00 5.700000000000000000e+01
1.939488212848082149e+00 5.400000000000000000e+01
1.992227989016100764e+00 4.600000000000000000e+01
2.044967765184119379e+00 3.700000000000000000e+01
2.097707541352137994e+00 3.300000000000000000e+01
2.150447317520156609e+00 2.700000000000000000e+01
2.203187093688175224e+00 1.700000000000000000e+01
2.255926869856193839e+00 1.700000000000000000e+01
2.308666646024212454e+00 7.000000000000000000e+00
2.361406422192231069e+00 3.000000000000000000e+00
2.414146198360249240e+00 5.000000000000000000e+00
2.466885974528267855e+00 5.000000000000000000e+00
2.519625750696286470e+00 1.000000000000000000e+00
2.572365526864305085e+00 0.000000000000000000e+00
2.625105303032323700e+00 1.000000000000000000e+00
