#     bins                         n
2.729088763240724788e-02 2.900000000000000000e+01
7.735072019975632041e-02 8.400000000000000000e+01
1.274105527671053895e-01 1.240000000000000000e+02
1.774703853344544724e-01 1.600000000000000000e+02
2.275302179018035553e-01 2.060000000000000000e+02
2.775900504691525827e-01 2.310000000000000000e+02
3.276498830365016657e-01 2.960000000000000000e+02
3.777097156038507486e-01 3.360000000000000000e+02
4.277695481711998315e-01 3.260000000000000000e+02
4.778293807385489145e-01 3.520000000000000000e+02
5.278892133058979974e-01 4.010000000000000000e+02
5.779490458732471359e-01 3.790000000000000000e+02
6.280088784405961633e-01 4.120000000000000000e+02
6.780687110079453017e-01 4.120000000000000000e+02
7.281285435752943291e-01 3.860000000000000000e+02
7.781883761426434676e-01 4.100000000000000000e+02
8.282482087099924950e-01 4.190000000000000000e+02
8.783080412773415224e-01 4.310000000000000000e+02
9.283678738446906609e-01 3.910000000000000000e+02
9.784277064120396883e-01 3.750000000000000000e+02
1.028487538979388605e+00 3.710000000000000000e+02
1.078547371546737743e+00 3.480000000000000000e+02
1.128607204114086882e+00 2.980000000000000000e+02
1.178667036681436020e+00 3.040000000000000000e+02
1.228726869248784936e+00 2.920000000000000000e+02
1.278786701816134075e+00 2.380000000000000000e+02
1.328846534383483213e+00 2.320000000000000000e+02
1.378906366950832130e+00 2.280000000000000000e+02
1.428966199518181268e+00 1.800000000000000000e+02
1.479026032085530407e+00 1.520000000000000000e+02
1.529085864652879545e+00 1.390000000000000000e+02
1.579145697220228461e+00 1.570000000000000000e+02
1.629205529787577600e+00 1.350000000000000000e+02
1.679265362354926738e+00 1.300000000000000000e+02
1.729325194922275655e+00 9.900000000000000000e+01
1.779385027489624793e+00 7.900000000000000000e+01
1.829444860056973932e+00 7.100000000000000000e+01
1.879504692624323070e+00 6.600000000000000000e+01
1.929564525191671986e+00 5.000000000000000000e+01
1.979624357759021125e+00 3.400000000000000000e+01
2.029684190326370263e+00 4.600000000000000000e+01
2.079744022893719624e+00 3.000000000000000000e+01
2.129803855461068540e+00 1.500000000000000000e+01
2.179863688028417457e+00 1.600000000000000000e+01
2.229923520595766817e+00 8.000000000000000000e+00
2.279983353163115734e+00 7.000000000000000000e+00
2.330043185730465094e+00 7.000000000000000000e+00
2.380103018297814010e+00 6.000000000000000000e+00
2.430162850865162927e+00 1.000000000000000000e+00
2.480222683432512287e+00 3.000000000000000000e+00
