#     bins                         n
-3.448323295116424880e+00 2.000000000000000000e+00
-3.312873499393463206e+00 0.000000000000000000e+00
-3.177423703670501531e+00 2.000000000000000000e+00
-3.041973907947540745e+00 2.000000000000000000e+00
-2.906524112224579071e+00 1.000000000000000000e+01
-2.771074316501617396e+00 1.800000000000000000e+01
-2.635624520778656610e+00 1.700000000000000000e+01
-2.500174725055694935e+00 2.200000000000000000e+01
-2.364724929332733261e+00 3.600000000000000000e+01
-2.229275133609771586e+00 5.300000000000000000e+01
-2.093825337886810800e+00 8.100000000000000000e+01
-1.958375542163848904e+00 9.100000000000000000e+01
-1.822925746440887673e+00 1.110000000000000000e+02
-1.687475950717926221e+00 1.380000000000000000e+02
-1.552026154994964768e+00 1.700000000000000000e+02
-1.416576359272003094e+00 1.850000000000000000e+02
-1.281126563549041864e+00 2.190000000000000000e+02
-1.145676767826080633e+00 2.490000000000000000e+02
-1.010226972103118959e+00 2.760000000000000000e+02
-8.747771763801577283e-01 3.530000000000000000e+02
-7.393273806571960538e-01 3.910000000000000000e+02
-6.038775849342348234e-01 4.480000000000000000e+02
-4.684277892112731490e-01 4.980000000000000000e+02
-3.329779934883119186e-01 5.350000000000000000e+02
-1.975281977653506882e-01 5.450000000000000000e+02
-6.207840204238901372e-02 5.360000000000000000e+02
7.337139368057221667e-02 5.720000000000000000e+02
2.088211894035338911e-01 5.480000000000000000e+02
3.442709851264951215e-01 5.340000000000000000e+02
4.797207808494567960e-01 4.890000000000000000e+02
6.151705765724184705e-01 4.280000000000000000e+02
7.506203722953792568e-01 3.790000000000000000e+02
8.860701680183409312e-01 3.240000000000000000e+02
1.021519963741302606e+00 3.000000000000000000e+02
1.156969759464263392e+00 2.510000000000000000e+02
1.292419555187225066e+00 2.150000000000000000e+02
1.427869350910186741e+00 1.670000000000000000e+02
1.563319146633148415e+00 1.550000000000000000e+02
1.698768942356109202e+00 1.310000000000000000e+02
1.834218738079070876e+00 1.150000000000000000e+02
1.969668533802032551e+00 6.700000000000000000e+01
2.105118329524993115e+00 7.700000000000000000e+01
2.240568125247954789e+00 4.300000000000000000e+01
2.376017920970916464e+00 4.400000000000000000e+01
2.511467716693878138e+00 2.800000000000000000e+01
2.646917512416838925e+00 1.800000000000000000e+01
2.782367308139800599e+00 1.100000000000000000e+01
2.917817103862762274e+00 1.300000000000000000e+01
3.053266899585723060e+00 4.000000000000000000e+00
3.188716695308684734e+00 2.000000000000000000e+00
