#     bins                         n
-3.279861681461333944e+00 1.000000000000000000e+00
-3.146555640697479284e+00 2.000000000000000000e+00
-3.013249599933623735e+00 1.000000000000000000e+01
-2.879943559169769074e+00 8.000000000000000000e+00
-2.746637518405914413e+00 1.500000000000000000e+01
-2.613331477642058864e+00 1.600000000000000000e+01
-2.480025436878204204e+00 3.100000000000000000e+01
-2.346719396114349543e+00 3.800000000000000000e+01
-2.213413355350493994e+00 3.500000000000000000e+01
-2.080107314586639333e+00 7.000000000000000000e+01
-1.946801273822784006e+00 7.000000000000000000e+01
-1.813495233058929346e+00 1.130000000000000000e+02
-1.680189192295074241e+00 1.350000000000000000e+02
-1.546883151531219136e+00 1.550000000000000000e+02
-1.413577110767364253e+00 2.110000000000000000e+02
-1.280271070003509370e+00 2.300000000000000000e+02
-1.146965029239654266e+00 2.850000000000000000e+02
-1.013658988475799161e+00 3.180000000000000000e+02
-8.803529477119440561e-01 3.630000000000000000e+02
-7.470469069480893953e-01 3.960000000000000000e+02
-6.137408661842342905e-01 4.290000000000000000e+02
-4.804348254203791857e-01 4.800000000000000000e+02
-3.471287846565245250e-01 4.440000000000000000e+02
-2.138227438926694202e-01 4.880000000000000000e+02
-8.051670312881431535e-02 4.990000000000000000e+02
5.278933763504078946e-02 5.520000000000000000e+02
1.860953783988958943e-01 5.260000000000000000e+02
3.194014191627505550e-01 4.920000000000000000e+02
4.527074599266056598e-01 4.600000000000000000e+02
5.860135006904607646e-01 4.500000000000000000e+02
7.193195414543154254e-01 3.970000000000000000e+02
8.526255822181709743e-01 3.660000000000000000e+02
9.859316229820256350e-01 3.220000000000000000e+02
1.119237663745880296e+00 2.710000000000000000e+02
1.252543704509735845e+00 2.540000000000000000e+02
1.385849745273590505e+00 2.120000000000000000e+02
1.519155786037446054e+00 1.820000000000000000e+02
1.652461826801300715e+00 1.490000000000000000e+02
1.785767867565155376e+00 1.140000000000000000e+02
1.919073908329010925e+00 8.400000000000000000e+01
2.052379949092865807e+00 7.800000000000000000e+01
2.185685989856720468e+00 4.400000000000000000e+01
2.318992030620576017e+00 3.100000000000000000e+01
2.452298071384430678e+00 3.000000000000000000e+01
2.585604112148285338e+00 2.200000000000000000e+01
2.718910152912140887e+00 1.100000000000000000e+01
2.852216193675995548e+00 6.000000000000000000e+00
2.985522234439851097e+00 3.000000000000000000e+00
3.118828275203705758e+00 2.000000000000000000e+00
3.252134315967560418e+00 2.000000000000000000e+00
