#     bins                         n
-3.323248987197875870e+00 4.000000000000000000e+00
-3.187611951828002610e+00 0.000000000000000000e+00
-3.051974916458129794e+00 5.000000000000000000e+00
-2.916337881088256978e+00 5.000000000000000000e+00
-2.780700845718383718e+00 1.600000000000000000e+01
-2.645063810348510458e+00 2.100000000000000000e+01
-2.509426774978637642e+00 2.800000000000000000e+01
-2.373789739608764826e+00 4.700000000000000000e+01
-2.238152704238891566e+00 5.300000000000000000e+01
-2.102515668869018306e+00 6.400000000000000000e+01
-1.966878633499145490e+00 8.300000000000000000e+01
-1.831241598129272452e+00 8.800000000000000000e+01
-1.695604562759399414e+00 1.060000000000000000e+02
-1.559967527389526376e+00 1.410000000000000000e+02
-1.424330492019653338e+00 1.960000000000000000e+02
-1.288693456649780522e+00 2.250000000000000000e+02
-1.153056421279907262e+00 2.550000000000000000e+02
-1.017419385910034002e+00 3.370000000000000000e+02
-8.817823505401611861e-01 3.480000000000000000e+02
-7.461453151702883702e-01 4.050000000000000000e+02
-6.105082798004151101e-01 4.660000000000000000e+02
-4.748712444305418501e-01 4.310000000000000000e+02
-3.392342090606690341e-01 5.300000000000000000e+02
-2.035971736907962182e-01 5.490000000000000000e+02
-6.796013832092295814e-02 5.580000000000000000e+02
6.767689704895030189e-02 5.680000000000000000e+02
2.033139324188231178e-01 5.070000000000000000e+02
3.389509677886959338e-01 5.120000000000000000e+02
4.745880031585691938e-01 4.920000000000000000e+02
6.102250385284424539e-01 4.270000000000000000e+02
7.458620738983148257e-01 3.910000000000000000e+02
8.814991092681880858e-01 3.650000000000000000e+02
1.017136144638061346e+00 3.320000000000000000e+02
1.152773180007934606e+00 2.610000000000000000e+02
1.288410215377807866e+00 2.340000000000000000e+02
1.424047250747680238e+00 1.690000000000000000e+02
1.559684286117553498e+00 1.440000000000000000e+02
1.695321321487426758e+00 1.120000000000000000e+02
1.830958356857299130e+00 8.800000000000000000e+01
1.966595392227172390e+00 8.000000000000000000e+01
2.102232427597045650e+00 8.300000000000000000e+01
2.237869462966918910e+00 4.800000000000000000e+01
2.373506498336792170e+00 5.300000000000000000e+01
2.509143533706664542e+00 3.100000000000000000e+01
2.644780569076537802e+00 8.000000000000000000e+00
2.780417604446411062e+00 2.100000000000000000e+01
2.916054639816283434e+00 6.000000000000000000e+00
3.051691675186156694e+00 9.000000000000000000e+00
3.187328710556029954e+00 2.000000000000000000e+00
3.322965745925903214e+00 2.000000000000000000e+00
