-1.369349939835164287e+00 -4.608729860576743498e-02 3.339327713227331351e-01 -3.297562524340774126e-01
-1.283656674440551537e+00 3.259894711107721443e-01 1.745087659156981386e-01 1.103321658773993130e+00
-1.197963409045939009e+00 2.183424442354577888e-01 -1.217477811258846215e-01 6.137516147647773673e-02
-1.112270143651326482e+00 1.254091938671607620e-01 -2.274478207506011318e-01 -5.280291379258140738e-01
-1.026576878256713732e+00 3.174927284513628933e-02 -2.404862510924752339e-01 -3.323207282231509518e-01
-9.408836128621012040e-01 4.330458237596601645e-02 -2.414883061994169688e-01 -1.212105464264897070e-01
-8.551903474674885652e-01 -2.006864409995889886e-02 -3.706610871201499458e-01 -5.868869933356855167e-02
-7.694970820728758154e-01 -7.557100571695007929e-03 -5.837363667694661640e-01 1.290257195084292818e-01
-6.838038166782632876e-01 1.764542676340297156e-02 -8.229165033847385402e-01 -1.271918531376245963e-02
-5.981105512836506488e-01 -1.600567742034608720e-02 -1.012386279683336276e+00 -3.709896600865577460e-02
-5.124172858890378990e-01 -2.910173350692546457e-02 -1.090566817750729056e+00 3.463616905355812459e-02
-4.267240204944253157e-01 1.149430299004094991e-02 -1.341314031627006020e+00 4.638376268980694273e-02
-3.410307550998127324e-01 1.034868830244339843e-02 -1.570989662471900861e+00 -4.021547872089721587e-02
-2.553374897052000936e-01 1.335877228529069871e-02 -1.813412178500912519e+00 -5.261985571843224435e-02
-1.696442243105874548e-01 4.752569847127019464e-03 -2.121128806905347552e+00 -1.315161830205802129e-01
-8.395095891597487148e-02 6.521141608829661429e-03 -2.356397789018363831e+00 -2.357324685865996305e-01
1.742306478637697725e-03 1.893203922621156110e-03 -2.504199984216753716e+00 -3.120283486512912541e-01
8.743557187325035063e-02 -1.865123219284559042e-03 -2.693360623231726425e+00 -3.564317551515457372e-01
1.731288372678630172e-01 1.686366395642124871e-02 -2.809521367782125800e+00 -4.287846299544841311e-01
2.588221026624756282e-01 2.671937737330010165e-02 -2.913951156017543731e+00 -5.498628297081407101e-01
3.445153680570883226e-01 2.110214224549578077e-02 -3.081587859212008063e+00 -5.876945798468903304e-01
4.302086334517009059e-01 4.331822416836772494e-02 -3.195832451910407102e+00 -5.906797525059753751e-01
5.159018988463134336e-01 6.802489553708135350e-02 -3.146516913951358685e+00 -6.101483247819547984e-01
6.015951642409259614e-01 9.658170583286740385e-02 -3.338773439199192339e+00 -4.909556843931058845e-01
6.872884296355387113e-01 1.492425656104109377e-01 -3.211934590205644202e+00 -6.889880863995161420e-01
7.729816950301514611e-01 2.162046871305326468e-01 -3.388294785594432756e+00 -6.693052190475544672e-01
8.586749604247639889e-01 2.923030749478852108e-01 -3.862111475273242611e+00 -2.060632063274379921e-01
9.443682258193765167e-01 3.462545111147626864e-01 -3.270235188204431154e+00 -4.603404815466402011e-01
1.030061491213989378e+00 4.197682250542327242e-01 -2.985843056211757496e+00 -9.908883787625413220e-01
1.115754756608602127e+00 4.369628488607648631e-01 -3.334047383106606421e+00 -9.311366957861137994e-01
1.201448022003214433e+00 4.357242754534346174e-01 -3.141694534262351901e+00 -1.214593917838308501e+00
1.287141287397826961e+00 4.358085896148354843e-01 -4.115505922396173411e+00 -1.080552749325333073e+00
1.372834552792439711e+00 4.262946881833598045e-01 -4.771839252830072375e+00 -6.137208762752148772e-01
1.458527818187052461e+00 3.869240924034963447e-01 -3.468615793742519493e+00 -1.678899044597706336e+00
1.544221083581664988e+00 3.560192220318981748e-01 -3.165567279020263136e+00 -3.377102701421828890e+00
1.629914348976277516e+00 1.163508754626860764e-01 -3.256706446059035365e+00 -2.310686695683899394e+00
1.715607614370890266e+00 4.338336571524211704e-01 -2.797493699209535833e+00 2.890546762857684637e+00
1.801300879765503016e+00 8.959674003015827282e-01 -2.643812548477677105e+00 5.423613696953077046e+00
1.886994145160115544e+00 9.751336261248073622e-01 -3.007581049163875697e+00 4.070714355042388100e+00
1.972687410554728293e+00 9.927256875569169248e-01 -3.558573550019013876e+00 3.245749943147643091e+00
2.058380675949340599e+00 9.975604706076152128e-01 -4.116478044211685727e+00 2.788487300169426142e+00
2.144073941343953127e+00 9.990951878813951748e-01 -4.921395606777498877e+00 2.489523828155120633e+00
2.229767206738566099e+00 9.996053852610935486e-01 -6.233916753578669478e+00 2.283678906545480558e+00
2.315460472133178627e+00 9.997866227380841631e-01 -8.344964741032619315e+00 2.100905851502834043e+00
2.401153737527791154e+00 9.998665349114591594e-01 -1.260234216041778232e+01 1.849829346083064374e+00
