#     bins                         n
-3.996415836811065603e+00 1.000000000000000000e+00
-3.859940717220306183e+00 2.000000000000000000e+00
-3.723465597629547208e+00 3.000000000000000000e+00
-3.586990478038787789e+00 1.300000000000000000e+01
-3.450515358448028369e+00 1.400000000000000000e+01
-3.314040238857269394e+00 2.500000000000000000e+01
-3.177565119266509974e+00 2.800000000000000000e+01
-3.041089999675750555e+00 4.500000000000000000e+01
-2.904614880084991135e+00 4.000000000000000000e+01
-2.768139760494232160e+00 4.700000000000000000e+01
-2.631664640903472741e+00 6.800000000000000000e+01
-2.495189521312713765e+00 6.400000000000000000e+01
-2.358714401721954346e+00 8.900000000000000000e+01
-2.222239282131194926e+00 1.120000000000000000e+02
-2.085764162540435507e+00 1.200000000000000000e+02
-1.949289042949676531e+00 1.110000000000000000e+02
-1.812813923358917112e+00 1.240000000000000000e+02
-1.676338803768157693e+00 1.190000000000000000e+02
-1.539863684177398717e+00 1.410000000000000000e+02
-1.403388564586639298e+00 1.710000000000000000e+02
-1.266913444995879878e+00 1.780000000000000000e+02
-1.130438325405120903e+00 2.040000000000000000e+02
-9.939632058143614834e-01 2.310000000000000000e+02
-8.574880862236020640e-01 2.730000000000000000e+02
-7.210129666328430886e-01 2.710000000000000000e+02
-5.845378470420836692e-01 3.940000000000000000e+02
-4.480627274513242497e-01 5.070000000000000000e+02
-3.115876078605648303e-01 6.120000000000000000e+02
-1.751124882698058549e-01 7.070000000000000000e+02
-3.863736867904643546e-02 8.260000000000000000e+02
9.783775091171253990e-02 8.190000000000000000e+02
2.343128705024719594e-01 7.850000000000000000e+02
3.707879900932313788e-01 6.170000000000000000e+02
5.072631096839907983e-01 4.560000000000000000e+02
6.437382292747502177e-01 3.900000000000000000e+02
7.802133488655096372e-01 3.070000000000000000e+02
9.166884684562681684e-01 2.380000000000000000e+02
1.053163588047027588e+00 2.120000000000000000e+02
1.189638707637787007e+00 1.580000000000000000e+02
1.326113827228546427e+00 1.420000000000000000e+02
1.462588946819305846e+00 9.500000000000000000e+01
1.599064066410065266e+00 5.200000000000000000e+01
1.735539186000823797e+00 4.200000000000000000e+01
1.872014305591583216e+00 2.800000000000000000e+01
2.008489425182342636e+00 1.600000000000000000e+01
2.144964544773102055e+00 4.000000000000000000e+00
2.281439664363861475e+00 3.000000000000000000e+00
2.417914783954620894e+00 4.000000000000000000e+00
2.554389903545379426e+00 2.000000000000000000e+00
2.690865023136138845e+00 3.000000000000000000e+00
