#     bins                         n
-3.175877494812011648e+00 2.000000000000000000e+00
-3.046761283874511506e+00 5.000000000000000000e+00
-2.917645072937011808e+00 1.100000000000000000e+01
-2.788528861999511665e+00 1.000000000000000000e+01
-2.659412651062011523e+00 1.500000000000000000e+01
-2.530296440124511825e+00 1.800000000000000000e+01
-2.401180229187011683e+00 3.800000000000000000e+01
-2.272064018249511541e+00 4.400000000000000000e+01
-2.142947807312011399e+00 5.600000000000000000e+01
-2.013831596374511701e+00 8.300000000000000000e+01
-1.884715385437011559e+00 1.000000000000000000e+02
-1.755599174499511639e+00 1.140000000000000000e+02
-1.626482963562011719e+00 1.510000000000000000e+02
-1.497366752624511577e+00 1.630000000000000000e+02
-1.368250541687011657e+00 2.040000000000000000e+02
-1.239134330749511514e+00 2.310000000000000000e+02
-1.110018119812011594e+00 2.700000000000000000e+02
-9.809019088745114523e-01 3.220000000000000000e+02
-8.517856979370117543e-01 3.440000000000000000e+02
-7.226694869995116122e-01 3.620000000000000000e+02
-5.935532760620114701e-01 4.140000000000000000e+02
-4.644370651245117720e-01 4.530000000000000000e+02
-3.353208541870116299e-01 4.750000000000000000e+02
-2.062046432495114878e-01 4.530000000000000000e+02
-7.708843231201178980e-02 5.170000000000000000e+02
5.202777862548835230e-02 5.170000000000000000e+02
1.811439895629884944e-01 4.910000000000000000e+02
3.102602005004886365e-01 4.720000000000000000e+02
4.393764114379883345e-01 4.760000000000000000e+02
5.684926223754884766e-01 4.360000000000000000e+02
6.976088333129886188e-01 4.250000000000000000e+02
8.267250442504883168e-01 3.480000000000000000e+02
9.558412551879884589e-01 3.400000000000000000e+02
1.084957466125488601e+00 2.730000000000000000e+02
1.214073677062988743e+00 2.450000000000000000e+02
1.343189888000488885e+00 2.300000000000000000e+02
1.472306098937988139e+00 1.700000000000000000e+02
1.601422309875488281e+00 1.450000000000000000e+02
1.730538520812988423e+00 1.190000000000000000e+02
1.859654731750488565e+00 8.300000000000000000e+01
1.988770942687988708e+00 7.800000000000000000e+01
2.117887153625488850e+00 6.000000000000000000e+01
2.247003364562988104e+00 4.100000000000000000e+01
2.376119575500488246e+00 3.000000000000000000e+01
2.505235786437988388e+00 2.000000000000000000e+01
2.634351997375488530e+00 1.800000000000000000e+01
2.763468208312988672e+00 9.000000000000000000e+00
2.892584419250488814e+00 7.000000000000000000e+00
3.021700630187988068e+00 2.000000000000000000e+00
3.150816841125488210e+00 2.000000000000000000e+00
