#     bins                         n
-3.273539464473724347e+00 1.000000000000000000e+00
-3.137917282581329292e+00 2.000000000000000000e+00
-3.002295100688934237e+00 3.000000000000000000e+00
-2.866672918796539182e+00 5.000000000000000000e+00
-2.731050736904144127e+00 1.000000000000000000e+01
-2.595428555011749072e+00 2.700000000000000000e+01
-2.459806373119354017e+00 2.400000000000000000e+01
-2.324184191226958962e+00 4.900000000000000000e+01
-2.188562009334563907e+00 6.100000000000000000e+01
-2.052939827442168852e+00 7.800000000000000000e+01
-1.917317645549774019e+00 9.900000000000000000e+01
-1.781695463657378964e+00 1.110000000000000000e+02
-1.646073281764984131e+00 1.660000000000000000e+02
-1.510451099872589076e+00 1.910000000000000000e+02
-1.374828917980194021e+00 1.790000000000000000e+02
-1.239206736087798966e+00 2.740000000000000000e+02
-1.103584554195403911e+00 3.090000000000000000e+02
-9.679623723030088556e-01 3.450000000000000000e+02
-8.323401904106138005e-01 4.060000000000000000e+02
-6.967180085182187455e-01 4.310000000000000000e+02
-5.610958266258236904e-01 4.240000000000000000e+02
-4.254736447334286353e-01 4.560000000000000000e+02
-2.898514628410335803e-01 4.990000000000000000e+02
-1.542292809486385252e-01 4.590000000000000000e+02
-1.860709905624391425e-02 5.160000000000000000e+02
1.170150828361511408e-01 5.360000000000000000e+02
2.526372647285461959e-01 5.350000000000000000e+02
3.882594466209412509e-01 4.980000000000000000e+02
5.238816285133363060e-01 5.000000000000000000e+02
6.595038104057313610e-01 4.010000000000000000e+02
7.951259922981264161e-01 4.450000000000000000e+02
9.307481741905214712e-01 3.190000000000000000e+02
1.066370356082916526e+00 2.890000000000000000e+02
1.201992537975311581e+00 2.310000000000000000e+02
1.337614719867706636e+00 2.260000000000000000e+02
1.473236901760101691e+00 1.750000000000000000e+02
1.608859083652496746e+00 1.620000000000000000e+02
1.744481265544891802e+00 1.110000000000000000e+02
1.880103447437286857e+00 9.500000000000000000e+01
2.015725629329681912e+00 7.300000000000000000e+01
2.151347811222076967e+00 6.100000000000000000e+01
2.286969993114472022e+00 3.700000000000000000e+01
2.422592175006867077e+00 2.600000000000000000e+01
2.558214356899262132e+00 2.200000000000000000e+01
2.693836538791657187e+00 1.000000000000000000e+01
2.829458720684052242e+00 4.000000000000000000e+00
2.965080902576447297e+00 7.000000000000000000e+00
3.100703084468842352e+00 1.000000000000000000e+00
3.236325266361236519e+00 1.000000000000000000e+00
3.371947448253631574e+00 2.000000000000000000e+00
