#     bins                         n
2.811069488059729504e-02 3.400000000000000000e+01
7.575933764223009848e-02 6.300000000000000000e+01
1.234079804038629019e-01 1.220000000000000000e+02
1.710566231654956915e-01 1.570000000000000000e+02
2.187052659271285227e-01 1.950000000000000000e+02
2.663539086887612983e-01 2.190000000000000000e+02
3.140025514503941295e-01 2.470000000000000000e+02
3.616511942120269052e-01 2.750000000000000000e+02
4.092998369736597364e-01 3.160000000000000000e+02
4.569484797352925676e-01 3.660000000000000000e+02
5.045971224969253432e-01 3.430000000000000000e+02
5.522457652585580634e-01 3.700000000000000000e+02
5.998944080201908946e-01 3.550000000000000000e+02
6.475430507818237258e-01 3.730000000000000000e+02
6.951916935434564460e-01 3.840000000000000000e+02
7.428403363050892771e-01 3.880000000000000000e+02
7.904889790667221083e-01 4.020000000000000000e+02
8.381376218283549395e-01 4.000000000000000000e+02
8.857862645899877707e-01 3.490000000000000000e+02
9.334349073516204909e-01 3.340000000000000000e+02
9.810835501132533221e-01 3.570000000000000000e+02
1.028732192874886264e+00 3.360000000000000000e+02
1.076380835636518984e+00 3.030000000000000000e+02
1.124029478398151927e+00 3.200000000000000000e+02
1.171678121159784647e+00 3.140000000000000000e+02
1.219326763921417367e+00 2.620000000000000000e+02
1.266975406683050309e+00 2.790000000000000000e+02
1.314624049444683029e+00 2.420000000000000000e+02
1.362272692206315750e+00 2.390000000000000000e+02
1.409921334967948692e+00 2.320000000000000000e+02
1.457569977729581412e+00 1.950000000000000000e+02
1.505218620491214354e+00 1.660000000000000000e+02
1.552867263252847074e+00 1.490000000000000000e+02
1.600515906014479794e+00 1.410000000000000000e+02
1.648164548776112737e+00 1.390000000000000000e+02
1.695813191537745457e+00 9.600000000000000000e+01
1.743461834299378399e+00 9.200000000000000000e+01
1.791110477061011119e+00 7.300000000000000000e+01
1.838759119822643839e+00 7.000000000000000000e+01
1.886407762584276782e+00 5.100000000000000000e+01
1.934056405345909502e+00 4.300000000000000000e+01
1.981705048107542222e+00 3.000000000000000000e+01
2.029353690869175164e+00 2.000000000000000000e+01
2.077002333630808106e+00 2.400000000000000000e+01
2.124650976392440604e+00 1.000000000000000000e+01
2.172299619154073547e+00 1.400000000000000000e+01
2.219948261915706489e+00 8.000000000000000000e+00
2.267596904677338987e+00 3.000000000000000000e+00
2.315245547438971929e+00 4.000000000000000000e+00
2.362894190200604871e+00 2.000000000000000000e+00
