#     bins                         n
-3.096829361915588663e+00 1.000000000000000000e+00
-2.968212924003601039e+00 4.000000000000000000e+00
-2.839596486091614302e+00 7.000000000000000000e+00
-2.710980048179626678e+00 7.000000000000000000e+00
-2.582363610267639054e+00 1.300000000000000000e+01
-2.453747172355652317e+00 1.700000000000000000e+01
-2.325130734443664693e+00 4.700000000000000000e+01
-2.196514296531677068e+00 5.900000000000000000e+01
-2.067897858619690332e+00 5.400000000000000000e+01
-1.939281420707702930e+00 1.010000000000000000e+02
-1.810664982795715527e+00 9.200000000000000000e+01
-1.682048544883728125e+00 1.210000000000000000e+02
-1.553432106971740945e+00 1.430000000000000000e+02
-1.424815669059753764e+00 1.880000000000000000e+02
-1.296199231147766362e+00 2.280000000000000000e+02
-1.167582793235778960e+00 2.700000000000000000e+02
-1.038966355323791779e+00 3.070000000000000000e+02
-9.103499174118045989e-01 3.490000000000000000e+02
-7.817334794998174186e-01 3.600000000000000000e+02
-6.531170415878297941e-01 3.990000000000000000e+02
-5.245006036758426138e-01 4.110000000000000000e+02
-3.958841657638554334e-01 4.490000000000000000e+02
-2.672677278518678090e-01 4.480000000000000000e+02
-1.386512899398806287e-01 5.000000000000000000e+02
-1.003485202789344832e-02 4.990000000000000000e+02
1.185815858840937320e-01 5.040000000000000000e+02
2.471980237960809124e-01 4.680000000000000000e+02
3.758144617080685368e-01 4.410000000000000000e+02
5.044308996200557171e-01 4.690000000000000000e+02
6.330473375320428975e-01 3.980000000000000000e+02
7.616637754440305219e-01 3.700000000000000000e+02
8.902802133560177023e-01 3.490000000000000000e+02
1.018896651268004883e+00 3.450000000000000000e+02
1.147513089179992507e+00 2.760000000000000000e+02
1.276129527091979243e+00 2.650000000000000000e+02
1.404745965003966868e+00 1.930000000000000000e+02
1.533362402915953604e+00 1.660000000000000000e+02
1.661978840827941228e+00 1.180000000000000000e+02
1.790595278739928853e+00 1.100000000000000000e+02
1.919211716651915589e+00 9.200000000000000000e+01
2.047828154563902991e+00 7.900000000000000000e+01
2.176444592475890616e+00 5.100000000000000000e+01
2.305061030387877352e+00 4.500000000000000000e+01
2.433677468299864977e+00 2.700000000000000000e+01
2.562293906211852601e+00 1.500000000000000000e+01
2.690910344123839337e+00 1.200000000000000000e+01
2.819526782035826962e+00 1.000000000000000000e+01
2.948143219947813698e+00 5.000000000000000000e+00
3.076759657859801322e+00 2.000000000000000000e+00
3.205376095771788947e+00 2.000000000000000000e+00
