#     bins                         n
-2.971729493141174405e+00 4.000000000000000000e+00
-2.846169638633728294e+00 4.000000000000000000e+00
-2.720609784126281738e+00 1.100000000000000000e+01
-2.595049929618835627e+00 1.300000000000000000e+01
-2.469490075111389071e+00 3.100000000000000000e+01
-2.343930220603942960e+00 3.900000000000000000e+01
-2.218370366096496848e+00 5.200000000000000000e+01
-2.092810511589050737e+00 8.200000000000000000e+01
-1.967250657081604182e+00 8.500000000000000000e+01
-1.841690802574157848e+00 1.150000000000000000e+02
-1.716130948066711515e+00 1.180000000000000000e+02
-1.590571093559265403e+00 1.180000000000000000e+02
-1.465011239051819070e+00 1.770000000000000000e+02
-1.339451384544372736e+00 1.830000000000000000e+02
-1.213891530036926625e+00 2.280000000000000000e+02
-1.088331675529480291e+00 2.220000000000000000e+02
-9.627718210220339579e-01 2.840000000000000000e+02
-8.372119665145878464e-01 3.310000000000000000e+02
-7.116521120071412909e-01 3.000000000000000000e+02
-5.860922574996951795e-01 3.630000000000000000e+02
-4.605324029922486240e-01 4.470000000000000000e+02
-3.349725484848025125e-01 4.980000000000000000e+02
-2.094126939773564011e-01 5.460000000000000000e+02
-8.385283946990984560e-02 5.810000000000000000e+02
4.170701503753626582e-02 6.250000000000000000e+02
1.672668695449823772e-01 5.490000000000000000e+02
2.928267240524289328e-01 5.180000000000000000e+02
4.183865785598750442e-01 4.530000000000000000e+02
5.439464330673211556e-01 3.710000000000000000e+02
6.695062875747677111e-01 3.850000000000000000e+02
7.950661420822138226e-01 3.240000000000000000e+02
9.206259965896603781e-01 2.760000000000000000e+02
1.046185851097106490e+00 2.650000000000000000e+02
1.171745705604552601e+00 2.210000000000000000e+02
1.297305560111998712e+00 1.610000000000000000e+02
1.422865414619445712e+00 1.500000000000000000e+02
1.548425269126891823e+00 1.410000000000000000e+02
1.673985123634337935e+00 1.230000000000000000e+02
1.799544978141784046e+00 1.190000000000000000e+02
1.925104832649230158e+00 7.500000000000000000e+01
2.050664687156677157e+00 7.400000000000000000e+01
2.176224541664123269e+00 6.500000000000000000e+01
2.301784396171569380e+00 4.800000000000000000e+01
2.427344250679015492e+00 3.700000000000000000e+01
2.552904105186461603e+00 3.600000000000000000e+01
2.678463959693907714e+00 2.500000000000000000e+01
2.804023814201354714e+00 1.300000000000000000e+01
2.929583668708800825e+00 1.200000000000000000e+01
3.055143523216246937e+00 3.000000000000000000e+00
3.180703377723693048e+00 1.000000000000000000e+00
