#     bins                         n
-3.171321003437042485e+00 3.000000000000000000e+00
-3.033374574184417583e+00 4.000000000000000000e+00
-2.895428144931793568e+00 8.000000000000000000e+00
-2.757481715679168666e+00 6.000000000000000000e+00
-2.619535286426544651e+00 1.600000000000000000e+01
-2.481588857173919749e+00 2.800000000000000000e+01
-2.343642427921294846e+00 3.900000000000000000e+01
-2.205695998668670832e+00 4.900000000000000000e+01
-2.067749569416045929e+00 8.200000000000000000e+01
-1.929803140163421693e+00 1.150000000000000000e+02
-1.791856710910797235e+00 9.000000000000000000e+01
-1.653910281658172554e+00 1.260000000000000000e+02
-1.515963852405548096e+00 1.690000000000000000e+02
-1.378017423152923637e+00 2.140000000000000000e+02
-1.240070993900298957e+00 2.350000000000000000e+02
-1.102124564647674498e+00 2.810000000000000000e+02
-9.641781353950500399e-01 3.260000000000000000e+02
-8.262317061424255815e-01 3.600000000000000000e+02
-6.882852768898011231e-01 4.290000000000000000e+02
-5.503388476371766647e-01 4.810000000000000000e+02
-4.123924183845522062e-01 5.220000000000000000e+02
-2.744459891319273037e-01 5.140000000000000000e+02
-1.364995598793028453e-01 5.230000000000000000e+02
1.446869373321613139e-03 5.720000000000000000e+02
1.393932986259460716e-01 5.460000000000000000e+02
2.773397278785705300e-01 5.130000000000000000e+02
4.152861571311949884e-01 4.920000000000000000e+02
5.532325863838194469e-01 4.430000000000000000e+02
6.911790156364443494e-01 4.700000000000000000e+02
8.291254448890683637e-01 3.700000000000000000e+02
9.670718741416932662e-01 3.500000000000000000e+02
1.105018303394317281e+00 2.610000000000000000e+02
1.242964732646942183e+00 2.710000000000000000e+02
1.380911161899567086e+00 2.130000000000000000e+02
1.518857591152191100e+00 1.470000000000000000e+02
1.656804020404816002e+00 1.410000000000000000e+02
1.794750449657440017e+00 1.180000000000000000e+02
1.932696878910064919e+00 9.800000000000000000e+01
2.070643308162688712e+00 7.600000000000000000e+01
2.208589737415313614e+00 5.800000000000000000e+01
2.346536166667937628e+00 5.000000000000000000e+01
2.484482595920562531e+00 2.800000000000000000e+01
2.622429025173187433e+00 1.900000000000000000e+01
2.760375454425811448e+00 1.400000000000000000e+01
2.898321883678436350e+00 5.000000000000000000e+00
3.036268312931060365e+00 3.000000000000000000e+00
3.174214742183685267e+00 3.000000000000000000e+00
3.312161171436309282e+00 4.000000000000000000e+00
3.450107600688934184e+00 0.000000000000000000e+00
3.588054029941559087e+00 1.000000000000000000e+00
